1745702595719 0.5249307479223649 0
1745702661163 0.6804123711339621 1
1745702727325 0.7459086993970072 2
1745702792898 0.7414075286415105 3
1745702860258 0.8045574057843291 4
1745702925959 0.769039735099274 5
1745702990998 0.7514124293784704 6
1745703055961 0.7764026402639623 7
1745703120857 0.747832939322242 8
1745703185968 0.7574777687954116 9
1745703250923 0.7851790174853635 10
1745703316915 0.7666666666666043 11
1745703382090 0.7877237851661733 12
1745703447444 0.792485055508045 13
1745703512900 0.7786885245901001 14
1745703577911 0.7742998352552903 15
1745703642871 0.7667473769168065 16
1745703707916 0.7815126050419511 17
1745703772982 0.7912087912087243 18
1745703838470 0.7679290894439349 19
1745703903311 0.7838063439064454 20
1745703968203 0.7721623860811291 21
1745704033135 0.7712895377128328 22
1745704098007 0.7826086956521084 23
1745704163216 0.7803855825648969 24
1745704229283 0.7732893652101588 25
1745704294200 0.7763048881523797 26
1745704359185 0.7713338856668789 27
1745704424190 0.7724649629018324 28
1745704489489 0.7787021630614992 29
