1745702595719 0.33930170098475027 0
1745702661163 0.7090420769918792 1
1745702727325 0.7752909579229387 2
1745702792898 0.8111011638316193 3
1745702860258 0.8218442256042237 4
1745702925959 0.8316920322291108 5
1745702990998 0.8334825425245449 6
1745703055961 0.842435094001715 7
1745703120857 0.8495971351834513 8
1745703185968 0.838854073410847 9
1745703250923 0.8442256042971491 10
1745703316915 0.8442256042971491 11
1745703382090 0.8272157564905257 12
1745703447444 0.8307967770813938 13
1745703512900 0.8504923903311682 14
1745703577911 0.8415398388539981 15
1745703642871 0.8504923903311682 16
1745703707916 0.8325872873768279 17
1745703772982 0.83795881826313 18
1745703838470 0.8531781557743193 19
1745703903311 0.840644583706281 20
1745703968203 0.8343777976722618 21
1745704033135 0.8513876454788852 22
1745704098007 0.83795881826313 23
1745704163216 0.8334825425245449 24
1745704229283 0.839749328558564 25
1745704294200 0.838854073410847 26
1745704359185 0.8334825425245449 27
1745704424190 0.838854073410847 28
1745704489489 0.83795881826313 29
