1746616709728 0.0 0
1746616794489 0.0 1
1746616881695 0.12090042900600029 2
1746616970053 0.16047281080186987 3
1746617096977 0.6262396006506408 4
1746617198268 0.6489489465566276 5
1746617304891 0.7158316134825186 6
1746617430915 0.7107546179628529 7
1746617556232 0.7180712509472387 8
1746617682214 0.658959552817985 9
1746617779702 0.6791979602990684 10
1746617894765 0.699946925261998 11
1746618022593 0.678804234097914 12
1746618149540 0.7224991676237298 13
1746618275973 0.7027724981848913 14
1746618396051 0.7318420815909101 15
1746618521259 0.7068235975435239 16
1746618647710 0.7135886213460303 17
1746618769630 0.7118732697607426 18
1746618894993 0.7335908322016844 19
1746619014164 0.7299381028095602 20
1746619129365 0.7236679495602747 21
1746619254971 0.7284710105585295 22
1746619380606 0.7347240199909368 23
1746619504991 0.7258644053800298 24
1746619626740 0.7296712565322632 25
1746619744270 0.7255451290483037 26
1746619862245 0.7266294198051362 27
1746619978250 0.7247775800536707 28
1746620096477 0.726391534776596 29
