1746616709728 0.0 0
1746616794489 0.0 1
1746616881695 0.11786236899438261 2
1746616970053 0.15463230916820925 3
1746617096977 0.5684572076547839 4
1746617198268 0.6326260197128557 5
1746617304891 0.7144562385492368 6
1746617430915 0.6755835204534613 7
1746617556232 0.6939643125543481 8
1746617682214 0.6173640167398831 9
1746617779702 0.6754925353111823 10
1746617894765 0.6954204201578711 11
1746618022593 0.6425710453244158 12
1746618149540 0.7074596058652014 13
1746618275973 0.684090724498917 14
1746618396051 0.7332840020076186 15
1746618521259 0.6921104362335211 16
1746618647710 0.6958107321174103 17
1746618769630 0.6852345043427879 18
1746618894993 0.7276745915861136 19
1746619014164 0.7236730196263339 20
1746619129365 0.7118515960871115 21
1746619254971 0.7297511758059027 22
1746619380606 0.7323785055574054 23
1746619504991 0.7199887037365692 24
1746619626740 0.7178280840212456 25
1746619744270 0.7193772076872066 26
1746619862245 0.7192544299313224 27
1746619978250 0.7108220802320073 28
1746620096477 0.7258268710576181 29
