1746616709728 0.0 0
1746616794489 0.0 1
1746616881695 0.4432515337422633 2
1746616970053 0.3985801217038135 3
1746617096977 0.7070938215102435 4
1746617198268 0.7541254125411919 5
1746617304891 0.7805294619982254 6
1746617430915 0.7576736672051084 7
1746617556232 0.7566052842273213 8
1746617682214 0.7407407407406811 9
1746617779702 0.7557565789473062 10
1746617894765 0.7649501661128932 11
1746618022593 0.7342657342656772 12
1746618149540 0.7686688311687687 13
1746618275973 0.7542441390460182 14
1746618396051 0.7878028404343536 15
1746618521259 0.7643207855973188 16
1746618647710 0.7673469387754476 17
1746618769630 0.7659053833604595 18
1746618894993 0.7737704918032152 19
1746619014164 0.7803855825648969 20
1746619129365 0.7737704918032152 21
1746619254971 0.7686017988552111 22
1746619380606 0.7855946398659308 23
1746619504991 0.778517901748478 24
1746619626740 0.7765869744434644 25
1746619744270 0.7734761120262954 26
1746619862245 0.7726523887973004 27
1746619978250 0.7743801652891922 28
1746620096477 0.7781484570474747 29
