1746616709728 0.0 0
1746616794489 0.0 1
1746616881695 0.25872873769021854 2
1746616970053 0.35183527305278856 3
1746617096977 0.8299015219336768 4
1746617198268 0.8182632050133556 5
1746617304891 0.8182632050133556 6
1746617430915 0.839749328558564 7
1746617556232 0.8460161145925831 8
1746617682214 0.8236347358996576 9
1746617779702 0.8227394807519406 10
1746617894765 0.8245299910473747 11
1746618022593 0.8460161145925831 12
1746618149540 0.8478066248880172 13
1746618275973 0.8352730528199789 14
1746618396051 0.8442256042971491 15
1746618521259 0.8361683079676959 16
1746618647710 0.8415398388539981 17
1746618769630 0.840644583706281 18
1746618894993 0.8451208594448661 19
1746619014164 0.8334825425245449 20
1746619129365 0.8451208594448661 21
1746619254971 0.8415398388539981 22
1746619380606 0.839749328558564 23
1746619504991 0.837063563115413 24
1746619626740 0.8433303491494321 25
1746619744270 0.840644583706281 26
1746619862245 0.839749328558564 27
1746619978250 0.838854073410847 28
1746620096477 0.8352730528199789 29
