1745581947327 0.12760395301197228 0
1745582604130 0.4628691079394858 1
1745583149297 0.6067562444217781 2
1745583697297 0.6378365664677796 3
1745584336990 0.6780583198707119 4
1745584936692 0.7041317769840791 5
1745585504584 0.7244100412663688 6
1745586028720 0.707639505870577 7
1745586548558 0.6928876206143848 8
1745587073537 0.6913252956633583 9
1745587606895 0.6810157897576782 10
1745588140596 0.7280770127658476 11
1745588674396 0.7112703826218134 12
1745589201075 0.6983140979980408 13
1745589714083 0.6933642997213743 14
1745590224003 0.7275481780657675 15
1745590680447 0.714995423447757 16
1745591189078 0.7088777119411271 17
1745591690120 0.7220476386675602 18
1745592203004 0.7114154394044248 19
1745592721564 0.708889082991065 20
1745593249879 0.7064418421340835 21
1745593776131 0.7136561406247323 22
1745594302173 0.6997103015214634 23
1745594827723 0.7177817697609158 24
1745595358660 0.7093169232282529 25
1745595896019 0.7082516837435288 26
1745596350070 0.705466874508337 27
1745596420050 0.7051371378839486 28
1745596876872 0.7087450148658913 29
