1745581947327 0.510148849796954 0
1745582604130 0.6733333333332772 1
1745583149297 0.7495769881556049 2
1745583697297 0.7331215250197988 3
1745584336990 0.7662997459779198 4
1745584936692 0.775063184498671 5
1745585504584 0.7848837209301673 6
1745586028720 0.7378716744913351 7
1745586548558 0.7843642611683175 8
1745587073537 0.7626977518733753 9
1745587606895 0.771331058020412 10
1745588140596 0.7814070351758139 11
1745588674396 0.7633711507292736 12
1745589201075 0.7699260476581126 13
1745589714083 0.7862129144850971 14
1745590224003 0.7925486875528541 15
1745590680447 0.7677261613691305 16
1745591189078 0.7670454545453923 17
1745591690120 0.7784184514002653 18
1745592203004 0.7570621468925942 19
1745592721564 0.7692939244662751 20
1745593249879 0.7653225806450995 21
1745593776131 0.7649434571889527 22
1745594302173 0.7599029911074567 23
1745594827723 0.7848837209301673 24
1745595358660 0.7777777777777133 25
1745595896019 0.7780548628428281 26
1745596350070 0.7594834543986473 27
1745596420050 0.7690417690417061 28
1745596876872 0.7787021630614992 29
