1745581947327 0.33751119068931623 0
1745582604130 0.7233661593553515 1
1745583149297 0.793196060877279 2
1745583697297 0.8263205013428088 3
1745584336990 0.8102059086839024 4
1745584936692 0.8236347358996576 5
1745585504584 0.8460161145925831 6
1745586028720 0.8442256042971491 7
1745586548558 0.8173679498656385 8
1745587073537 0.8200537153087896 9
1745587606895 0.8093106535361854 10
1745588140596 0.8352730528199789 11
1745588674396 0.8433303491494321 12
1745589201075 0.838854073410847 13
1745589714083 0.8066248880930343 14
1745590224003 0.83795881826313 15
1745590680447 0.8433303491494321 16
1745591189078 0.8460161145925831 17
1745591690120 0.8460161145925831 18
1745592203004 0.839749328558564 19
1745592721564 0.838854073410847 20
1745593249879 0.8495971351834513 21
1745593776131 0.8478066248880172 22
1745594302173 0.8415398388539981 23
1745594827723 0.8460161145925831 24
1745595358660 0.839749328558564 25
1745595896019 0.83795881826313 26
1745596350070 0.842435094001715 27
1745596420050 0.840644583706281 28
1745596876872 0.83795881826313 29
