1746710166180 0.21243327673664972 0
1746710424361 0.5139412751053245 1
1746710684792 0.6708061685327882 2
1746710940002 0.6920933174374203 3
1746711198511 0.6842726573473973 4
1746711459703 0.7128421948059217 5
1746711723553 0.6735409903161258 6
1746711985931 0.7093681108086909 7
1746712246423 0.7127099298521276 8
1746712501971 0.7448924499309029 9
1746712758684 0.6970962454350544 10
1746713016284 0.7076672511096984 11
1746713270372 0.6970512676911191 12
1746713527284 0.7222185277550746 13
1746713788359 0.6880339552707639 14
1746714047730 0.7232744656657696 15
1746714301405 0.7290181404307702 16
1746714563438 0.6735341517634919 17
1746714824778 0.6918029403450954 18
1746715082386 0.710745363526505 19
1746715335297 0.7165948812456866 20
1746715587948 0.7052885595501004 21
1746715840785 0.696858934265048 22
1746716094509 0.710280689317213 23
1746716352756 0.700599912175896 24
1746716609118 0.7248186475210906 25
1746716868157 0.7108761580460408 26
1746717126234 0.7177055767680829 27
1746717382564 0.7163066817823451 28
1746717638885 0.716112519007788 29
