1746710166180 0.24260968112458262 0
1746710424361 0.5930781561155174 1
1746710684792 0.7187614236926598 2
1746710940002 0.7791511999307167 3
1746711198511 0.7771487598714948 4
1746711459703 0.7824522925408697 5
1746711723553 0.7665937797913204 6
1746711985931 0.7579223962491691 7
1746712246423 0.777011006478036 8
1746712501971 0.786052422468204 9
1746712758684 0.7713435408213752 10
1746713016284 0.7547259995976192 11
1746713270372 0.7700465308717698 12
1746713527284 0.7946851762654477 13
1746713788359 0.7620676251756091 14
1746714047730 0.7785070857410943 15
1746714301405 0.7926673478285208 16
1746714563438 0.7612174319570243 17
1746714824778 0.7558644969900864 18
1746715082386 0.777710162656175 19
1746715335297 0.7685171999643323 20
1746715587948 0.7662236602745399 21
1746715840785 0.764607238606311 22
1746716094509 0.7665698281700014 23
1746716352756 0.7661801413721937 24
1746716609118 0.7769533533091229 25
1746716868157 0.7740790032214975 26
1746717126234 0.7762585010875547 27
1746717382564 0.7762585010875547 28
1746717638885 0.7774320150694103 29
