1745878726994 2e-05 0
1745878814387 4e-05 1
1745878902359 6.000000000000001e-05 2
1745878990129 8e-05 3
1745879122150 8e-05 4
1745879254886 8e-05 5
1745879385952 8e-05 6
1745879518276 8e-05 7
1745879660682 8e-05 8
1745879794025 8e-05 9
1745879929093 8e-05 10
1745880059464 8e-05 11
1745880190900 8e-05 12
1745880322976 8e-05 13
1745880455154 8e-05 14
1745880587520 6.400000000000001e-05 15
1745880718240 6.400000000000001e-05 16
1745880849033 5.120000000000001e-05 17
1745880980033 5.120000000000001e-05 18
1745881110204 4.0960000000000014e-05 19
1745881241260 4.0960000000000014e-05 20
1745881372475 3.276800000000001e-05 21
1745881502591 3.276800000000001e-05 22
1745881641228 2.6214400000000008e-05 23
1745881771777 2.6214400000000008e-05 24
1745881901961 2.097152000000001e-05 25
1745882035102 2.097152000000001e-05 26
1745882167399 1.6777216000000006e-05 27
1745882298522 1.6777216000000006e-05 28
1745882429328 1.3421772800000009e-05 29
