1746751931866 2e-05 0
1746752068112 4e-05 1
1746752208622 6.000000000000001e-05 2
1746752345726 8e-05 3
1746752477958 8e-05 4
1746752607915 8e-05 5
1746752741120 8e-05 6
1746752878283 8e-05 7
1746753008645 8e-05 8
1746753144283 8e-05 9
1746753273362 8e-05 10
1746753407067 8e-05 11
1746753543188 8e-05 12
1746753676620 8e-05 13
1746753810161 8e-05 14
1746753943570 6.400000000000001e-05 15
1746754077522 6.400000000000001e-05 16
1746754212546 5.120000000000001e-05 17
1746754349322 5.120000000000001e-05 18
1746754479704 4.0960000000000014e-05 19
