1746751934653 0.0 0
1746752071553 0.003457216937192328 1
1746752212436 0.18060538102219403 2
1746752348824 0.29971578925053677 3
1746752480945 0.5072226735764321 4
1746752611103 0.6288710751687335 5
1746752744803 0.7003061779818907 6
1746752881851 0.7592083439972469 7
1746753011710 0.8268757587171712 8
1746753146931 0.9237541361601964 9
1746753276406 0.9426759461254892 10
1746753410343 0.9491280995416841 11
1746753547275 0.9286724188457302 12
1746753679430 0.9283519853382459 13
1746753813552 0.959221165921029 14
1746753946793 0.959812304654336 15
1746754080926 0.9675247378329168 16
1746754215486 0.9704422913373659 17
1746754352774 0.9684002551606068 18
1746754483387 0.9729557669842162 19
