1746751934653 0.0 0
1746752071553 0.018867924506897598 1
1746752212436 0.5132301547184621 2
1746752348824 0.6163141993457812 3
1746752480945 0.7286432160305488 4
1746752611103 0.8203124999499749 5
1746752744803 0.8467091294617373 6
1746752881851 0.8908296942730961 7
1746753011710 0.9201222173222771 8
1746753146931 0.9328713728386684 9
1746753276406 0.9502421840098152 10
1746753410343 0.9481090588769328 11
1746753547275 0.9514134275117622 12
1746753679430 0.9581682077878857 13
1746753813552 0.961096374839401 14
1746753946793 0.9616232906424709 15
1746754080926 0.9669457910473263 16
1746754215486 0.9734042552690674 17
1746754352774 0.9693741677262157 18
1746754483387 0.9764758099809866 19
