1746751934653 0.0 0
1746752071553 0.0059553349875892106 1
1746752212436 0.1642269596991386 2
1746752348824 0.265772681077478 3
1746752480945 0.4709964920799852 4
1746752611103 0.6054820520511901 5
1746752744803 0.6494709412954396 6
1746752881851 0.7241277287676657 7
1746753011710 0.7984702637304674 8
1746753146931 0.8996260132647826 9
1746753276406 0.9277973684533833 10
1746753410343 0.9380270739856147 11
1746753547275 0.9047087978801351 12
1746753679430 0.899538559016494 13
1746753813552 0.9455842644352863 14
1746753946793 0.9451332259684315 15
1746754080926 0.9535571148556825 16
1746754215486 0.9592632116470448 17
1746754352774 0.9580327986544197 18
1746754483387 0.964145612449228 19
