1745701594925 0.0 0
1745701627603 0.12278548763180351 1
1745701661664 0.3333222233474897 2
1745701696461 0.5301900029785505 3
1745701732052 0.5301815121843517 4
1745701769365 0.5593940033650245 5
1745701806312 0.5433081868762369 6
1745701840060 0.5717315275306063 7
1745701873959 0.5905640953489065 8
1745701908435 0.5837531177931345 9
1745701942364 0.595419699148638 10
1745701976908 0.6001457737892928 11
1745702011353 0.5903073784168988 12
1745702047787 0.608396575759191 13
1745702083667 0.6018201222716426 14
1745702120713 0.6091999769334813 15
1745702155233 0.5992606432962024 16
1745702189240 0.6247170662061563 17
1745702226568 0.6129423428310821 18
1745702260378 0.6096787341591703 19
1745702293776 0.613939848934124 20
1745702327252 0.6089867976169763 21
1745702360974 0.6077992809782342 22
1745702394725 0.6195390850610706 23
1745702428371 0.6244086336302603 24
1745702462707 0.6105859565590976 25
1745702496219 0.6170700668117439 26
1745702529785 0.6208946049127417 27
1745702563298 0.6160326130498803 28
1745702596815 0.6161132889580985 29
