1745701594925 0.0 0
1745701627603 0.3952434880621869 1
1745701661664 0.5567099566599626 2
1745701696461 0.6708754208255429 3
1745701732052 0.7053223712178439 4
1745701769365 0.7092872569694384 5
1745701806312 0.6900634248972408 6
1745701840060 0.7043701798986175 7
1745701873959 0.7058326288596479 8
1745701908435 0.7023608768472432 9
1745701942364 0.7098712445852169 10
1745701976908 0.7152496625680205 11
1745702011353 0.7134251290377932 12
1745702047787 0.7125541125041049 13
1745702083667 0.7182368193104124 14
1745702120713 0.7273511647472419 15
1745702155233 0.7188306104401281 16
1745702189240 0.7320721512917893 17
1745702226568 0.7280625542505884 18
1745702260378 0.7238512034510557 19
1745702293776 0.7202766968803895 20
1745702327252 0.7210412147005272 21
1745702360974 0.7156439066051405 22
1745702394725 0.7294117646558541 23
1745702428371 0.7374005304539213 24
1745702462707 0.7221742881294685 25
1745702496219 0.7318141980218247 26
1745702529785 0.7292576418713634 27
1745702563298 0.7263203840617091 28
1745702596815 0.7270341206848703 29
