1745701594925 0.0 0
1745701627603 0.3124440465532397 1
1745701661664 0.5756490599820433 2
1745701696461 0.7135183527304643 3
1745701732052 0.7296329453893706 4
1745701769365 0.7350044762756728 5
1745701806312 0.7305282005370877 6
1745701840060 0.7358997314233898 7
1745701873959 0.7475380483437111 8
1745701908435 0.745747538048277 9
1745701942364 0.7403760071619748 10
1745701976908 0.7117278424350303 11
1745702011353 0.7421665174574089 12
1745702047787 0.7367949865711068 13
1745702083667 0.7439570277528429 14
1745702120713 0.7547000895254472 15
1745702155233 0.748433303491428 16
1745702189240 0.7448522829005599 17
1745702226568 0.7502238137868621 18
1745702260378 0.7403760071619748 19
1745702293776 0.745747538048277 20
1745702327252 0.7439570277528429 21
1745702360974 0.7412712623096919 22
1745702394725 0.749328558639145 23
1745702428371 0.746642793195994 24
1745702462707 0.749328558639145 25
1745702496219 0.7475380483437111 26
1745702529785 0.7475380483437111 27
1745702563298 0.7448522829005599 28
1745702596815 0.7439570277528429 29
