1745750947747 0.0 0
1745750980872 0.12478869196638476 1
1745751015784 0.3372184311389139 2
1745751050816 0.5946288504662776 3
1745751086358 0.6336779655648426 4
1745751122394 0.6246032644718765 5
1745751157910 0.6876663141204608 6
1745751192223 0.6153676698546399 7
1745751226622 0.6550799488104249 8
1745751261509 0.6812535049001074 9
1745751297475 0.7031539194618142 10
1745751333642 0.701850185878006 11
1745751368004 0.6891813338588763 12
1745751402247 0.7238220079244709 13
1745751438013 0.6939610804655717 14
1745751472276 0.6898279100085436 15
1745751506452 0.6833347805899558 16
1745751542320 0.6828643896585324 17
1745751577069 0.6773662981030723 18
1745751611148 0.7008395255423819 19
