1745750947747 0.0 0
1745750980872 0.49165596919120774 1
1745751015784 0.5608552631578486 2
1745751050816 0.7145161290322004 3
1745751086358 0.7508417508416876 4
1745751122394 0.7477178423235894 5
1745751157910 0.7314741035855991 6
1745751192223 0.7225340817962532 7
1745751226622 0.6685714285713807 8
1745751261509 0.744715447154411 9
1745751297475 0.7827586206895877 10
1745751333642 0.7565789473683588 11
1745751368004 0.7567346938774893 12
1745751402247 0.8042142230025633 13
1745751438013 0.7642140468226786 14
1745751472276 0.766974015087949 15
1745751506452 0.7660283097418179 16
1745751542320 0.7599337748343742 17
1745751577069 0.7585062240663271 18
1745751611148 0.7602965403623756 19
