1745750947747 0.0 0
1745750980872 0.12165903430002879 1
1745751015784 0.36550947348642676 2
1745751050816 0.5382647128797452 3
1745751086358 0.6455389385189135 4
1745751122394 0.5855896666999778 5
1745751157910 0.6666763454542133 6
1745751192223 0.5738586205567905 7
1745751226622 0.6093596048499869 8
1745751261509 0.663778365529606 9
1745751297475 0.7160279251468403 10
1745751333642 0.688946095077143 11
1745751368004 0.6746528575169972 12
1745751402247 0.7334568304430875 13
1745751438013 0.6732823729344501 14
1745751472276 0.6854128622938804 15
1745751506452 0.6762076027364651 16
1745751542320 0.6632817746821105 17
1745751577069 0.6566372707056171 18
1745751611148 0.6764976682497621 19
