1745750947747 0.0 0
1745750980872 0.34288272157561833 1
1745751015784 0.610564010743007 2
1745751050816 0.793196060877279 3
1745751086358 0.7985675917635812 4
1745751122394 0.8066248880930343 5
1745751157910 0.8218442256042237 6
1745751192223 0.8066248880930343 7
1745751226622 0.83795881826313 8
1745751261509 0.8200537153087896 9
1745751297475 0.8128916741270534 10
1745751333642 0.8236347358996576 11
1745751368004 0.8299015219336768 12
1745751402247 0.8200537153087896 13
1745751438013 0.8182632050133556 14
1745751472276 0.8191584601610725 15
1745751506452 0.8236347358996576 16
1745751542320 0.8218442256042237 17
1745751577069 0.8182632050133556 18
1745751611148 0.8263205013428088 19
