1745738898635 2e-05 0
1745738962722 2e-05 1
1745739027315 2e-05 2
1745739090524 8e-05 3
1745739154713 8e-05 4
1745739220442 8e-05 5
1745739284740 8e-05 6
1745739349738 8e-05 7
1745739413715 8e-05 8
1745739477280 8e-05 9
1745739540840 8e-05 10
1745739604395 8e-05 11
1745739667921 8e-05 12
1745739732637 8e-05 13
1745739796184 8e-05 14
1745739859717 6.400000000000001e-05 15
1745739923410 6.400000000000001e-05 16
1745739987136 5.120000000000001e-05 17
1745740052512 5.120000000000001e-05 18
1745740116071 4.0960000000000014e-05 19
1745740179582 4.0960000000000014e-05 20
1745740243128 3.276800000000001e-05 21
1745740306944 3.276800000000001e-05 22
1745740370470 2.6214400000000008e-05 23
1745740433982 2.6214400000000008e-05 24
1745740497508 2.097152000000001e-05 25
1745740561008 2.097152000000001e-05 26
1745740624624 1.6777216000000006e-05 27
1745740688147 1.6777216000000006e-05 28
1745740751802 1.3421772800000009e-05 29
