1745738899808 0.3330349149507311 0
1745738964003 0.7162041181736154 1
1745739028195 0.7815577439569578 2
1745739091417 0.8182632050133556 3
1745739156286 0.8164726947179215 4
1745739221458 0.8415398388539981 5
1745739286563 0.8352730528199789 6
1745739350632 0.8316920322291108 7
1745739414619 0.8460161145925831 8
1745739478186 0.8451208594448661 9
1745739541744 0.8352730528199789 10
1745739605286 0.8299015219336768 11
1745739668863 0.8227394807519406 12
1745739733530 0.8415398388539981 13
1745739797067 0.8155774395702045 14
1745739860600 0.8307967770813938 15
1745739924294 0.842435094001715 16
1745739988019 0.83795881826313 17
1745740053416 0.83795881826313 18
1745740116958 0.8460161145925831 19
1745740180481 0.8460161145925831 20
1745740244270 0.8415398388539981 21
1745740307844 0.8415398388539981 22
1745740371363 0.838854073410847 23
1745740434874 0.8442256042971491 24
1745740498393 0.8451208594448661 25
1745740561951 0.842435094001715 26
1745740625510 0.839749328558564 27
1745740689143 0.839749328558564 28
1745740752687 0.840644583706281 29
