1745877068012 2e-05 0
1745877155935 4e-05 1
1745877244229 6.000000000000001e-05 2
1745877332630 8e-05 3
1745877462596 8e-05 4
1745877594562 8e-05 5
1745877726120 8e-05 6
1745877856998 8e-05 7
1745877987827 8e-05 8
1745878119876 8e-05 9
1745878252544 8e-05 10
1745878383640 8e-05 11
1745878513669 8e-05 12
1745878642885 8e-05 13
1745878773757 8e-05 14
1745878903752 6.400000000000001e-05 15
1745879033590 6.400000000000001e-05 16
1745879163693 5.120000000000001e-05 17
1745879293509 5.120000000000001e-05 18
1745879422747 4.0960000000000014e-05 19
1745879552877 4.0960000000000014e-05 20
1745879683004 3.276800000000001e-05 21
1745879812814 3.276800000000001e-05 22
1745879942661 2.6214400000000008e-05 23
1745880072341 2.6214400000000008e-05 24
1745880201325 2.097152000000001e-05 25
1745880331133 2.097152000000001e-05 26
1745880460598 1.6777216000000006e-05 27
1745880590998 1.6777216000000006e-05 28
1745880721123 1.3421772800000009e-05 29
