1745877070665 0.0 0
1745877158563 0.0 1
1745877246852 0.0 2
1745877335269 0.009819967251065839 3
1745877466864 0.4166666666169655 4
1745877597486 0.4874093042607794 5
1745877728856 0.5438898450446926 6
1745877859427 0.5481742190436752 7
1745877990810 0.5509239363488293 8
1745878123105 0.5601389491466962 9
1745878255234 0.5442176870249095 10
1745878386354 0.5420875420376751 11
1745878516068 0.556818181768161 12
1745878645806 0.5433575394630866 13
1745878776217 0.5533421867582793 14
1745878906244 0.5460869564717328 15
1745879036050 0.5441364605044366 16
1745879166114 0.5519650654521652 17
1745879295938 0.5462292287527962 18
1745879425446 0.5502371711445001 19
1745879555731 0.5491698594647602 20
1745879685590 0.5495456511832403 21
1745879815223 0.5403329064801519 22
1745879945080 0.546153846103902 23
1745880074708 0.5425032037091354 24
1745880204006 0.5463162429487305 25
1745880333878 0.5459965927950456 26
1745880463609 0.5415070242157186 27
1745880593564 0.5464668093718883 28
1745880723582 0.5458440445087426 29
