1745877070665 0.0 0
1745877158563 0.0 1
1745877246852 0.0 2
1745877335269 0.05714285714280272 3
1745877466864 0.4540654699049151 4
1745877597486 0.46574225122345303 5
1745877728856 0.5236122618060876 6
1745877859427 0.5389273356400918 7
1745877990810 0.5297520661156587 8
1745878123105 0.5438448566609997 9
1745878255234 0.5182186234817394 10
1745878386354 0.5115170770452334 11
1745878516068 0.5439795046967938 12
1745878645806 0.5196078431372124 13
1745878776217 0.5472854640980256 14
1745878906244 0.5308537616229475 15
1745879036050 0.5195439739413258 16
1745879166114 0.5387894288149583 17
1745879295938 0.5211382113820714 18
1745879425446 0.530782029950039 19
1745879555731 0.5235389610389185 20
1745879685590 0.5318257956448466 21
1745879815223 0.5163132137030574 22
1745879945080 0.5224856909239147 23
1745880074708 0.5187908496731602 24
1745880204006 0.5265780730896572 25
1745880333878 0.5207148659625896 26
1745880463609 0.5162337662337243 27
1745880593564 0.5238095238094808 28
1745880723582 0.523418241577607 29
