1745877070665 0.0 0
1745877158563 0.0 1
1745877246852 0.0 2
1745877335269 0.0012177795818953557 3
1745877466864 0.19803656008237316 4
1745877597486 0.35648098178374293 5
1745877728856 0.4376214002857647 6
1745877859427 0.456808111859392 7
1745877990810 0.4787049366633154 8
1745878123105 0.49752483078992804 9
1745878255234 0.49438041620065554 10
1745878386354 0.49646918488160796 11
1745878516068 0.48840291803463853 12
1745878645806 0.49411034732010173 13
1745878776217 0.4797791321247284 14
1745878906244 0.4794600517141394 15
1745879036050 0.487056439188106 16
1745879166114 0.4880465834924168 17
1745879295938 0.4906602189175213 18
1745879425446 0.48602230730287815 19
1745879555731 0.4927070852850675 20
1745879685590 0.48411912835663995 21
1745879815223 0.4862090620854272 22
1745879945080 0.48718127127873007 23
1745880074708 0.4870496993256831 24
1745880204006 0.48423804626597255 25
1745880333878 0.4866258769984289 26
1745880463609 0.48627050634402225 27
1745880593564 0.48712075815753053 28
1745880723582 0.48730203069071315 29
