1745877070665 0.0 0
1745877158563 0.0 1
1745877246852 0.0 2
1745877335269 0.005371530886302115 3
1745877466864 0.38495971351831826 4
1745877597486 0.511190689346418 5
1745877728856 0.5658012533571561 6
1745877859427 0.557743957027703 7
1745877990810 0.5738585496866093 8
1745878123105 0.5774395702774774 9
1745878255234 0.5729632945388923 10
1745878386354 0.5765443151297603 11
1745878516068 0.5702775290957413 12
1745878645806 0.5693822739480242 13
1745878776217 0.5595344673231369 14
1745878906244 0.5622202327662881 15
1745879036050 0.5711727842434583 16
1745879166114 0.5658012533571561 17
1745879295938 0.5738585496866093 18
1745879425446 0.5711727842434583 19
1745879555731 0.5774395702774774 20
1745879685590 0.5684870188003072 21
1745879815223 0.5666965085048732 22
1745879945080 0.5720680393911752 23
1745880074708 0.5684870188003072 24
1745880204006 0.5675917636525901 25
1745880333878 0.5738585496866093 26
1745880463609 0.5693822739480242 27
1745880593564 0.5711727842434583 28
1745880723582 0.5702775290957413 29
