1746693957919 333.6241919069874 0
1746694086620 117.7370321701984 1
1746694215933 66.48190210303481 2
1746694343133 51.535826585730725 3
1746694468686 38.78852390756413 4
1746694593470 29.69752479086117 5
1746694709099 23.367001718404342 6
1746694834058 19.29174029097265 7
1746694945854 15.609854094836177 8
1746695038605 12.925499040253309 9
1746695140576 9.513873382490509 10
1746695263380 8.182919784468048 11
1746695385923 6.974490467382937 12
1746695509211 5.712749259812491 13
1746695632704 4.848891156060355 14
1746695756070 3.766063668289963 15
1746695878760 3.067736036923467 16
1746696001668 3.062903676714216 17
1746696109024 2.994515820425384 18
1746696201805 2.0775804106070073 19
1746696316058 1.7521027837480818 20
1746696439865 1.28977974823543 21
1746696563500 1.0592917459351676 22
1746696687041 0.9614154635643473 23
1746696810311 0.8886536365869094 24
1746696917277 0.7399120659244304 25
1746697041661 0.6492996562500389 26
1746697151460 0.6398702712387455 27
1746697274731 0.5819476633047571 28
1746697397162 0.5268965549006754 29
