1746693961156 0.49322210636074104 0
1746694089669 0.717735220649399 1
1746694219678 0.7740066225164922 2
1746694346056 0.7183734939758495 3
1746694471545 0.7475728155339201 4
1746694595858 0.7635467980294939 5
1746694712234 0.7815126050419511 6
1746694836489 0.7593192868718995 7
1746694947685 0.7591240875911793 8
1746695040661 0.7575757575756955 9
1746695142873 0.789787234042486 10
1746695265805 0.7851662404091402 11
1746695388223 0.7637407711238093 12
1746695511531 0.7617091207887624 13
1746695635012 0.783152627189259 14
1746695758511 0.7826086956521084 15
1746695881082 0.7904599659283824 16
1746696004289 0.790598290598223 17
1746696110816 0.7753743760398689 18
1746696204132 0.7768456375838274 19
1746696318688 0.7613168724279209 20
1746696443079 0.7784330244312739 21
1746696566573 0.7682119205297377 22
1746696690370 0.7687242798353277 23
1746696813570 0.7699260476581126 24
1746696919780 0.7620605069500603 25
1746697044067 0.7757322175731568 26
1746697153750 0.7747524752474608 27
1746697277220 0.7685337726523255 28
1746697399463 0.7700578990900935 29
