1746693961156 0.1577784905703582 0
1746694089669 0.49708507418983766 1
1746694219678 0.6715689705931933 2
1746694346056 0.6260715966703869 3
1746694471545 0.6871629813767755 4
1746694595858 0.6728529311018483 5
1746694712234 0.7166670882202932 6
1746694836489 0.6707774490304891 7
1746694947685 0.6872678043239966 8
1746695040661 0.6828389896062922 9
1746695142873 0.7242071654296153 10
1746695265805 0.7214336589868208 11
1746695388223 0.6822194339302411 12
1746695511531 0.681714623483175 13
1746695635012 0.7159115296348505 14
1746695758511 0.7161522609893929 15
1746695881082 0.7163069191107213 16
1746696004289 0.7118715920337646 17
1746696110816 0.6964070696774061 18
1746696204132 0.6910906793928604 19
1746696318688 0.6802902567545429 20
1746696443079 0.6983443871491121 21
1746696566573 0.6938298252679487 22
1746696690370 0.6878383858219278 23
1746696813570 0.6917269998702905 24
1746696919780 0.6863657466006818 25
1746697044067 0.6960403683567666 26
1746697153750 0.7007322811126677 27
1746697277220 0.6929291306334865 28
1746697399463 0.693859308800292 29
