1745581512104 0.12784504354982593 0
1745581914762 0.4501763655837822 1
1745582346032 0.6013361523076652 2
1745582790800 0.6251812119647245 3
1745583232951 0.6840315211244528 4
1745583680312 0.682887811106861 5
1745584126432 0.7075337540379615 6
1745584576386 0.7050902341706663 7
1745585020786 0.7079699817941104 8
1745585464974 0.6901595898616416 9
1745585925881 0.7068948772002581 10
1745586410502 0.6866075529165385 11
1745586846616 0.7135816890275021 12
1745587175198 0.7015217299009404 13
1745587370986 0.7090451119057438 14
1745587438950 0.708247456907205 15
1745587507610 0.6917972323041739 16
1745587576757 0.7209599009141568 17
1745587646765 0.7105529317483891 18
1745587716164 0.7277357943935545 19
1745587790240 0.7121346267477169 20
1745587859918 0.7157794926450485 21
1745587929872 0.7313053575597142 22
1745587999735 0.7270110068153101 23
1745588070786 0.7202190587016204 24
1745588140980 0.7231810883845055 25
1745588212232 0.7093432076813512 26
1745588282556 0.7116811867376233 27
1745588353570 0.7194659861137728 28
1745588426426 0.7147146726996212 29
