1745581101462 0.9295834932400255 0
1745581573649 0.4009318178405567 1
1745581976182 0.2679833956823057 2
1745582408163 0.21395848334139708 3
1745582854052 0.15844525100321186 4
1745583295441 0.12302580445396658 5
1745583742578 0.09808648518305652 6
1745584189862 0.0781047414912253 7
1745584637525 0.0599610623428408 8
1745585082997 0.04949431144157235 9
1745585526282 0.03949330492439319 10
1745585987179 0.034056322554088365 11
1745586472694 0.02747206456427063 12
1745586908125 0.024306626610305845 13
1745587236180 0.020360362497443447 14
1745587433088 0.015861448328181798 15
1745587501553 0.012909348032494284 16
1745587570506 0.010653389532271088 17
1745587640541 0.008636195944356067 18
1745587710133 0.007330245485681356 19
1745587783844 0.006696396937346732 20
1745587854039 0.006402008812779522 21
1745587923656 0.005723912340151716 22
1745587993389 0.005428204505362225 23
1745588063938 0.004952615617574858 24
1745588133764 0.004530403616942694 25
1745588205302 0.0042688191027323505 26
1745588275918 0.003967172525614044 27
1745588346521 0.0038087244825057535 28
1745588417455 0.003602855936243978 29
