1745581512104 0.12633930224264475 0
1745581914762 0.511077557616037 1
1745582346032 0.6324211425354945 2
1745582790800 0.7336472290559369 3
1745583232951 0.7316534126038857 4
1745583680312 0.7125760812071736 5
1745584126432 0.760018435631102 6
1745584576386 0.7603471046571995 7
1745585020786 0.7518408412531639 8
1745585464974 0.7599490557416622 9
1745585925881 0.7547276753193304 10
1745586410502 0.7651247226088405 11
1745586846616 0.7570065216106074 12
1745587175198 0.7673401541445892 13
1745587370986 0.7550626129894494 14
1745587438950 0.7617219001517805 15
1745587507610 0.7871828155972753 16
1745587576757 0.772284518512108 17
1745587646765 0.7687437050455764 18
1745587716164 0.7816448977245383 19
1745587790240 0.7821429713751465 20
1745587859918 0.782989438183454 21
1745587929872 0.7817367113057343 22
1745587999735 0.7804635833087689 23
1745588070786 0.7776284567203284 24
1745588140980 0.7789967372634111 25
1745588212232 0.7769981459435219 26
1745588282556 0.7792457702857847 27
1745588353570 0.7776508745175058 28
1745588426426 0.7784595313002339 29
