1746471301948 834.3994775888871 0
1746471387444 382.7426116320552 1
1746471473336 332.896983711087 2
1746471559215 289.19974735804965 3
1746471688941 158.80441276394592 4
1746471843620 92.35865775906309 5
1746472002496 66.61169803385832 6
1746472163202 50.390218287098165 7
1746472321900 39.39664188696413 8
1746472480834 32.348750270142844 9
1746472642554 41.555634887851014 10
1746472802885 25.586746420179093 11
1746472962724 20.475433184176076 12
1746473123813 17.748506983932185 13
1746473281724 14.666402408054896 14
1746473438364 12.018110674254748 15
1746473595922 12.70997074672154 16
1746473748994 9.88761863416555 17
1746473905725 8.392080749784197 18
1746474059344 7.404975900844652 19
1746474211774 6.684795583997454 20
1746474365807 5.850989979140612 21
1746474522789 5.205927659054192 22
1746474678964 4.733667777509106 23
1746474833488 4.3814394644328525 24
1746474991543 4.023614820168943 25
1746475149274 3.7570314188392793 26
1746475305109 3.488990849378158 27
1746475459613 3.286650409503859 28
1746475617455 3.1588208918668785 29
