1746471304574 0.0 0
1746471390033 0.0 1
1746471475956 0.0 2
1746471562481 0.033641715716118806 3
1746471691811 0.6505223171391068 4
1746471848207 0.7346938775009624 5
1746472007090 0.7863829786734591 6
1746472167643 0.8010425716267767 7
1746472326722 0.7858942064992455 8
1746472485650 0.7834629553330279 9
1746472647364 0.8089413748973783 10
1746472807819 0.8050955413513375 11
1746472967956 0.8105802047281979 12
1746473128511 0.8128205127705459 13
1746473286562 0.8142734307324674 14
1746473443089 0.8201376935816739 15
1746473600463 0.8131962295986939 16
1746473753865 0.8211068210568372 17
1746473910334 0.8172134639466376 18
1746474064159 0.8210890232862029 19
1746474216334 0.8118556700531046 20
1746474370544 0.8141517476056286 21
1746474527461 0.8221070811244303 22
1746474683667 0.8193908193408356 23
1746474838093 0.8144952544797623 24
1746474996668 0.8189987162529795 25
1746475154116 0.8192771083837395 26
1746475310037 0.8135158254419027 27
1746475464406 0.8150363092195777 28
1746475622323 0.8158007728139031 29
