1746471304574 0.0 0
1746471390033 0.0 1
1746471475956 0.0 2
1746471562481 0.017905102954340384 3
1746471691811 0.6132497761861582 4
1746471848207 0.7251566696507855 5
1746472007090 0.8272157564905257 6
1746472167643 0.8254252461950917 7
1746472326722 0.83795881826313 8
1746472485650 0.8567591763651874 9
1746472647364 0.8585496866606214 10
1746472807819 0.8487018800357342 11
1746472967956 0.8504923903311682 12
1746473128511 0.8513876454788852 13
1746473286562 0.8478066248880172 14
1746473443089 0.8531781557743193 15
1746473600463 0.8495971351834513 16
1746473753865 0.8567591763651874 17
1746473910334 0.8585496866606214 18
1746474064159 0.8504923903311682 19
1746474216334 0.8460161145925831 20
1746474370544 0.8549686660697533 21
1746474527461 0.8522829006266023 22
1746474683667 0.8549686660697533 23
1746474838093 0.8451208594448661 24
1746474996668 0.8567591763651874 25
1746475154116 0.8522829006266023 26
1746475310037 0.8513876454788852 27
1746475464406 0.8540734109220363 28
1746475622323 0.8504923903311682 29
