1745701627012 1.0329875946044922 0
1745701692288 0.41997081010925524 1
1745701758534 0.27707259539438756 2
1745701827063 0.22078026785534255 3
1745701894243 0.1615687969843952 4
1745701960259 0.12914013338028169 5
1745702025568 0.10362586926440803 6
1745702092111 0.08186330228131644 7
1745702159951 0.06921960702356027 8
1745702225697 0.05590029938944748 9
1745702290372 0.0466986125030992 10
1745702354926 0.040238983016841263 11
1745702420300 0.035585720605235925 12
1745702485725 0.03318102979006208 13
1745702550216 0.027386085662458624 14
1745702615992 0.021416718026204984 15
1745702680341 0.017237607228132536 16
1745702744709 0.013208148487824567 17
1745702809263 0.010895810512901873 18
1745702874146 0.0093366999217138 19
1745702939369 0.008353075485353415 20
1745703004354 0.007349967813993595 21
1745703069493 0.006397265145003947 22
1745703134075 0.005758189757791709 23
1745703198739 0.0054839044400699895 24
1745703263166 0.004786796631453065 25
1745703327612 0.004395633838519606 26
1745703392051 0.004320255656517586 27
1745703456593 0.0040854419895200705 28
1745703521368 0.0036072296159322926 29
