1745701628490 0.4868766404198836 0
1745701694056 0.6199999999999483 1
1745701761029 0.6739679865205834 2
1745701829523 0.6949443016280467 3
1745701895685 0.7120954003406548 4
1745701961950 0.6946755407653332 5
1745702028287 0.6743630573247871 6
1745702095148 0.7076271186440078 7
1745702161414 0.7004081632652489 8
1745702227316 0.7126929674098874 9
1745702291831 0.6918652423992858 10
1745702356659 0.7004991680531862 11
1745702421775 0.7317502198768046 12
1745702487178 0.6844700082168707 13
1745702552589 0.7118353344767828 14
1745702617494 0.7155025553662082 15
1745702681772 0.6943744752308401 16
1745702746143 0.7162629757784847 17
1745702810704 0.7104377104376506 18
1745702875605 0.7055369127516187 19
1745702940813 0.7038590604026255 20
1745703006499 0.7031772575250248 21
1745703071206 0.6956521739129864 22
1745703135782 0.6998341625206717 23
1745703200187 0.7106598984770972 24
1745703264606 0.7055369127516187 25
1745703329046 0.7058333333332745 26
1745703393490 0.7157446808510028 27
1745703458286 0.6954022988505176 28
1745703522809 0.7091666666666075 29
