1745701628490 0.12828092647757008 0
1745701694056 0.4807611420774082 1
1745701761029 0.5808668355204829 2
1745701829523 0.60026927344682 3
1745701895685 0.6661460651532785 4
1745701961950 0.6547913207453434 5
1745702028287 0.6592262259039992 6
1745702095148 0.6364308344227791 7
1745702161414 0.6778799920733914 8
1745702227316 0.6460706903007808 9
1745702291831 0.6613536161883147 10
1745702356659 0.6596525546514486 11
1745702421775 0.6498833338224633 12
1745702487178 0.6435250457392905 13
1745702552589 0.6454008655700745 14
1745702617494 0.6521342870598799 15
1745702681772 0.6497665873144691 16
1745702746143 0.6500388218455545 17
1745702810704 0.6649958660451323 18
1745702875605 0.6610341006396367 19
1745702940813 0.6637939733832976 20
1745703006499 0.6623027904795719 21
1745703071206 0.670515127410012 22
1745703135782 0.6637319884156864 23
1745703200187 0.6620764549693876 24
1745703264606 0.662525428252544 25
1745703329046 0.6687785715967157 26
1745703393490 0.6601198069543016 27
1745703458286 0.6688962629628767 28
1745703522809 0.6733669656587871 29
