1746631136389 2e-05 0
1746631426248 4e-05 1
1746631717995 6.000000000000001e-05 2
1746632011446 8e-05 3
1746632303910 8e-05 4
1746632595466 8e-05 5
1746632883960 8e-05 6
1746633173188 8e-05 7
1746633468685 8e-05 8
1746633766474 8e-05 9
1746634061780 8e-05 10
1746634356429 8e-05 11
1746634652910 8e-05 12
1746634948090 8e-05 13
1746635244500 8e-05 14
1746635532520 6.400000000000001e-05 15
1746635827570 6.400000000000001e-05 16
1746636119604 5.120000000000001e-05 17
1746636410755 5.120000000000001e-05 18
1746636705858 4.0960000000000014e-05 19
1746637009374 4.0960000000000014e-05 20
1746637307047 3.276800000000001e-05 21
1746637606194 3.276800000000001e-05 22
1746637907933 2.6214400000000008e-05 23
1746638206242 2.6214400000000008e-05 24
1746638508512 2.097152000000001e-05 25
1746638806928 2.097152000000001e-05 26
1746639104527 1.6777216000000006e-05 27
1746639400709 1.6777216000000006e-05 28
1746639695819 1.3421772800000009e-05 29
