1746631141863 0.5782178217821209 0
1746631432498 0.7410130718953643 1
1746631724060 0.7274155538098407 2
1746632017756 0.7226053639846189 3
1746632309510 0.7613918806958773 4
1746632601385 0.7284046692606437 5
1746632889397 0.7427419354838111 6
1746633179229 0.7601659751036713 7
1746633475279 0.7499999999999405 8
1746633773153 0.7472353870457545 9
1746634067926 0.7670648464163168 10
1746634362788 0.7624999999999365 11
1746634659187 0.7475884244372389 12
1746634954402 0.7659574468084479 13
1746635250538 0.7538966365873048 14
1746635538576 0.771640560593506 15
1746635833781 0.7613636363635745 16
1746636126012 0.7653814602132267 17
1746636416892 0.769039735099274 18
1746636712502 0.7718286655683054 19
1746637015682 0.761827079934685 20
1746637313735 0.7642276422763606 21
1746637612137 0.7693561532191712 22
1746637914003 0.7590945836701084 23
1746638211965 0.7807531380752485 24
1746638514469 0.7653311529026356 25
1746638812835 0.7548076923076318 26
1746639110404 0.7640816326529988 27
1746639407033 0.7532154340835407 28
1746639702097 0.7764995891535927 29
