1745747164394 2e-05 0
1745747358331 2e-05 1
1745747552462 2e-05 2
1745747746601 8e-05 3
1745747941021 8e-05 4
1745748132997 8e-05 5
1745748324742 8e-05 6
1745748516575 8e-05 7
1745748708189 8e-05 8
1745748900848 8e-05 9
1745749092319 8e-05 10
1745749283928 8e-05 11
1745749475549 6.400000000000001e-05 12
1745749670883 6.400000000000001e-05 13
1745749862971 5.120000000000001e-05 14
1745750054607 5.120000000000001e-05 15
1745750245755 4.0960000000000014e-05 16
1745750437716 4.0960000000000014e-05 17
