1745747166627 0.7256857854863548 0
1745747360568 0.77873811576676 1
1745747554668 0.7898645696310433 2
1745747749416 0.7956427014750205 3
1745747943496 0.7776838545570214 4
1745748135525 0.732106339418615 5
1745748327099 0.7682347863116725 6
1745748518862 0.7791986359261771 7
1745748710702 0.7561929595327668 8
1745748903081 0.7871376811093559 9
1745749094912 0.7826086956021229 10
1745749286323 0.7806979749607741 11
1745749478159 0.8152031454283324 12
1745749673761 0.8067885116993158 13
1745749865884 0.7913606910947012 14
1745750056917 0.762840553768601 15
1745750248352 0.6371354742962668 16
1745750440274 0.7865771811579834 17
