1745747166627 0.4932121515625566 0
1745747360568 0.674196445149178 1
1745747554668 0.6988049901042555 2
1745747749416 0.6738671880574447 3
1745747943496 0.6345010948408787 4
1745748135525 0.5632184742061435 5
1745748327099 0.6525806622601985 6
1745748518862 0.6775581447629315 7
1745748710702 0.6839012351356977 8
1745748903081 0.7360398937277073 9
1745749094912 0.6739491774096545 10
1745749286323 0.6925267127758813 11
1745749478159 0.7445224820618223 12
1745749673761 0.7155298286263506 13
1745749865884 0.6942031709007104 14
1745750056917 0.7157134713113933 15
1745750248352 0.6990850168065883 16
1745750440274 0.7083597702500999 17
