1746198813323 0.0 0
1746198919013 0.0 1
1746199025835 0.002029632636492259 2
1746199134910 0.007915567282319812 3
1746199286265 0.0 4
1746199433671 0.0 5
1746199579683 0.0014245014244987865 6
1746199726024 0.005372642475890583 7
1746199871173 0.010657434020220078 8
1746200017915 0.01079039015402579 9
1746200163818 0.03138389491872086 10
1746200309949 0.022604944751256968 11
1746200455868 0.01693591741009564 12
1746200601212 0.027540023864687783 13
1746200749066 0.02191351950631027 14
1746200896293 0.018267906309027936 15
1746201042225 0.018308884484132038 16
1746201188238 0.02612371914261121 17
1746201335654 0.020778584363179274 18
1746201481165 0.024058963048892174 19
1746201627082 0.02501349092200251 20
1746201774865 0.024980092593644518 21
1746201923129 0.02641895330934966 22
1746202069565 0.02666262746467252 23
1746202216000 0.027395418208854258 24
1746202365463 0.020185301777280472 25
1746202514000 0.02399376532626988 26
1746202661100 0.02313943310178619 27
1746202811850 0.028739894844465708 28
1746202959537 0.023504648737411003 29
