1745738890538 2e-05 0
1745738953200 2e-05 1
1745739016987 2e-05 2
1745739080505 8e-05 3
1745739144613 8e-05 4
1745739208596 8e-05 5
1745739273267 8e-05 6
1745739336240 8e-05 7
1745739399238 8e-05 8
1745739462244 8e-05 9
1745739526269 8e-05 10
1745739589620 8e-05 11
1745739653508 8e-05 12
1745739716834 8e-05 13
1745739780875 8e-05 14
1745739844025 6.400000000000001e-05 15
1745739907124 6.400000000000001e-05 16
1745739970105 5.120000000000001e-05 17
1745740034674 5.120000000000001e-05 18
1745740097866 4.0960000000000014e-05 19
1745740161449 4.0960000000000014e-05 20
1745740224744 3.276800000000001e-05 21
1745740288154 3.276800000000001e-05 22
1745740351485 2.6214400000000008e-05 23
1745740415837 2.6214400000000008e-05 24
1745740479127 2.097152000000001e-05 25
1745740542522 2.097152000000001e-05 26
1745740605890 1.6777216000000006e-05 27
1745740669661 1.6777216000000006e-05 28
1745740732602 1.3421772800000009e-05 29
