1745738890538 0.9320485579724215 0
1745738953200 0.41538969290499783 1
1745739016987 0.27427407779863905 2
1745739080505 0.21854246118847204 3
1745739144613 0.16376485356262752 4
1745739208596 0.12721133004037702 5
1745739273267 0.10212301025737305 6
1745739336240 0.0801461255748053 7
1745739399238 0.06230404898904416 8
1745739462244 0.05041015794386669 9
1745739526269 0.04146238123731954 10
1745739589620 0.03510925690738522 11
1745739653508 0.02984520950715761 12
1745739716834 0.02698857749679259 13
1745739780875 0.022912931438459426 14
1745739844025 0.017688697070947716 15
1745739907124 0.013978346887671826 16
1745739970105 0.0113221647845087 17
1745740034674 0.009883905281027665 18
1745740097866 0.008012976944066432 19
1745740161449 0.007279872098386439 20
1745740224744 0.006548041102419399 21
1745740288154 0.005921723912660108 22
1745740351485 0.00532730198607837 23
1745740415837 0.004856596525036254 24
1745740479127 0.004312249651292757 25
1745740542522 0.004124825922487189 26
1745740605890 0.004048468366892514 27
1745740669661 0.0037015155931858688 28
1745740732602 0.003492803213053516 29
