1745738891479 0.12349391496721887 0
1745738954890 0.4833382410382997 1
1745739017918 0.5938356232539339 2
1745739081799 0.6287756504659695 3
1745739145535 0.7201137439969862 4
1745739209618 0.7537570938447969 5
1745739274175 0.7886338032861944 6
1745739337153 0.7381261740503788 7
1745739400156 0.783271971396031 8
1745739463227 0.7749172742579101 9
1745739527177 0.7758219833816317 10
1745739591115 0.7616931837671028 11
1745739654530 0.7672821131542785 12
1745739718005 0.758931204445166 13
1745739781792 0.7794636740852644 14
1745739844933 0.7736112143290494 15
1745739908034 0.7859479754910891 16
1745739971282 0.7523044502910274 17
1745740035585 0.780022618683495 18
1745740099043 0.7544520415437705 19
1745740162420 0.7787372790394436 20
1745740225655 0.7763535005402731 21
1745740289075 0.7803853496235017 22
1745740353381 0.7769888246424781 23
1745740416752 0.7769107901876764 24
1745740480035 0.7723122614487193 25
1745740543452 0.7665287797825553 26
1745740606803 0.781473611487322 27
1745740670570 0.7801115616425393 28
1745740733512 0.7794212263368223 29
