1745581921135 0.12910199511019904 0
1745582243940 0.4672680059467415 1
1745582610579 0.6460514693284126 2
1745583231563 0.6141484050026951 3
1745583846477 0.6738303369049236 4
1745584407288 0.695494774425469 5
1745584973759 0.6984463005626083 6
1745585535885 0.7208712163737687 7
1745586093790 0.7234370656887583 8
1745586648696 0.67856969427177 9
1745587199378 0.6830078732314154 10
1745587732916 0.6793391766339992 11
1745588270792 0.6852008739177129 12
1745588800759 0.6901121383098391 13
1745589336085 0.67782778659338 14
1745589869757 0.6845830447125252 15
1745590426295 0.6681786177034585 16
1745590990611 0.6767640345357179 17
1745591555013 0.6910274806175415 18
1745592121162 0.6805459879611859 19
1745592683044 0.6791027362829474 20
1745593245990 0.6844568192588715 21
1745593803302 0.6852687293391142 22
1745594351547 0.6672832601243484 23
1745594886465 0.6864940282113459 24
1745595415435 0.6813911732556328 25
1745595959916 0.6875330949729707 26
1745596392427 0.6799324541592705 27
1745596460224 0.681592329647784 28
1745596881548 0.6856983833742606 29
