1745581329647 1.1502494775519079 0
1745581984141 0.46693895270629804 1
1745582306591 0.3059334532946956 2
1745582673426 0.23996083940170249 3
1745583293595 0.17930711022749238 4
1745583909277 0.14507040670331645 5
1745584469597 0.11574988994671374 6
1745585035081 0.09113995628241374 7
1745585597424 0.0780403403451248 8
1745586156692 0.06960005358773835 9
1745586710868 0.0577937942378375 10
1745587261363 0.048389390244015625 11
1745587798020 0.03848058774078987 12
1745588332874 0.033994634322137854 13
1745588862453 0.03054084374132205 14
1745589397979 0.02389203835924973 15
1745589931483 0.019718797079154422 16
1745590487643 0.01721120057437493 17
1745591052294 0.01506406586731271 18
1745591616425 0.012153344290635111 19
1745592182566 0.010779789546789716 20
1745592744548 0.009636649909448259 21
1745593307635 0.00875478766250367 22
1745593864661 0.008014388529735864 23
1745594413283 0.007384057187627317 24
1745594947954 0.006718697819896802 25
1745595476905 0.00654809666578943 26
1745596021305 0.006013380738963582 27
1745596454011 0.005618971643009584 28
1745596522407 0.005446698145978913 29
