1745581921135 0.5131414267834151 0
1745582243940 0.6727122835943385 1
1745582610579 0.7557446808509994 2
1745583231563 0.7093023255813403 3
1745583846477 0.7606112054328726 4
1745584407288 0.7776824034334097 5
1745584973759 0.765939597315372 6
1745585535885 0.7532362459546316 7
1745586093790 0.7860262008732938 8
1745586648696 0.7215999999999423 9
1745587199378 0.7944550669215301 10
1745587732916 0.7473309608540261 11
1745588270792 0.7606007067137137 12
1745588800759 0.763421292083643 13
1745589336085 0.7777777777777057 14
1745589869757 0.7571174377223525 15
1745590426295 0.7301451750639855 16
1745590990611 0.7609668755594663 17
1745591555013 0.7375643224699195 18
1745592121162 0.7517543859648463 19
1745592683044 0.7293617021275974 20
1745593245990 0.7618198037465868 21
1745593803302 0.7304721030042292 22
1745594351547 0.7206751054851712 23
1745594886465 0.7640249332145357 24
1745595415435 0.7532923617207415 25
1745595959916 0.7572815533979914 26
1745596392427 0.7544326241134083 27
1745596460224 0.7533039647576428 28
1745596881548 0.7615658362988647 29
