1745581921135 0.14105595161416687 0
1745582243940 0.5273774075714734 1
1745582610579 0.6725165201018939 2
1745583231563 0.7233144561022727 3
1745583846477 0.726545724010022 4
1745584407288 0.7436895241910878 5
1745584973759 0.7501624743547451 6
1745585535885 0.768473919599776 7
1745586093790 0.7553370137007787 8
1745586648696 0.7538096758208503 9
1745587199378 0.708629868853284 10
1745587732916 0.714313222363353 11
1745588270792 0.732227306084731 12
1745588800759 0.7079743290860296 13
1745589336085 0.7142183119045309 14
1745589869757 0.7212523997854839 15
1745590426295 0.7257616668258648 16
1745590990611 0.7239050200943912 17
1745591555013 0.7324620682585967 18
1745592121162 0.72951616497759 19
1745592683044 0.7329767124962369 20
1745593245990 0.7312712578568443 21
1745593803302 0.7283589122779107 22
1745594351547 0.7269316196084125 23
1745594886465 0.7319120414138557 24
1745595415435 0.730901281775163 25
1745595959916 0.7327850353630492 26
1745596392427 0.7245996674193447 27
1745596460224 0.7280288094527793 28
1745596881548 0.7308519735566629 29
