1745581921135 0.36705461056397787 0
1745582243940 0.7305282005370877 1
1745582610579 0.794986571172713 2
1745583231563 0.8191584601610725 3
1745583846477 0.8021486123544492 4
1745584407288 0.8111011638316193 5
1745584973759 0.8173679498656385 6
1745585535885 0.8334825425245449 7
1745586093790 0.8057296329453173 8
1745586648696 0.8075201432407513 9
1745587199378 0.7439570277528429 10
1745587732916 0.7520143240822961 11
1745588270792 0.7708146821843536 12
1745588800759 0.7511190689345791 13
1745589336085 0.7520143240822961 14
1745589869757 0.7618621307071833 15
1745590426295 0.7654431512980514 16
1745590990611 0.7609668755594663 17
1745591555013 0.7699194270366365 18
1745592121162 0.7672336615934855 19
1745592683044 0.7672336615934855 20
1745593245990 0.7645478961503344 21
1745593803302 0.7618621307071833 22
1745594351547 0.7645478961503344 23
1745594886465 0.7681289167412024 24
1745595415435 0.7681289167412024 25
1745595959916 0.7681289167412024 26
1745596392427 0.7618621307071833 27
1745596460224 0.7654431512980514 28
1745596881548 0.7663384064457684 29
