1745485141234 0.5182033096427806 0
1745485378941 0.7334736841606407 1
1745485433012 0.733054393255591 2
1745485536696 0.7484089944345869 3
1745485574389 0.7650551314174185 4
1745485612461 0.7587700302661411 5
1745485651803 0.7710437709938848 6
1745485691410 0.7721410145673806 7
1745485730031 0.7659033078381138 8
1745485770178 0.7923211168784097 9
1745485812651 0.7641633728089756 10
1745485851019 0.7706032284972182 11
1745485890157 0.7594178081692083 12
1745486079743 0.7791757049391338 13
1745486116415 0.7723542116130614 14
1745486154457 0.777097902047862 15
1745486216024 0.7819287575520609 16
1745486292624 0.7793671434263586 17
1745486329871 0.7768166089465294 18
1745486367409 0.7777298229970406 19
1745486408348 0.7816291160678347 20
1745486446640 0.777537796926236 21
1745486484994 0.7790294626882854 22
1745486523254 0.7857142856642537 23
1745486576194 0.7800865800365667 24
