1745485090319 0.9554039532175431 0
1745485172029 0.3524934368637892 0
1745485409838 0.25487429877886403 0
1745485463455 0.21863116983037728 0
1745485568144 0.17133346242973438 0
1745485605984 0.13138769352092192 0
1745485644416 0.10781054377842408 0
1745485684052 0.08479291759431362 0
1745485724124 0.07188439799042848 0
1745485763959 0.052698914964611716 0
1745485802330 0.038944651874212116 0
1745485844795 0.0326264204743963 0
1745485883454 0.025703582608212646 0
1745485921924 0.01743662855229699 0
1745486110289 0.013109439455617506 0
1745486147273 0.01121987422140172 0
1745486185617 0.009958351057810852 0
1745486247033 0.008566516760485964 0
1745486323462 0.007699740423749273 0
1745486361116 0.007633132801856846 0
1745486398985 0.007841908623679327 0
1745486440213 0.0067571762214916255 0
1745486478621 0.006415666573537657 0
1745486517559 0.006286378517800655 0
1745486555526 0.005980744393757329 0
