1745485141234 0.32748738442387193 0
1745485378941 0.5349156726575663 1
1745485433012 0.5430212382954305 2
1745485536696 0.5693147008742255 3
1745485574389 0.6780764939561443 4
1745485612461 0.6467720973407093 5
1745485651803 0.6518828978521714 6
1745485691410 0.6521786122613089 7
1745485730031 0.6285046236009818 8
1745485770178 0.6985492850106932 9
1745485812651 0.678623842377691 10
1745485851019 0.6518371011330953 11
1745485890157 0.6554708052312701 12
1745486079743 0.6794175026658398 13
1745486116415 0.6740666018450258 14
1745486154457 0.679830983726659 15
1745486216024 0.6890161336367331 16
1745486292624 0.6836998799978811 17
1745486329871 0.6777566880037024 18
1745486367409 0.6810798114643158 19
1745486408348 0.6941212219192704 20
1745486446640 0.6841086553727783 21
1745486484994 0.6842840279802076 22
1745486523254 0.6926313640698247 23
1745486576194 0.6840025220911392 24
