1745485141234 0.2684348071745857 0
1745485378941 0.6101491482425677 1
1745485433012 0.6998434874721196 2
1745485536696 0.7118831420315952 3
1745485574389 0.7221527009519266 4
1745485612461 0.7310360249950089 5
1745485651803 0.7114907205124145 6
1745485691410 0.736952117543844 7
1745485730031 0.7168952394262826 8
1745485770178 0.7863123454052583 9
1745485812651 0.7224119002242205 10
1745485851019 0.763024861572418 11
1745485890157 0.7130240664177807 12
1745486079743 0.7470015904941724 13
1745486116415 0.7497041050149877 14
1745486154457 0.745391891268375 15
1745486216024 0.7514024745512852 16
1745486292624 0.7527490643639011 17
1745486329871 0.7545361108547651 18
1745486367409 0.7523604342564982 19
1745486408348 0.7557167250870752 20
1745486446640 0.7529927738898479 21
1745486484994 0.7519679828812996 22
1745486523254 0.7561194553425049 23
1745486576194 0.7533601027024772 24
