1745701769528 0.5363766048501374 0
1745701859503 0.6767502160760003 1
1745701924446 0.740359897172173 2
1745701990047 0.7491830065358864 3
1745702058155 0.8081952920661893 4
1745702124680 0.7852965747701933 5
1745702189955 0.7728395061727759 6
1745702254131 0.7897435897435222 7
1745702318574 0.7383540372670234 8
1745702382777 0.7568881685574751 9
1745702446754 0.7747524752474608 10
1745702510551 0.7687242798353277 11
1745702574322 0.7791771620486331 12
1745702638244 0.742187499999942 13
1745702702299 0.7708161582851796 14
1745702766021 0.7637987012986392 15
1745702830186 0.7621753246752628 16
1745702894572 0.751587301587242 17
1745702958952 0.8034334763947808 18
1745703023483 0.7521842732326646 19
1745703087655 0.791736930859967 20
1745703151536 0.7971259509720374 21
1745703215376 0.7866666666666011 22
1745703279368 0.7741137675184852 23
1745703343452 0.7845257903493523 24
1745703407512 0.7642740619901497 25
1745703471775 0.7659053833604595 26
1745703536291 0.7697368421051999 27
1745703600348 0.7777777777777137 28
1745703664510 0.7677261613691305 29
