1746193664044 0.0 0
1746193767943 0.0 1
1746193872921 0.0 2
1746193976091 0.0 3
1746194122891 0.26738790950684954 4
1746194336134 0.46165829414227094 5
1746194487540 0.589727905913676 6
1746194636019 0.5832525574421173 7
1746194785082 0.7391827312305514 8
1746194932927 0.7559633156960296 9
1746195078383 0.7363353155846968 10
1746195225035 0.7573575211035221 11
1746195371700 0.7651240330501151 12
1746195520307 0.7987402365594158 13
1746195698219 0.78583518099663 14
1746195846539 0.7907792113805664 15
1746195995730 0.7839516832336118 16
1746196144832 0.7850833403529252 17
1746196289025 0.7846484100788268 18
1746196437532 0.7962584299255635 19
1746196586009 0.790312578508207 20
1746196733589 0.7936569984152092 21
1746196880375 0.788370341410701 22
1746197026717 0.7914444606572911 23
1746197172070 0.7959104845545713 24
1746197320009 0.7870313314448313 25
1746197465074 0.7865261714054933 26
1746197611146 0.7879895972915126 27
1746197755572 0.7923807667050162 28
1746197903535 0.7913876411172367 29
