1745877115115 718.66550554548 0
1745877252355 330.9096008612185 1
1745877390181 270.01277923583984 2
1745877530196 210.68563173255143 3
1745877787313 118.70751595010563 4
1745878026750 70.70504527189294 5
1745878265161 52.270813435924296 6
1745878502318 39.96413139421113 7
1745878738711 31.45238056961371 8
1745878976854 24.986217596093002 9
1745879215833 20.634640440648916 10
1745879459521 19.480115627755925 11
1745879716297 15.769454089962707 12
1745879974287 12.514811788286481 13
1745880231245 9.598698260832807 14
1745880487912 7.704619436847921 15
1745880746192 6.509126432087957 16
1745881005435 6.685706883060689 17
1745881263954 4.009986887172777 18
1745881520412 3.174736344084448 19
1745881780335 2.6344356597686303 20
1745882041192 2.2253642136953316 21
1745882299420 1.9415953670229231 22
1745882560857 1.7132633437915725 23
1745882821178 1.6252534900392805 24
1745883081233 1.4327133553368705 25
1745883342463 1.3356617032265177 26
1745883604870 1.1418608451376155 27
1745883865596 1.0630969830921717 28
1745884124870 1.0917855482928607 29
