1745877118537 0.0 0
1745877255778 0.0 1
1745877393788 0.019339242528343382 2
1745877533612 0.20713867754392773 3
1745877791283 0.4723792952958014 4
1745878029681 0.5393162392662958 5
1745878268394 0.5291181363894738 6
1745878505470 0.5381663112507058 7
1745878741639 0.5532467531967595 8
1745878980032 0.5553145335725588 9
1745879218786 0.5553618133763153 10
1745879463407 0.5425170067528008 11
1745879720070 0.5477925417417275 12
1745879978599 0.5466048080479697 13
1745880235181 0.5459162081600055 14
1745880492399 0.5368331921600928 15
1745880750036 0.5343320848440855 16
1745881009344 0.5418088736702004 17
1745881267899 0.5466101694416217 18
1745881524322 0.4079262042575238 19
1745881784312 0.5252082419490984 20
1745882045090 0.5265017667344145 21
1745882303342 0.5290208240527496 22
1745882564840 0.537219730891656 23
1745882825236 0.5402504471771431 24
1745883085150 0.5261780104211903 25
1745883347150 0.539456085549596 26
1745883609398 0.5285338015303059 27
1745883869940 0.529592284035902 28
1745884128909 0.5337450374444495 29
