1745877118537 0.0 0
1745877255778 0.0 1
1745877393788 0.010143702451383612 2
1745877533612 0.07203119461179258 3
1745877791283 0.31057449882737664 4
1745878029681 0.3980620964527533 5
1745878268394 0.3835266152893677 6
1745878505470 0.3816349621012192 7
1745878741639 0.4598081900982507 8
1745878980032 0.46400160579180566 9
1745879218786 0.4709769084810478 10
1745879463407 0.4460521745432699 11
1745879720070 0.4369480573288517 12
1745879978599 0.4356465563388954 13
1745880235181 0.4492250028681935 14
1745880492399 0.4386583320374007 15
1745880750036 0.43908972508099947 16
1745881009344 0.4381421002753394 17
1745881267899 0.4372033202265383 18
1745881524322 0.38754232398778804 19
1745881784312 0.4336097357910791 20
1745882045090 0.4440311157580261 21
1745882303342 0.45110618872538544 22
1745882564840 0.46915583879014133 23
1745882825236 0.47154562262927696 24
1745883085150 0.4574640405753861 25
1745883347150 0.4695403818274356 26
1745883609398 0.45886349708935953 27
1745883869940 0.45858019015881724 28
1745884128909 0.46234433555648446 29
