1745581947438 0.43377308702279443 0
1745582601949 0.6985482493095684 1
1745582920856 0.7774891774391643 2
1745583432644 0.7667785234400665 3
1745584034432 0.7830229536095779 4
1745584626260 0.8024369016035807 5
1745585207894 0.8060215053263513 6
1745585709584 0.7724999999501748 7
1745586217146 0.791595197205595 8
1745586738387 0.7863247862748216 9
1745587255211 0.7930434782108419 10
1745587773482 0.7972088965919174 11
1745588289397 0.7937181663337679 12
1745588790267 0.8022501081282638 13
1745589297875 0.7880341879842232 14
1745589819965 0.8099824868151018 15
1745590343297 0.797940797890816 16
1745590851421 0.8048463867955074 17
1745591359330 0.7946849549435925 18
1745591872575 0.7941680960049087 19
1745592385723 0.7953865868786995 20
1745592900838 0.796588486090769 21
1745593408877 0.8031021111089842 22
1745593925558 0.8062690465324662 23
1745594448499 0.8034707157851187 24
1745594987581 0.7930004267532843 25
1745595531956 0.7987936233881747 26
1745596040751 0.7967479674297038 27
1745596404703 0.7946620748531475 28
1745596806590 0.7963917525273326 29
