1745581947438 0.1285567899094495 0
1745582601949 0.4419198298826027 1
1745582920856 0.5805590156281745 2
1745583432644 0.611186770497778 3
1745584034432 0.694593327791484 4
1745584626260 0.7119989492440332 5
1745585207894 0.7052352031491019 6
1745585709584 0.656001905637162 7
1745586217146 0.6982497528082665 8
1745586738387 0.7046751770122437 9
1745587255211 0.704050697201527 10
1745587773482 0.7106421406558684 11
1745588289397 0.6917823276196368 12
1745588790267 0.7113404870487093 13
1745589297875 0.674393889403193 14
1745589819965 0.7604783486106773 15
1745590343297 0.701300874441034 16
1745590851421 0.7231787897898242 17
1745591359330 0.6957320094886634 18
1745591872575 0.7039769978399273 19
1745592385723 0.7056348412635196 20
1745592900838 0.6964256872382582 21
1745593408877 0.7149293483071096 22
1745593925558 0.719327721209331 23
1745594448499 0.7159153571948178 24
1745594987581 0.6794120974584076 25
1745595531956 0.6912941868694211 26
1745596040751 0.6997076719745312 27
1745596404703 0.6879920117638221 28
1745596806590 0.6937303306572702 29
