1745738770049 0.3357206803938822 0
1745738836312 0.6589077887197261 1
1745738901117 0.7135183527304643 2
1745738966314 0.7251566696507855 3
1745739030836 0.7439570277528429 4
1745739096987 0.7547000895254472 5
1745739162021 0.7547000895254472 6
1745739226987 0.7555953446731642 7
1745739293387 0.7564905998208812 8
1745739358370 0.7511190689345791 9
1745739422749 0.749328558639145 10
1745739486811 0.746642793195994 11
1745739551406 0.7502238137868621 12
1745739615307 0.7421665174574089 13
1745739679392 0.745747538048277 14
1745739743560 0.745747538048277 15
1745739808437 0.7448522829005599 16
1745739872554 0.7475380483437111 17
1745739937137 0.7421665174574089 18
1745740002809 0.7538048343777302 19
1745740066993 0.746642793195994 20
1745740131494 0.7448522829005599 21
1745740196000 0.7475380483437111 22
1745740260888 0.743061772605126 23
1745740326103 0.7475380483437111 24
1745740391170 0.7538048343777302 25
1745740455281 0.749328558639145 26
1745740519475 0.749328558639145 27
1745740583872 0.746642793195994 28
1745740648033 0.745747538048277 29
