1746693957371 0.01941747571075044 0
1746694084824 0.505146476593542 1
1746694187743 0.7248495270351406 2
1746694283787 0.7564810879228643 3
1746694405254 0.7929401635315807 4
1746694530653 0.7899231425631901 5
1746694655797 0.7800759813768589 6
1746694779612 0.8013669371563581 7
1746694875366 0.809931506799341 8
1746694988224 0.8030431106855062 9
1746695115215 0.7943686006326363 10
1746695241140 0.8023900981147858 11
1746695363272 0.7863247862748216 12
1746695477446 0.7924366136156756 13
1746695572538 0.7895181740836476 14
1746695696887 0.7855010660481261 15
1746695822001 0.7939784945736642 16
1746695947821 0.7839999999501103 17
1746696072398 0.7921635433912769 18
1746696196621 0.8039552879981604 19
1746696321687 0.7906382978223949 20
1746696446240 0.7900812312454586 21
1746696571421 0.8006858122089154 22
1746696696990 0.7960666951189083 23
1746696821915 0.8010358221338534 24
1746696947356 0.7948608136545222 25
1746697072198 0.7941805733347103 26
1746697197842 0.7941929973881255 27
1746697322174 0.801202232667919 28
1746697446520 0.7994836488312453 29
