1746693957371 0.10084033613436905 0
1746694084824 0.452803406671366 1
1746694187743 0.6972704714639621 2
1746694283787 0.7200647249190356 3
1746694405254 0.7636815920397376 4
1746694530653 0.7551020408162649 5
1746694655797 0.7380191693290145 6
1746694779612 0.7663398692809831 7
1746694875366 0.77604593929444 8
1746694988224 0.7606084867893707 9
1746695115215 0.7587612061939072 10
1746695241140 0.7667210440456145 11
1746695363272 0.7522485690923342 12
1746695477446 0.7619834710743172 13
1746695572538 0.7477982385908128 14
1746695696887 0.7499999999999389 15
1746695822001 0.764072847682056 16
1746695947821 0.7400635930047106 17
1746696072398 0.7554833468724 18
1746696196621 0.7733664185276449 19
1746696321687 0.7534468775344076 20
1746696446240 0.756137479541673 21
1746696571421 0.7680921052630947 22
1746696696990 0.761865793780625 23
1746696821915 0.7733333333332688 24
1746696947356 0.7619047619046994 25
1746697072198 0.7606557377048556 26
1746697197842 0.7591836734693258 27
1746697322174 0.7698019801979562 28
1746697446520 0.7696768848383786 29
