1746693957371 0.01074306177260423 0
1746694084824 0.5711727842434583 1
1746694187743 0.7547000895254472 2
1746694283787 0.7967770814681471 3
1746694405254 0.8245299910473747 4
1746694530653 0.8281110116382427 5
1746694655797 0.8272157564905257 6
1746694779612 0.839749328558564 7
1746694875366 0.8469113697403001 8
1746694988224 0.8504923903311682 9
1746695115215 0.8334825425245449 10
1746695241140 0.8415398388539981 11
1746695363272 0.8236347358996576 12
1746695477446 0.8254252461950917 13
1746695572538 0.8361683079676959 14
1746695696887 0.8245299910473747 15
1746695822001 0.8263205013428088 16
1746695947821 0.8334825425245449 17
1746696072398 0.8325872873768279 18
1746696196621 0.837063563115413 19
1746696321687 0.8316920322291108 20
1746696446240 0.8272157564905257 21
1746696571421 0.8361683079676959 22
1746696696990 0.8334825425245449 23
1746696821915 0.8307967770813938 24
1746696947356 0.8307967770813938 25
1746697072198 0.8307967770813938 26
1746697197842 0.8325872873768279 27
1746697322174 0.8352730528199789 28
1746697446520 0.8316920322291108 29
