1746693957371 0.0024355591637907114 0
1746694084824 0.29919695206877095 1
1746694187743 0.5607281732175314 2
1746694283787 0.6639596744539773 3
1746694405254 0.7701803585092727 4
1746694530653 0.7684756187074312 5
1746694655797 0.7671737995171589 6
1746694779612 0.7785295552551242 7
1746694875366 0.7896897378319453 8
1746694988224 0.7872995868885231 9
1746695115215 0.758384101199852 10
1746695241140 0.7755392841719074 11
1746695363272 0.7649109997045838 12
1746695477446 0.7643400338090672 13
1746695572538 0.786372818947507 14
1746695696887 0.7653844245861077 15
1746695822001 0.769014415676164 16
1746695947821 0.7781356436933609 17
1746696072398 0.7722528406261883 18
1746696196621 0.7878978350311567 19
1746696321687 0.7731755736780008 20
1746696446240 0.7686699305306169 21
1746696571421 0.7809151761115619 22
1746696696990 0.7782106092439423 23
1746696821915 0.7730836226889403 24
1746696947356 0.7702052813880814 25
1746697072198 0.7711215913318934 26
1746697197842 0.7795134172422079 27
1746697322174 0.772759008153421 28
1746697446520 0.775330792635053 29
