1746198637390 722.3909245705117 0
1746198706545 433.64621127381616 1
1746198775538 337.21901251345264 2
1746198846798 287.98062772166975 3
1746198958753 134.25562496574557 4
1746199070727 73.45501911396883 5
1746199184311 52.96796641057851 6
1746199294070 40.00857049591687 7
1746199405817 30.676117410465164 8
1746199518550 23.463802415497447 9
1746199626289 18.883399496273118 10
1746199734435 14.854491545229543 11
1746199845330 11.749997246022128 12
1746199954144 9.08034526085367 13
1746200064162 8.731628379043268 14
1746200172749 7.139199072000932 15
1746200280938 5.114669558953266 16
1746200391527 3.718226583636537 17
1746200501184 2.9448596968942757 18
1746200610217 2.325940750083145 19
1746200718483 1.9861342493368654 20
1746200827513 1.7980062037098163 21
1746200939051 1.5728367786018216 22
1746201052477 1.3238456468192898 23
1746201164066 1.2287374868684886 24
1746201271888 1.1115872154430466 25
1746201380204 0.979521565899557 26
1746201488790 0.9386738429264146 27
1746201596045 0.803631354351433 28
1746201704018 0.8309858648144469 29
