1746198640303 0.0 0
1746198709070 0.0 1
1746198777928 0.015624999967205556 2
1746198849293 0.08558030476134441 3
1746198961601 0.6898625429053488 4
1746199073732 0.7576158939896775 5
1746199186954 0.7785805354366745 6
1746199297088 0.7981099655857518 7
1746199408279 0.7781052631080054 8
1746199520989 0.7798430400163222 9
1746199628931 0.7762326168906876 10
1746199737077 0.7914712153018568 11
1746199847736 0.789086184445437 12
1746199956820 0.7759197323916248 13
1746200067318 0.7868284228269329 14
1746200175335 0.7961921245713627 15
1746200283727 0.8059181896801687 16
1746200394436 0.790777113528177 17
1746200503807 0.7938011191923641 18
1746200612820 0.7881899871130591 19
1746200720936 0.7894288149543092 20
1746200830026 0.7952320135728703 21
1746200941660 0.791613179239717 22
1746201055116 0.7923728813060076 23
1746201166436 0.7964071855787732 24
1746201274532 0.790419161626678 25
1746201382960 0.7892720306013936 26
1746201491160 0.7929704242963572 27
1746201598612 0.7906183368370383 28
1746201706388 0.7905982905483256 29
