1746198640303 0.0 0
1746198709070 0.0 1
1746198777928 0.0025679934595292343 2
1746198849293 0.01310474822347076 3
1746198961601 0.46972694747198596 4
1746199073732 0.5777614196576498 5
1746199186954 0.6711638012321821 6
1746199297088 0.7255296948127062 7
1746199408279 0.6945272855850129 8
1746199520989 0.6792983383586032 9
1746199628931 0.6869337797935826 10
1746199737077 0.7102179865662155 11
1746199847736 0.6995192775144441 12
1746199956820 0.6810195121589282 13
1746200067318 0.696465572560922 14
1746200175335 0.7146091451846927 15
1746200283727 0.7118432993018909 16
1746200394436 0.6921555224965906 17
1746200503807 0.7017873046671862 18
1746200612820 0.6954477110788286 19
1746200720936 0.6965508136623886 20
1746200830026 0.706705407165588 21
1746200941660 0.7031755897466573 22
1746201055116 0.7055641644611694 23
1746201166436 0.7112459146516211 24
1746201274532 0.7019145962712577 25
1746201382960 0.7034376749519378 26
1746201491160 0.7055623429061284 27
1746201598612 0.7070011756879025 28
1746201706388 0.706022673455607 29
