1745701637235 1.1084050335446183 0
1745701702138 0.4934031729187284 1
1745701767470 0.324299300203518 2
1745701835065 0.26188504224529074 3
1745701900381 0.1894294247791475 4
1745701964673 0.1484329148518796 5
1745702028875 0.11810052086960296 6
1745702096256 0.093813758761603 7
1745702164413 0.07529353639300988 8
1745702229180 0.060822744511676075 9
1745702294097 0.050375167831626474 10
1745702358344 0.04092804357713582 11
1745702422514 0.03628164601075102 12
1745702486738 0.030989270932896405 13
1745702551000 0.027085414365390127 14
1745702616464 0.021297194994986057 15
1745702680731 0.017298233619301905 16
1745702744946 0.014113423780405096 17
1745702809191 0.011938785963064554 18
1745702873305 0.010478942731053245 19
1745702937633 0.00935696457911815 20
1745703001782 0.008980295426041191 21
1745703066209 0.008237251719668964 22
1745703130803 0.00715605625692679 23
1745703195689 0.006566043156769355 24
1745703260816 0.005940576019810931 25
1745703325596 0.005481167729677898 26
1745703390091 0.005445059348486972 27
1745703454554 0.004801758304856033 28
1745703519171 0.004600760386781577 29
