1745701637235 2e-05 0
1745701702138 2e-05 1
1745701767470 2e-05 2
1745701835065 8e-05 3
1745701900381 8e-05 4
1745701964673 8e-05 5
1745702028875 8e-05 6
1745702096256 8e-05 7
1745702164413 8e-05 8
1745702229180 8e-05 9
1745702294097 8e-05 10
1745702358344 8e-05 11
1745702422514 8e-05 12
1745702486738 8e-05 13
1745702551000 8e-05 14
1745702616464 6.400000000000001e-05 15
1745702680731 6.400000000000001e-05 16
1745702744946 5.120000000000001e-05 17
1745702809191 5.120000000000001e-05 18
1745702873305 4.0960000000000014e-05 19
1745702937633 4.0960000000000014e-05 20
1745703001782 3.276800000000001e-05 21
1745703066209 3.276800000000001e-05 22
1745703130803 2.6214400000000008e-05 23
1745703195689 2.6214400000000008e-05 24
1745703260816 2.097152000000001e-05 25
1745703325596 2.097152000000001e-05 26
1745703390091 1.6777216000000006e-05 27
1745703454554 1.6777216000000006e-05 28
1745703519171 1.3421772800000009e-05 29
