1745701638720 0.09724996419200617 0
1745701703606 0.38541225986309663 1
1745701769452 0.4656428946290355 2
1745701836524 0.5803283268320135 3
1745701901866 0.6014837103282531 4
1745701966145 0.564018899108414 5
1745702031310 0.5780037435537085 6
1745702097738 0.5854333442824528 7
1745702165901 0.6103772422089574 8
1745702230632 0.5898885268580769 9
1745702295557 0.5876634564675005 10
1745702359814 0.5981458120622254 11
1745702423979 0.596538114122891 12
1745702488196 0.5972534578718105 13
1745702553632 0.5948518863082218 14
1745702617966 0.6037074618930487 15
1745702682204 0.6037671763097453 16
1745702746397 0.6077094505019731 17
1745702810649 0.6050351461678518 18
1745702874828 0.5983904611480468 19
1745702939089 0.5964580570766375 20
1745703003243 0.608733511552337 21
1745703067675 0.6069253822566618 22
1745703132269 0.6012482572229574 23
1745703197489 0.6027387248116414 24
1745703262302 0.5993749706199416 25
1745703327046 0.6069654920668055 26
1745703391547 0.6063720689584712 27
1745703456079 0.6099854707328631 28
1745703520628 0.6072759394192626 29
