1745831034202 2e-05 0
1745831234524 2e-05 1
1745831432630 2e-05 2
1745831632166 8e-05 3
1745831830634 8e-05 4
1745832026369 8e-05 5
1745832222490 8e-05 6
1745832418308 8e-05 7
1745832615515 8e-05 8
1745832813124 8e-05 9
1745833009235 8e-05 10
1745833205822 8e-05 11
1745833402563 8e-05 12
1745833599326 8e-05 13
1745833795973 8e-05 14
1745833992692 8e-05 15
1745834189191 8e-05 16
1745834385475 8e-05 17
1745834581175 6.400000000000001e-05 18
1745834779132 6.400000000000001e-05 19
1745834976708 5.120000000000001e-05 20
1745835173315 5.120000000000001e-05 21
1745835369837 4.0960000000000014e-05 22
1745835566759 4.0960000000000014e-05 23
1745835764259 3.276800000000001e-05 24
1745835961506 3.276800000000001e-05 25
1745836158171 2.6214400000000008e-05 26
1745836354254 2.6214400000000008e-05 27
1745836550842 2.097152000000001e-05 28
1745836747161 2.097152000000001e-05 29
1745836944211 1.6777216000000006e-05 30
1745837142036 1.6777216000000006e-05 31
1745837340723 1.3421772800000009e-05 32
1745837540018 1.3421772800000009e-05 33
1745837738463 1.0737418240000007e-05 34
