1745831037555 0.6804733727810075 0
1745831236730 0.6982905982905386 1
1745831435233 0.7495479204339286 2
1745831634325 0.7717842323650812 3
1745831832838 0.7411290322580047 4
1745832028715 0.6747648902820788 5
1745832225017 0.750447227191346 6
1745832420862 0.7344978165938223 7
1745832618074 0.768602540834776 8
1745832815078 0.7426008968609199 9
1745833011501 0.7580071174376549 10
1745833208192 0.7349914236706059 11
1745833405006 0.49290981281903046 12
1745833601549 0.7396551724137294 13
1745833798136 0.7813357731014838 14
1745833994819 0.7637314734088262 15
1745834191230 0.7698275862068301 16
1745834387638 0.7650501672240163 17
1745834583204 0.7821276595744014 18
1745834781578 0.7391659852820327 19
1745834978878 0.7775768535261502 20
1745835175916 0.7559681697612063 21
1745835372240 0.7559681697612063 22
1745835569868 0.7861111111110383 23
1745835766608 0.7675868210150696 24
1745835963717 0.7865685372584372 25
1745836160395 0.7788898999089373 26
1745836356423 0.7592592592591922 27
1745836553043 0.7515364354696442 28
1745836749558 0.7550660792950876 29
1745836946866 0.7611012433391864 30
1745837145756 0.7532808398949472 31
1745837344710 0.7605633802816232 32
1745837543841 0.7428817946504968 33
1745837740973 0.7439236111110465 34
