1745831037555 0.5674689038989226 0
1745831236730 0.6458981042553712 1
1745831435233 0.696982018021017 2
1745831634325 0.7643766995792538 3
1745831832838 0.7704510781060425 4
1745832028715 0.7281614977069568 5
1745832225017 0.6788971829830367 6
1745832420862 0.7155234711463273 7
1745832618074 0.7230448859464786 8
1745832815078 0.7082658379032847 9
1745833011501 0.7210646412178574 10
1745833208192 0.7307419296627409 11
1745833405006 0.7446435065537168 12
1745833601549 0.7322318489572004 13
1745833798136 0.7357829383830902 14
1745833994819 0.7526106538551686 15
1745834191230 0.7531008746941551 16
1745834387638 0.7707753084071961 17
1745834583204 0.7697323183122685 18
1745834781578 0.7572074848430509 19
1745834978878 0.7360067259913297 20
1745835175916 0.737049239493496 21
1745835372240 0.7265379843416742 22
1745835569868 0.733803216228699 23
1745835766608 0.7422598405342532 24
1745835963717 0.7300188920588424 25
1745836160395 0.733670886931225 26
1745836356423 0.7418805612841839 27
1745836553043 0.7323443593832896 28
1745836749558 0.7363859506219145 29
1745836946866 0.7317314922781808 30
1745837145756 0.7427313388003014 31
1745837344710 0.7452411443545484 32
1745837543841 0.7404133141303727 33
1745837740973 0.7336652811512778 34
