1745831037555 0.7206803939122004 0
1745831236730 0.7314234556848047 1
1745831435233 0.7421665174574089 2
1745831634325 0.8325872873768279 3
1745831832838 0.8227394807519406 4
1745832028715 0.7708146821843536 5
1745832225017 0.7511190689345791 6
1745832420862 0.7529095792300131 7
1745832618074 0.7582811101163153 8
1745832815078 0.7412712623096919 9
1745833011501 0.7627573858549004 10
1745833208192 0.7672336615934855 11
1745833405006 0.7779767233660897 12
1745833601549 0.7681289167412024 13
1745833798136 0.7645478961503344 14
1745833994819 0.7842435094001088 15
1745834191230 0.7994628469112981 16
1745834387638 0.8191584601610725 17
1745834583204 0.8227394807519406 18
1745834781578 0.8093106535361854 19
1745834978878 0.7699194270366365 20
1745835175916 0.7654431512980514 21
1745835372240 0.7654431512980514 22
1745835569868 0.7600716204117492 23
1745835766608 0.7717099373320705 24
1745835963717 0.7654431512980514 25
1745836160395 0.7663384064457684 26
1745836356423 0.7708146821843536 27
1745836553043 0.7663384064457684 28
1745836749558 0.7672336615934855 29
1745836946866 0.7672336615934855 30
1745837145756 0.7708146821843536 31
1745837344710 0.7735004476275046 32
1745837543841 0.7708146821843536 33
1745837740973 0.7672336615934855 34
