1745750778655 2e-05 0
1745750839611 2e-05 1
1745750900740 2e-05 2
1745750961074 8e-05 3
1745751022128 8e-05 4
1745751084217 8e-05 5
1745751145273 8e-05 6
1745751206496 8e-05 7
1745751268324 8e-05 8
1745751329437 8e-05 9
1745751390706 8e-05 10
1745751451856 8e-05 11
1745751512987 6.400000000000001e-05 12
1745751574111 6.400000000000001e-05 13
1745751635317 5.120000000000001e-05 14
1745751696546 5.120000000000001e-05 15
1745751758081 4.0960000000000014e-05 16
1745751819240 4.0960000000000014e-05 17
1745751880401 3.276800000000001e-05 18
1745751941592 3.276800000000001e-05 19
