1745750778655 0.844025193732612 0
1745750839611 0.2781543255764611 1
1745750900740 0.20290119885181895 2
1745750961074 0.19258432037064008 3
1745751022128 0.14579736973558152 4
1745751084217 0.11315986476078325 5
1745751145273 0.08748631369398564 6
1745751206496 0.06622600551618606 7
1745751268324 0.05257956725450195 8
1745751329437 0.04162970367743044 9
1745751390706 0.03630370578291465 10
1745751451856 0.029175791300225015 11
1745751512987 0.02181329857558012 12
1745751574111 0.01693165758434607 13
1745751635317 0.012644739783540065 14
1745751696546 0.011519281659275293 15
1745751758081 0.009360690002462693 16
1745751819240 0.007591797433299374 17
1745751880401 0.006630418667740816 18
1745751941592 0.005521945104155005 19
