1745750779589 0.5907744392222106 0
1745750840514 0.7830271215597561 1
1745750901647 0.7747906566268938 2
1745750961978 0.7745614034587243 3
1745751023077 0.8129088529809259 4
1745751085120 0.7891986062217446 5
1745751146205 0.7794056089915852 6
1745751207985 0.8035866780029839 7
1745751269231 0.7972389990871841 8
1745751330372 0.7944969904917123 9
1745751391617 0.7885027884528074 10
1745751452768 0.8018990072870688 11
1745751513891 0.8090869374772628 12
1745751575021 0.8074588030722685 13
1745751636232 0.8076422057684723 14
