1745750779589 0.34963702351763065 0
1745750840514 0.6121524454860212 1
1745750901647 0.6296735702171637 2
1745750961978 0.6587441875202368 3
1745751023077 0.7286771079267703 4
1745751085120 0.7304935111333044 5
1745751146205 0.6612187007332921 6
1745751207985 0.6741921930073487 7
1745751269231 0.6729064924264041 8
1745751330372 0.6821614913794095 9
1745751391617 0.662336440800613 10
1745751452768 0.6903043963459716 11
1745751513891 0.6930201612843866 12
1745751575021 0.7017799214292512 13
1745751636232 0.701873666042875 14
1745751697751 0.7133000246679697 15
1745751758990 0.6969099731804089 16
1745751820140 0.6915630265410673 17
1745751881307 0.7055095699017653 18
1745751943158 0.6923002283447424 19
