1746778454857 0.7483545541763306 0
1746778646666 0.22994003460115317 1
1746778837556 0.17415462958873534 2
1746779029037 0.14315764666820058 3
1746779222018 0.10853788435307084 4
1746779413653 0.0900815310222762 5
1746779602753 0.06577897223891044 6
1746779792872 0.05030483554820625 7
1746779982664 0.03866884129464018 8
1746780171662 0.031589507695515544 9
1746780360513 0.03711372292695605 10
1746780556773 0.03575615017503804 11
1746780751858 0.027909998896018584 12
1746780949187 0.022732395992367243 13
1746781146333 0.016238091926907703 14
1746781343222 0.011198937897665464 15
1746781539649 0.008600362593175046 16
1746781736062 0.009237596586973843 17
1746781932364 0.005857610592751631 18
1746782136375 0.004440272428874611 19
1746782335804 0.0033073811120667247 20
1746782536455 0.002938445726390548 21
1746782732878 0.0027669936600283776 22
1746782929857 0.002890365075899706 23
1746783128709 0.00250030370673868 24
1746783326059 0.0018712462680960757 25
1746783524095 0.0015654913348749242 26
1746783725249 0.001289198748833899 27
1746783922238 0.0010633404810356964 28
1746784120063 0.0009762402805048326 29
