1746778457234 0.6616161616161059 0
1746778649393 0.7520458265138501 1
1746778840222 0.7752332485156255 2
1746779031697 0.761750405186324 3
1746779224020 0.802780191138071 4
1746779415958 0.791843670348276 5
1746779605701 0.7725779967158642 6
1746779795326 0.7937608318890127 7
1746779985037 0.7606907894736217 8
1746780173657 0.7566909975668485 9
1746780363199 0.7461724415793113 10
1746780559457 0.7655343827671279 11
1746780754198 0.7710638297871684 12
1746780951299 0.7790008467399848 13
1746781148554 0.7797319932997672 14
1746781345353 0.7911338448422173 15
1746781541703 0.7649958915365025 16
1746781738078 0.7746478873238795 17
1746781935489 0.7828618968385371 18
1746782140037 0.7710743801652254 19
1746782339136 0.770303527481479 20
1746782538863 0.7763923524521382 21
1746782735242 0.7699260476581126 22
1746782933187 0.7798013245032467 23
1746783131344 0.7795341098169069 24
1746783328954 0.7764804003335466 25
1746783527633 0.7728395061727759 26
1746783728206 0.7782357790601172 27
1746783924985 0.7725779967158642 28
1746784123277 0.778517901748478 29
