1746778457234 0.47964539074879975 0
1746778649393 0.6698080664534422 1
1746778840222 0.7146313115030428 2
1746779031697 0.7129780167417307 3
1746779224020 0.7305897467122082 4
1746779415958 0.7305269053686756 5
1746779605701 0.711314660837006 6
1746779795326 0.720791824168049 7
1746779985037 0.7178575672551196 8
1746780173657 0.6876416739631757 9
1746780363199 0.6871360748256468 10
1746780559457 0.689166033882407 11
1746780754198 0.6854273939219914 12
1746780951299 0.7052083311647545 13
1746781148554 0.7283554430477306 14
1746781345353 0.7284297108142026 15
1746781541703 0.7076205799192685 16
1746781738078 0.6961640660268422 17
1746781935489 0.7203344158807183 18
1746782140037 0.7155631548178019 19
1746782339136 0.7028688123050888 20
1746782538863 0.709454133585338 21
1746782735242 0.7207873812762118 22
1746782933187 0.7070425651088428 23
1746783131344 0.7075300132914862 24
1746783328954 0.7062668698660762 25
1746783527633 0.7072650601874346 26
1746783728206 0.7088052694831843 27
1746783924985 0.7084789030692964 28
1746784123277 0.7147929006917914 29
