1746778457234 0.7036705461055771 0
1746778649393 0.8227394807519406 1
1746778840222 0.8182632050133556 2
1746779031697 0.8415398388539981 3
1746779224020 0.8272157564905257 4
1746779415958 0.8343777976722618 5
1746779605701 0.842435094001715 6
1746779795326 0.8200537153087896 7
1746779985037 0.8281110116382427 8
1746780173657 0.8352730528199789 9
1746780363199 0.8290062667859598 10
1746780559457 0.8272157564905257 11
1746780754198 0.8111011638316193 12
1746780951299 0.8236347358996576 13
1746781148554 0.8334825425245449 14
1746781345353 0.8307967770813938 15
1746781541703 0.8334825425245449 16
1746781738078 0.837063563115413 17
1746781935489 0.842435094001715 18
1746782140037 0.8352730528199789 19
1746782339136 0.840644583706281 20
1746782538863 0.8361683079676959 21
1746782735242 0.838854073410847 22
1746782933187 0.8433303491494321 23
1746783131344 0.838854073410847 24
1746783328954 0.8334825425245449 25
1746783527633 0.840644583706281 26
1746783728206 0.8451208594448661 27
1746783924985 0.842435094001715 28
1746784123277 0.837063563115413 29
