1746193905417 0.0 0
1746194032285 0.0 1
1746194160005 0.0 2
1746194288123 0.0 3
1746194539897 0.0033277870084871025 4
1746194873668 0.0 5
1746195123600 0.0047430829832902244 6
1746195451587 0.010159651638378016 7
1746195703360 0.004282655213928056 8
1746195954543 0.01496598635806164 9
1746196207450 0.012362637326911662 10
1746196457738 0.007838014330234164 11
1746196708717 0.015246015211037295 12
1746196961458 0.012162162125137965 13
1746197211429 0.04900816798260105 14
1746197464651 0.0578213732087844 15
1746197717451 0.04875571351108355 16
1746197968012 0.03064699200806798 17
1746198224409 0.05166418276232131 18
1746198475233 0.0640569394526941 19
1746198727928 0.05021834056375576 20
