1746193905417 0.0 0
1746194032285 0.0 1
1746194160005 0.0 2
1746194288123 0.0 3
1746194539897 0.0017905102954340383 4
1746194873668 0.0 5
1746195123600 0.0026857654431510576 6
1746195451587 0.006266786034019135 7
1746195703360 0.0026857654431510576 8
1746195954543 0.00984780662488721 9
1746196207450 0.008057296329453173 10
1746196457738 0.005371530886302115 11
1746196708717 0.00984780662488721 12
1746196961458 0.008057296329453173 13
1746197211429 0.03760071620411481 14
1746197464651 0.05013428827215308 15
1746197717451 0.04297224709041692 16
1746197968012 0.024171888988359518 17
1746198224409 0.046553267681284996 18
1746198475233 0.05640107430617221 19
1746198727928 0.04118173679498288 20
1746198977761 0.04386750223813394 21
1746199229090 0.04476275738585096 22
1746199478889 0.040286481647265865 23
1746199729664 0.05371530886302115 24
1746199978769 0.04476275738585096 25
1746200210071 0.04386750223813394 26
1746200447828 0.05013428827215308 27
1746200687447 0.05371530886302115 28
1746200919854 0.05192479856758711 29
