1745581946007 0.1310200972750016 0
1745582607320 0.46234268101457615 1
1745583226216 0.6097139923063317 2
1745583861706 0.625040751812951 3
1745584440748 0.6858569839939912 4
1745585015287 0.6650258278420496 5
1745585578345 0.6970507855489125 6
1745586146680 0.6860007630396632 7
1745586706243 0.7118086749424742 8
1745587265076 0.6905577753627453 9
1745587818806 0.7059487042540786 10
1745588362764 0.7072578407725616 11
1745588877510 0.7100445399756585 12
1745589416795 0.7282406267544602 13
1745589940890 0.7011081990640429 14
1745590501022 0.7102622553864424 15
1745591066199 0.7156393852702004 16
1745591626822 0.6910527109417882 17
1745592191730 0.7013838040712554 18
1745592748729 0.7147265769030116 19
1745593306956 0.6985982400442771 20
1745593868473 0.7031712049460054 21
1745594424374 0.7106811529085733 22
1745594985696 0.711955113594247 23
1745595541156 0.7080479642562187 24
1745596068258 0.7089116615230842 25
1745596406458 0.7056352281264212 26
1745596853864 0.6987396704208424 27
1745596921627 0.7014562163080355 28
1745596989998 0.7058285164612185 29
