1745581946007 0.4174287250730225 0
1745582607320 0.6945749679124543 1
1745583226216 0.7754749567721028 2
1745583861706 0.766064678656552 3
1745584440748 0.7920277295860313 4
1745585015287 0.7826847397838018 5
1745585578345 0.8001715265366406 6
1745586146680 0.7745336576957162 7
1745586706243 0.7970447630964311 8
1745587265076 0.7963446474695517 9
1745587818806 0.7916489134566527 10
1745588362764 0.7969283275950931 11
1745588877510 0.8035943516830193 12
1745589416795 0.8101811906316178 13
1745589940890 0.7993079584274962 14
1745590501022 0.8076923076423412 15
1745591066199 0.8019113813574457 16
1745591626822 0.7964376589831497 17
1745592191730 0.7998289135513992 18
1745592748729 0.8135593219838699 19
1745593306956 0.7989756721651489 20
1745593868473 0.8060475161486955 21
1745594424374 0.8086393088052828 22
1745594985696 0.808308091685165 23
1745595541156 0.8137212331240948 24
1745596068258 0.8093183778619889 25
1745596406458 0.808510638247847 26
1745596853864 0.8030756086642605 27
1745596921627 0.8096676736660063 28
1745596989998 0.8139130434282312 29
