1745581329529 0.90839976619701 0
1745582008452 0.3809475663061045 1
1745582670265 0.24924801609345845 2
1745583289556 0.19510733716341913 3
1745583923574 0.14383759646087277 4
1745584503532 0.11430036565478967 5
1745585076954 0.09023709325309918 6
1745585643795 0.07254272627131063 7
1745586209714 0.05960972017931695 8
1745586769969 0.04789653846195766 9
1745587327464 0.038095615823201985 10
1745587881108 0.03224748814934675 11
1745588424649 0.03102500168416573 12
1745588941255 0.026349299558799485 13
1745589480159 0.02099576704584214 14
1745590002866 0.017127025649141595 15
1745590562897 0.014118659923005164 16
1745591128787 0.011150277557079586 17
1745591688797 0.008695037213477249 18
1745592253608 0.007846991441269614 19
1745592811401 0.006472818877747548 20
1745593368866 0.00575844111985394 21
1745593930279 0.005181659694894084 22
1745594486259 0.004792461846479956 23
1745595047921 0.004511849923838614 24
1745595603997 0.004046882680921378 25
1745596130083 0.004007982623487787 26
1745596467738 0.003455718860448319 27
1745596915370 0.0033340401180107526 28
1745596984273 0.003179662473670834 29
