1745581329529 2e-05 0
1745582008452 2e-05 1
1745582670265 2e-05 2
1745583289556 8e-05 3
1745583923574 8e-05 4
1745584503532 8e-05 5
1745585076954 8e-05 6
1745585643795 8e-05 7
1745586209714 8e-05 8
1745586769969 8e-05 9
1745587327464 8e-05 10
1745587881108 8e-05 11
1745588424649 8e-05 12
1745588941255 8e-05 13
1745589480159 8e-05 14
1745590002866 6.400000000000001e-05 15
1745590562897 6.400000000000001e-05 16
1745591128787 5.120000000000001e-05 17
1745591688797 5.120000000000001e-05 18
1745592253608 4.0960000000000014e-05 19
1745592811401 4.0960000000000014e-05 20
1745593368866 3.276800000000001e-05 21
1745593930279 3.276800000000001e-05 22
1745594486259 2.6214400000000008e-05 23
1745595047921 2.6214400000000008e-05 24
1745595603997 2.097152000000001e-05 25
1745596130083 2.097152000000001e-05 26
1745596467738 1.6777216000000006e-05 27
1745596915370 1.6777216000000006e-05 28
1745596984273 1.3421772800000009e-05 29
