1745581946007 0.12953100856771105 0
1745582607320 0.42936704200004083 1
1745583226216 0.5850340034347139 2
1745583861706 0.5788975521050456 3
1745584440748 0.6948165947754057 4
1745585015287 0.6685403260238262 5
1745585578345 0.6883409466815288 6
1745586146680 0.6611021305049724 7
1745586706243 0.7168710129671749 8
1745587265076 0.6919466968838996 9
1745587818806 0.6948173304424972 10
1745588362764 0.6800212387721647 11
1745588877510 0.6909883110217826 12
1745589416795 0.7183511382883315 13
1745589940890 0.6880434931836418 14
1745590501022 0.6895965561779472 15
1745591066199 0.7064844312109285 16
1745591626822 0.6689029750955691 17
1745592191730 0.6905218766797433 18
1745592748729 0.7241705668600176 19
1745593306956 0.6974489121593843 20
1745593868473 0.7105303875556365 21
1745594424374 0.7141635280575842 22
1745594985696 0.7184770658426524 23
1745595541156 0.7128025737534156 24
1745596068258 0.7031961196920015 25
1745596406458 0.7111536640877889 26
1745596853864 0.6932652824381874 27
1745596921627 0.7078950840957453 28
1745596989998 0.709299000009098 29
