1745581946007 0.1361828824944171 0
1745582607320 0.5245234936599288 1
1745583226216 0.6501822029575539 2
1745583861706 0.7227285073755214 3
1745584440748 0.740404256722149 4
1745585015287 0.7236370683145625 5
1745585578345 0.7607578208783085 6
1745586146680 0.7878447226901509 7
1745586706243 0.7473710441255995 8
1745587265076 0.7501179022890349 9
1745587818806 0.7666947874589713 10
1745588362764 0.7692153237833395 11
1745588877510 0.7699853590941707 12
1745589416795 0.7692248910164304 13
1745589940890 0.7623778605269819 14
1745590501022 0.7804079506974226 15
1745591066199 0.7657322702068339 16
1745591626822 0.7712268982066655 17
1745592191730 0.7691886745172252 18
1745592748729 0.7688294881604494 19
1745593306956 0.7671016004036917 20
1745593868473 0.7651397937227019 21
1745594424374 0.765687158782336 22
1745594985696 0.767234950828668 23
1745595541156 0.7655140548292313 24
1745596068258 0.7697289803177955 25
1745596406458 0.7592633448510846 26
1745596853864 0.7661206252391369 27
1745596921627 0.7638447213025975 28
1745596989998 0.7618204298046245 29
