1745877233662 0.0 0
1745877343466 0.0 1
1745877455275 0.0 2
1745877567978 0.05945121948687851 3
1745877721035 0.42195704052297217 4
1745877876772 0.4711779448123394 5
1745878030039 0.5435540069186302 6
1745878187789 0.5367741934984176 7
1745878340389 0.5536332179430886 8
1745878492465 0.5526090675291792 9
1745878644254 0.550434782558689 10
1745878799789 0.5507121277014193 11
1745878952637 0.544104803443432 12
1745879105910 0.5459183672970181 13
1745879257939 0.5460869564717328 14
1745879425098 0.5452162515882513 15
1745879572335 0.5434969853074755 16
1745879721495 0.5480519480019547 17
1745879872088 0.5424892703363045 18
1745880024747 0.5446735394689349 19
1745880176111 0.5485564303961721 20
1745880325896 0.5494791666166651 21
1745880475959 0.5386576040282489 22
1745880626929 0.5445928478604067 23
1745880780133 0.5442764578333834 24
1745880931456 0.5415944540227948 25
1745881083213 0.5417201539936964 26
1745881235050 0.5450643776324415 27
1745881384891 0.5413276230763855 28
1745881536110 0.5445969124714823 29
