1745877233662 0.0 0
1745877343466 0.0 1
1745877455275 0.0 2
1745877567978 0.19999999999989745 3
1745877721035 0.45194274028625236 4
1745877876772 0.4416601409553295 5
1745878030039 0.52926208651395 6
1745878187789 0.5165562913906857 7
1745878340389 0.5355648535564406 8
1745878492465 0.5290745290744857 9
1745878644254 0.5350803043110283 10
1745878799789 0.5316666666666223 11
1745878952637 0.5311167945438592 12
1745879105910 0.5198380566801198 13
1745879257939 0.5308537616229475 14
1745879425098 0.5324232081910808 15
1745879572335 0.5236514522821142 16
1745879721495 0.5305951383067451 17
1745879872088 0.5210222588622818 18
1745880024747 0.5235342691989658 19
1745880176111 0.5363558597091073 20
1745880325896 0.5332771693344117 21
1745880475959 0.5125303152788591 22
1745880626929 0.524916943521551 23
1745880780133 0.5258764607679026 24
1745880931456 0.524769101595254 25
1745881083213 0.5188524590163509 26
1745881235050 0.523495465787261 27
1745881384891 0.518883415435097 28
1745881536110 0.5226337448559241 29
