1746201944828 0.6170790212158775 0
1746204701724 0.6941038496039565 1
1746207459711 0.6996807531927973 2
1746210215194 0.6603825529673848 3
1746212975456 0.676852894599855 4
1746215722568 0.7015675352964347 5
1746218469800 0.6953587373937883 6
1746221216822 0.6757031739672208 7
1746223971179 0.6970943577921608 8
1746226727646 0.6944644932385712 9
1746229475724 0.7068368124085367 10
1746232240155 0.6994213245580688 11
1746234996506 0.7110963960008486 12
1746237776265 0.6989486941338585 13
1746240557730 0.7217050167594043 14
