1746201944828 0.5481049562680618 0
1746204701724 0.5993975903612653 1
1746207459711 0.5953757225431805 2
1746210215194 0.5449735449734008 3
1746212975456 0.5722379603397812 4
1746215722568 0.5982404692080358 5
1746218469800 0.6135693215337423 6
1746221216822 0.5636856368562159 7
1746223971179 0.6070381231669775 8
1746226727646 0.5880681818180148 9
1746229475724 0.6058823529409982 10
1746232240155 0.5913043478259156 11
1746234996506 0.6253968253966269 12
1746237776265 0.6047197640116211 13
1746240557730 0.6234567901232644 14
