1745751004936 0.12920301936240713 0
1745751105766 0.4899798315588646 1
1745751207755 0.5676080126435834 2
1745751309928 0.6243582024219568 3
1745751410529 0.6533206945048856 4
1745751513137 0.6410527621477838 5
1745751615264 0.6548601918544771 6
1745751715970 0.6448836877393354 7
1745751816347 0.6798556368836027 8
1745751918296 0.6576393005925332 9
1745752018416 0.6820199696534253 10
1745752121323 0.6446161163222597 11
1745752222301 0.678416585995211 12
1745752323409 0.6875253718261469 13
1745752424546 0.6292465253413708 14
1745752525254 0.6669775457201741 15
1745752626042 0.6766869279453345 16
1745752728231 0.672398700911095 17
1745752829731 0.6733832235899071 18
1745752931205 0.6886204835988244 19
1745753035213 0.6907076974567812 20
1745753141226 0.6840124009760267 21
1745753242956 0.6966048473645252 22
