1745701638502 0.12039562760826265 0
1745701703158 0.4234339174975211 1
1745701767843 0.48166604277289893 2
1745701834391 0.5922032077008178 3
1745701899137 0.6027959791291768 4
1745701963923 0.5406110757400049 5
1745702028162 0.5752014939872387 6
1745702092176 0.6066933127992125 7
1745702157924 0.5913955003861504 8
1745702222000 0.6164595866332744 9
1745702286839 0.5719979267823322 10
1745702350625 0.6234118981498332 11
1745702414809 0.6055340042890006 12
1745702478578 0.5856958593233019 13
1745702543553 0.622923306409731 14
1745702607542 0.611520916593582 15
1745702671480 0.5999867979742912 16
1745702735495 0.6096546693372932 17
1745702799604 0.6145115745190398 18
1745702863513 0.5985328099724484 19
1745702927535 0.6127657234164398 20
1745702991249 0.5907398328979182 21
1745703055067 0.6040618297939843 22
1745703119525 0.6020951045672888 23
1745703183576 0.6136694710822967 24
1745703247813 0.5982109935633615 25
1745703311833 0.5988947708247914 26
1745703375953 0.6046910012619611 27
1745703439990 0.6021599216327131 28
1745703504009 0.5994890102695294 29
