1745701638502 0.3303491495075801 0
1745701703158 0.6678603401968963 1
1745701767843 0.700984780662426 2
1745701834391 0.7197851387644835 3
1745701899137 0.7358997314233898 4
1745701963923 0.745747538048277 5
1745702028162 0.7475380483437111 6
1745702092176 0.7502238137868621 7
1745702157924 0.7636526410026173 8
1745702222000 0.7439570277528429 9
1745702286839 0.7564905998208812 10
1745702350625 0.749328558639145 11
1745702414809 0.7547000895254472 12
1745702478578 0.7538048343777302 13
1745702543553 0.7439570277528429 14
1745702607542 0.7529095792300131 15
1745702671480 0.7609668755594663 16
1745702735495 0.748433303491428 17
1745702799604 0.7394807520142579 18
1745702863513 0.7609668755594663 19
1745702927535 0.7520143240822961 20
1745702991249 0.7520143240822961 21
1745703055067 0.7511190689345791 22
1745703119525 0.7591763652640323 23
1745703183576 0.7502238137868621 24
1745703247813 0.7555953446731642 25
1745703311833 0.7564905998208812 26
1745703375953 0.7529095792300131 27
1745703439990 0.7547000895254472 28
1745703504009 0.7529095792300131 29
