1746471967018 0.0 0
1746472050855 0.0 1
1746472134893 0.0 2
1746472219133 0.0003089280169734856 3
1746472346348 0.24079359764141167 4
1746472473844 0.3848873728786529 5
1746472601713 0.5154095108463767 6
1746472728074 0.5790714974650814 7
1746472825075 0.6616546579388948 8
1746472933644 0.6702117058841082 9
1746473061265 0.685078083498727 10
1746473188707 0.7104670781657523 11
1746473315059 0.6822373739471768 12
1746473440544 0.7233525826211286 13
1746473568047 0.7059046348259579 14
1746473696486 0.7007873151249479 15
1746473823225 0.7215136719424599 16
1746473950579 0.7057437635000632 17
1746474077020 0.7123988151996892 18
1746474203335 0.7137781960979718 19
1746474330405 0.7297338356394587 20
1746474455773 0.7101333963849173 21
1746474580942 0.7202692945155446 22
1746474706145 0.6974105253889257 23
1746474831063 0.7051044082261508 24
1746474956628 0.7072855363283183 25
1746475082967 0.6989630868125054 26
1746475210487 0.7056638175033331 27
1746475337539 0.711666471042264 28
1746475461459 0.7239445683942743 29
