1746471967018 0.0 0
1746472050855 0.0 1
1746472134893 0.0 2
1746472219133 0.008196721311468692 3
1746472346348 0.5836614173227772 4
1746472473844 0.6424778761061378 5
1746472601713 0.68557919621744 6
1746472728074 0.7363560033584604 7
1746472825075 0.7385993485341418 8
1746472933644 0.74136546184733 9
1746473061265 0.7442046362909077 10
1746473188707 0.7654830718413901 11
1746473315059 0.7140649149922168 12
1746473440544 0.7793505412155887 13
1746473568047 0.7618257261410156 14
1746473696486 0.752836304700101 15
1746473823225 0.7573051948051334 16
1746473950579 0.7651452282157041 17
1746474077020 0.7560777957860003 18
1746474203335 0.7462090981643459 19
1746474330405 0.7723911257189177 20
1746474455773 0.7511999999999399 21
1746474580942 0.7669664758789234 22
1746474706145 0.7557003257328374 23
1746474831063 0.7635467980294939 24
1746474956628 0.7563162184188462 25
1746475082967 0.7612797374896833 26
1746475210487 0.7499999999999397 27
1746475337539 0.7595450852964452 28
1746475461459 0.7726523887973004 29
