1746471967018 0.0 0
1746472050855 0.0 1
1746472134893 0.0 2
1746472219133 0.00020296326364922592 3
1746472346348 0.273137225822509 4
1746472473844 0.4171345650942513 5
1746472601713 0.5942366913275025 6
1746472728074 0.630740870252198 7
1746472825075 0.7283846786014045 8
1746472933644 0.7560259172701345 9
1746473061265 0.7577795770577419 10
1746473188707 0.7836970495784175 11
1746473315059 0.7683131589671355 12
1746473440544 0.773958659041625 13
1746473568047 0.7653282503013907 14
1746473696486 0.7670629104206117 15
1746473823225 0.785825709079093 16
1746473950579 0.7669075653284241 17
1746474077020 0.7748145249571998 18
1746474203335 0.783585354457924 19
1746474330405 0.7881566778021796 20
1746474455773 0.7809210136378375 21
1746474580942 0.7766353684585234 22
1746474706145 0.7679023703322515 23
1746474831063 0.7700098716712378 24
1746474956628 0.7687230671580674 25
1746475082967 0.7647336083825711 26
1746475210487 0.7740366722287023 27
1746475337539 0.7776265231648943 28
1746475461459 0.7819053477829689 29
