1746751434446 2e-05 0
1746751734987 4e-05 1
1746752038212 6.000000000000001e-05 2
1746752344235 8e-05 3
1746752648141 8e-05 4
1746752947535 8e-05 5
1746753250625 8e-05 6
1746753547755 8e-05 7
1746753847225 8e-05 8
1746754141030 8e-05 9
1746754438813 8e-05 10
1746754730169 8e-05 11
1746755024716 8e-05 12
1746755315988 8e-05 13
1746755613856 8e-05 14
1746755907678 6.400000000000001e-05 15
1746756203385 6.400000000000001e-05 16
1746756500389 5.120000000000001e-05 17
1746756797600 5.120000000000001e-05 18
1746757092075 4.0960000000000014e-05 19
