1746751434446 440.25524660620357 0
1746751734987 222.35093840041964 1
1746752038212 121.36516276444539 2
1746752344235 76.81930213399453 3
1746752648141 58.29644240955315 4
1746752947535 46.22764827237271 5
1746753250625 34.967971348526454 6
1746753547755 27.98571256127688 7
1746753847225 23.655738943874248 8
1746754141030 28.44022269296174 9
1746754438813 33.84304910603136 10
1746754730169 21.247484934211958 11
1746755024716 14.968974500599474 12
1746755315988 11.913060679294095 13
1746755613856 9.118786405808855 14
1746755907678 7.451078811494431 15
1746756203385 6.170226880819491 16
1746756500389 5.309002847954778 17
1746756797600 4.930509666405102 18
1746757092075 3.969470453734445 19
