1746751440096 0.0 0
1746751740769 0.45610034202894906 1
1746752043997 0.7383669885364332 2
1746752350783 0.8263205012928088 3
1746752653106 0.8254893793754124 4
1746752953423 0.8844005156354356 5
1746753256097 0.8827586206396476 6
1746753553458 0.9370629370128829 7
1746753852569 0.9083837510303615 8
1746754146899 0.9455992922984418 9
1746754444028 0.9347349977598404 10
1746754735865 0.9505736980964397 11
1746755029969 0.9486166007404483 12
1746755321887 0.9522139412037738 13
1746755619647 0.9569080408206418 14
1746755912967 0.9710982658458696 15
1746756209184 0.9711751662470357 16
1746756505441 0.9738126941354475 17
1746756803265 0.9676274944066813 18
1746757097686 0.9773434028819462 19
