1745747168788 0.5416483973431665 0
1745747365053 0.687374530679275 1
1745747561201 0.7121012944459328 2
1745747755386 0.6841008129701293 3
1745747951258 0.6911999125657385 4
1745748145923 0.6636556493918491 5
1745748340564 0.6631941244929265 6
1745748535082 0.6618056056873978 7
1745748729420 0.6796893453041611 8
1745748925440 0.6934205635714037 9
1745749120105 0.7429939898012835 10
1745749316807 0.7224648014687938 11
1745749512694 0.7136326475794134 12
1745749707246 0.6718010516291574 13
1745749902810 0.7090886275814667 14
1745750097429 0.7377901033283456 15
1745750292457 0.7183152474292219 16
1745750488983 0.7215438564966683 17
