1745747168788 0.4966861582676757 0
1745747365053 0.6838587149526405 1
1745747561201 0.6882179445563691 2
1745747755386 0.6891070241277527 3
1745747951258 0.6793799980163453 4
1745748145923 0.6355411267777734 5
1745748340564 0.6529947078980722 6
1745748535082 0.6647973165835784 7
1745748729420 0.6357238157788291 8
1745748925440 0.674678706378695 9
1745749120105 0.7550412985207486 10
1745749316807 0.7085587780525224 11
1745749512694 0.7084254895562917 12
1745749707246 0.7058348136567942 13
1745749902810 0.7179381172207624 14
1745750097429 0.7368174240170509 15
1745750292457 0.7216607364627545 16
1745750488983 0.7333417735849538 17
