1745747168788 0.7914055505818449 0
1745747365053 0.8111011638316193 1
1745747561201 0.8111011638316193 2
1745747755386 0.8218442256042237 3
1745747951258 0.8200537153087896 4
1745748145923 0.8325872873768279 5
1745748340564 0.7824529991046748 6
1745748535082 0.7672336615934855 7
1745748729420 0.8281110116382427 8
1745748925440 0.793196060877279 9
1745749120105 0.8281110116382427 10
1745749316807 0.8119964189793364 11
1745749512694 0.7681289167412024 12
1745749707246 0.7529095792300131 13
1745749902810 0.7636526410026173 14
1745750097429 0.8102059086839024 15
1745750292457 0.7779767233660897 16
1745750488983 0.7815577439569578 17
