1745747168788 0.6233871080500546 0
1745747365053 0.7279969467802512 1
1745747561201 0.7610218145633556 2
1745747755386 0.7287958458885395 3
1745747951258 0.7593130045325084 4
1745748145923 0.7683038920842556 5
1745748340564 0.7267496876395654 6
1745748535082 0.7128452774176574 7
1745748729420 0.7586907045163922 8
1745748925440 0.7443956462367713 9
1745749120105 0.7681382134855627 10
1745749316807 0.7701365341090778 11
1745749512694 0.7404742489769469 12
1745749707246 0.7250524014701759 13
1745749902810 0.7324756790888537 14
1745750097429 0.7594558435003056 15
1745750292457 0.7437303672942819 16
1745750488983 0.7534660306251274 17
