1745877064684 2e-05 0
1745877149621 4e-05 1
1745877235183 6.000000000000001e-05 2
1745877320532 8e-05 3
1745877446612 8e-05 4
1745877571643 8e-05 5
1745877703706 8e-05 6
1745877834557 8e-05 7
1745877941974 8e-05 8
1745878041063 8e-05 9
1745878164421 8e-05 10
1745878295695 8e-05 11
1745878428616 8e-05 12
1745878551208 8e-05 13
1745878675606 8e-05 14
1745878806498 6.400000000000001e-05 15
1745878937306 6.400000000000001e-05 16
1745879067114 5.120000000000001e-05 17
1745879196423 5.120000000000001e-05 18
1745879326076 4.0960000000000014e-05 19
1745879456698 4.0960000000000014e-05 20
1745879586437 3.276800000000001e-05 21
1745879716107 3.276800000000001e-05 22
1745879847734 2.6214400000000008e-05 23
1745879978177 2.6214400000000008e-05 24
1745880109051 2.097152000000001e-05 25
1745880239289 2.097152000000001e-05 26
1745880369118 1.6777216000000006e-05 27
1745880498517 1.6777216000000006e-05 28
1745880628528 1.3421772800000009e-05 29
