1745701636638 1.1551007591948217 0
1745701701371 0.4680148542535548 1
1745701766485 0.3073802413989086 2
1745701833260 0.24403385331436078 3
1745701898346 0.1743017522504135 4
1745701963421 0.14049676851350434 5
1745702028425 0.1113197818702581 6
1745702093960 0.09170686062045243 7
1745702161974 0.0771115197971159 8
1745702227019 0.059730114871445965 9
1745702291424 0.05008388213737278 10
1745702355592 0.04469916131347418 11
1745702420349 0.037617913190731586 12
1745702484578 0.03293847667091355 13
1745702549210 0.02665591545935188 14
1745702613743 0.022903387187695017 15
1745702678454 0.019173742946693485 16
1745702743013 0.01574889760540456 17
1745702807607 0.013275029494104033 18
1745702872011 0.011540542627513712 19
1745702936268 0.0093193785097374 20
1745703000446 0.008234970962951834 21
1745703064604 0.007167850630547927 22
1745703128913 0.0065271265719237985 23
1745703193399 0.005841709446513607 24
1745703257850 0.0053853931247579805 25
1745703322071 0.005106285393798762 26
1745703386175 0.005104505350072013 27
1745703450305 0.0046935219683551365 28
1745703514902 0.004663620361516595 29
