1745701638118 0.12210885840230594 0
1745701702810 0.43719839062852334 1
1745701767916 0.540853680988756 2
1745701834693 0.5798258037278408 3
1745701899784 0.6385366262865599 4
1745701964857 0.624219485580558 5
1745702029854 0.605503580542753 6
1745702096624 0.6305725998621377 7
1745702163435 0.6379432362028443 8
1745702228443 0.6153579644770807 9
1745702292945 0.6366526370403094 10
1745702357026 0.644011805657564 11
1745702421805 0.6199591100039377 12
1745702486253 0.6001845974564844 13
1745702550666 0.6300038885411063 14
1745702615436 0.6080318675902718 15
1745702679893 0.6279763548573318 16
1745702744447 0.617997783428733 17
1745702809299 0.6260839799089302 18
1745702873467 0.6172838243305401 19
1745702937792 0.6345812735054049 20
1745703001883 0.6319370057198314 21
1745703066039 0.6291185198518453 22
1745703130351 0.6422870033302679 23
1745703194873 0.6306086725123343 24
1745703259286 0.6405713961520401 25
1745703323507 0.6190103747079401 26
1745703387611 0.618341871927833 27
1745703452229 0.638273246190555 28
1745703516937 0.6316632520634404 29
