1745701638118 0.49729729729723005 0
1745701702810 0.6347150259066809 1
1745701767916 0.6879861711321791 2
1745701834693 0.6890399320305277 3
1745701899784 0.7146574154379258 4
1745701964857 0.7123287671232267 5
1745702029854 0.6899097621000254 6
1745702096624 0.7142857142856531 7
1745702163435 0.7200342465752808 8
1745702228443 0.7081939799330511 9
1745702292945 0.7038269550748166 10
1745702357026 0.7290940766549887 11
1745702421805 0.7166236003444688 12
1745702486253 0.6946058091285731 13
1745702550666 0.7167680278018491 14
1745702615436 0.7005033557046392 15
1745702679893 0.7062818336162389 16
1745702744447 0.7019475021167907 17
1745702809299 0.7162510748064732 18
1745702873467 0.6922442244223851 19
1745702937792 0.7144067796609563 20
1745703001883 0.7096234309622836 21
1745703066039 0.7091062394603111 22
1745703130351 0.7134453781512006 23
1745703194873 0.7015050167223493 24
1745703259286 0.7118786857623662 25
1745703323507 0.7107508532422602 26
1745703387611 0.7117194183061838 27
1745703452229 0.709813874788434 28
1745703516937 0.7144075021312264 29
