1745701638118 0.12021872369111113 0
1745701702810 0.4172483910976585 1
1745701767916 0.5148876879661454 2
1745701834693 0.5628562075491452 3
1745701899784 0.6376781802094043 4
1745701964857 0.6237786060902827 5
1745702029854 0.6053512228454256 6
1745702096624 0.623850489842623 7
1745702163435 0.6294331246935486 8
1745702228443 0.6017012192397266 9
1745702292945 0.6198506189759386 10
1745702357026 0.6444748611832565 11
1745702421805 0.6187895438448139 12
1745702486253 0.5850738614553402 13
1745702550666 0.6238073434572525 14
1745702615436 0.5889363410310268 15
1745702679893 0.6138019459867899 16
1745702744447 0.6057570073364038 17
1745702809299 0.6233096484634003 18
1745702873467 0.6011710565083754 19
1745702937792 0.6253241535126703 20
1745703001883 0.6172081502245336 21
1745703066039 0.6141920532779819 22
1745703130351 0.6317800158213175 23
1745703194873 0.6197074668029384 24
1745703259286 0.6299305286297805 25
1745703323507 0.6090368109498965 26
1745703387611 0.6031808639043642 27
1745703452229 0.6282168908920084 28
1745703516937 0.6201514543853506 29
