1745581569828 0.12837239292479063 0
1745582143784 0.45205433661756766 1
1745582659909 0.5842619627077573 2
1745583177388 0.6186863087336187 3
1745583833056 0.6683823340130507 4
1745584474175 0.694497114387082 5
1745584544335 0.7021842997060952 6
1745585234334 0.6957844636762321 7
1745585919062 0.6862351516122144 8
1745586612509 0.6989248293602378 9
1745587283998 0.6869377653495115 10
1745587947179 0.7010675740533571 11
1745588614119 0.7190978014334661 12
1745589247138 0.6810800522856533 13
1745589883576 0.6738296244330872 14
1745590529135 0.6839858304564456 15
1745591172699 0.6992764780614453 16
1745591822928 0.7183224469092302 17
1745592474662 0.7066800814841471 18
1745593117908 0.6947146997025239 19
1745593752903 0.7085138503172264 20
1745594385615 0.7089025055538272 21
1745595018684 0.7100803542328167 22
1745595634795 0.710131057780884 23
1745596253826 0.7166021682628632 24
1745596885774 0.7034440722539581 25
1745597491968 0.703484951708334 26
1745598101546 0.6992277928824785 27
1745598663980 0.6989360485424512 28
1745598894935 0.7011849186338031 29
