1745581569828 0.4088397789582234 0
1745582143784 0.68927038621612 1
1745582659909 0.7522776572167934 2
1745583177388 0.765339966782713 3
1745583833056 0.7814685314184909 4
1745584474175 0.7869695670310342 5
1745584544335 0.80525164108781 6
1745585234334 0.7880085652605184 7
1745585919062 0.7840274795549964 8
1745586612509 0.7930735930235784 9
1745587283998 0.7779182468949016 10
1745587947179 0.7966101694416003 11
1745588614119 0.8010247651080226 12
1745589247138 0.7866215071473707 13
1745589883576 0.7735928903436511 14
1745590529135 0.7982646420324077 15
1745591172699 0.7946157185778525 16
1745591822928 0.801890846533595 17
1745592474662 0.7982869378515239 18
1745593117908 0.7900812312454586 19
1745593752903 0.8018867924028497 20
1745594385615 0.8005170184764985 21
1745595018684 0.8041415012442155 22
1745595634795 0.8062149330531451 23
1745596253826 0.8084922009898425 24
1745596885774 0.7975986277373269 25
1745597491968 0.7994836488312453 26
1745598101546 0.7952013709868703 27
1745598663980 0.7957173447037725 28
1745598894935 0.7962003453731373 29
