1745581084442 0.8992822884905095 0
1745581633159 0.3848507533572158 1
1745582206504 0.25219935041909314 2
1745582722649 0.19892374327292248 3
1745583240023 0.1468837181372302 4
1745583895653 0.1151678060770643 5
1745584536866 0.09079991231615446 6
1745584607262 0.07141666464051422 7
1745585297333 0.05636984558433902 8
1745585981768 0.047836439988138725 9
1745586674926 0.03941445746364034 10
1745587346929 0.03360918411338816 11
1745588010419 0.02566725877588805 12
1745588677566 0.022114521776306992 13
1745589309848 0.020585413024361645 14
1745589947022 0.017255047635574425 15
1745590591785 0.013502201260238583 16
1745591234950 0.01172006962706848 17
1745591885209 0.009127648699344421 18
1745592537078 0.007768023279210438 19
1745593180139 0.006925145767591134 20
1745593815215 0.006343731053211555 21
1745594447758 0.005788510725880992 22
1745595081007 0.004914170064564262 23
1745595697791 0.004494331716512311 24
1745596316803 0.0043593269822719905 25
1745596948332 0.004025207683966704 26
1745597554719 0.00395875228616428 27
1745598164194 0.0036521187083016398 28
1745598726573 0.0033219656966417574 29
