1745581569828 0.5339105339104568 0
1745582143784 0.6619950535860954 1
1745582659909 0.7297979797979184 2
1745583177388 0.7127413127412576 3
1745583833056 0.763450042698483 4
1745584474175 0.7549342105262536 5
1745584544335 0.7876712328766449 6
1745585234334 0.7553366174055208 7
1745585919062 0.7533003300329412 8
1745586612509 0.7678122380552583 9
1745587283998 0.7348726114649096 10
1745587947179 0.75623491552689 11
1745588614119 0.7657142857142232 12
1745589247138 0.7461847389557633 13
1745589883576 0.7335473515248208 14
1745590529135 0.7744107744107092 15
1745591172699 0.7715008431702554 16
1745591822928 0.7710743801652254 17
1745592474662 0.7651888341542885 18
1745593117908 0.756137479541673 19
1745593752903 0.7695473251028173 20
1745594385615 0.771594684385318 21
1745595018684 0.7760199833471461 22
1745595634795 0.7783333333332685 23
1745596253826 0.7833753148613951 24
1745596885774 0.7654320987653691 25
1745597491968 0.7696768848383786 26
1745598101546 0.7625308134756974 27
1745598663980 0.7627257799670967 28
1745598894935 0.7689741451208699 29
