1745581569828 0.3312444046552971 0
1745582143784 0.7188898836167664 1
1745582659909 0.7761862130706556 2
1745583177388 0.8263205013428088 3
1745583833056 0.8003581020590151 4
1745584474175 0.8218442256042237 5
1745584544335 0.8236347358996576 6
1745585234334 0.8236347358996576 7
1745585919062 0.8173679498656385 8
1745586612509 0.8200537153087896 9
1745587283998 0.8263205013428088 10
1745587947179 0.8415398388539981 11
1745588614119 0.839749328558564 12
1745589247138 0.8316920322291108 13
1745589883576 0.8182632050133556 14
1745590529135 0.8236347358996576 15
1745591172699 0.8191584601610725 16
1745591822928 0.8352730528199789 17
1745592474662 0.8343777976722618 18
1745593117908 0.8272157564905257 19
1745593752903 0.837063563115413 20
1745594385615 0.8316920322291108 21
1745595018684 0.8343777976722618 22
1745595634795 0.8361683079676959 23
1745596253826 0.8352730528199789 24
1745596885774 0.8325872873768279 25
1745597491968 0.8316920322291108 26
1745598101546 0.8307967770813938 27
1745598663980 0.8316920322291108 28
1745598894935 0.8254252461950917 29
