1746653260302 2e-05 0
1746653387618 4e-05 1
1746653516432 6.000000000000001e-05 2
1746653644737 8e-05 3
1746653772987 8e-05 4
1746653901916 8e-05 5
1746654029377 8e-05 6
1746654159993 8e-05 7
1746654288912 8e-05 8
1746654417191 8e-05 9
1746654545198 8e-05 10
1746654673501 8e-05 11
1746654805257 8e-05 12
1746654935948 8e-05 13
1746655065892 8e-05 14
1746655196363 6.400000000000001e-05 15
1746655326735 6.400000000000001e-05 16
1746655453120 5.120000000000001e-05 17
1746655577523 5.120000000000001e-05 18
1746655701157 4.0960000000000014e-05 19
1746655823460 4.0960000000000014e-05 20
1746655946834 3.276800000000001e-05 21
1746656075902 3.276800000000001e-05 22
1746656203971 2.6214400000000008e-05 23
1746656316715 2.6214400000000008e-05 24
1746656413646 2.097152000000001e-05 25
1746656510364 2.097152000000001e-05 26
1746656607003 1.6777216000000006e-05 27
1746656707831 1.6777216000000006e-05 28
1746656827328 1.3421772800000009e-05 29
