1745702019366 0.12742922438446255 0
1745702083163 0.4423355138485338 1
1745702147945 0.5775739808909097 2
1745702212100 0.701884629964428 3
1745702276319 0.7135490915992972 4
1745702339516 0.7283035560730693 5
1745702403512 0.68981542145991 6
1745702466843 0.7290657237209756 7
1745702530779 0.7349901217469453 8
1745702594422 0.7258299828172751 9
1745702657188 0.7109628093908035 10
1745702719892 0.7149716803110517 11
1745702782576 0.7338629648271549 12
1745702846250 0.7022903976463561 13
1745702909139 0.7273700790605608 14
1745702971637 0.6893844787228242 15
1745703034401 0.6978815394284723 16
1745703097510 0.7125382955535025 17
1745703159782 0.7183791884263098 18
1745703223010 0.710151986719173 19
1745703286483 0.707799653062283 20
1745703349968 0.6958403603590061 21
1745703413118 0.709612232050642 22
1745703475710 0.7000772874659033 23
1745703538049 0.7036198498895132 24
1745703600382 0.697444503074326 25
1745703663565 0.7157645131997061 26
1745703727432 0.7192182685197657 27
1745703789928 0.7123750102032665 28
1745703852765 0.7094339301535505 29
