1745669202831 3.9999999999999996e-05 0
1745669203431 4.0027591263302196e-05 1
1745669204030 4.0110361881217694e-05 2
1745669204630 4.024830233813879e-05 3
1745669205232 4.044139677593416e-05 4
1745669205830 4.068962299577281e-05 5
1745669206432 4.099295246067533e-05 6
1745669207031 4.135135029879574e-05 7
1745669207634 4.176477530742906e-05 8
1745669208240 4.223317995774936e-05 9
1745669208837 4.2756510400273175e-05 10
1745669209449 4.333470647104997e-05 11
1745669210053 4.396770169858011e-05 12
1745669210656 4.4655423311455115e-05 13
1745669211264 4.539779224672447e-05 14
1745669211867 4.619472315898511e-05 15
1745669212469 4.7046124430192736e-05 16
1745669213075 4.795189818019457e-05 17
1745669213677 4.891194027798211e-05 18
1745669214280 4.992614035366277e-05 19
1745669214887 5.099438181114721e-05 20
1745669215489 5.2116541841555294e-05 21
1745669216089 5.329249143733324e-05 22
1745669216688 5.4522095407085434e-05 23
1745669217292 5.5805212391116764e-05 24
1745669217895 5.714169487768298e-05 25
1745669218503 5.853138921995012e-05 26
1745669219105 5.997413565365787e-05 27
1745669219713 6.146976831548619e-05 28
1745669220323 6.301811526212458e-05 29
1745669220928 6.461899849003849e-05 30
1745669221528 6.627223395593343e-05 31
1745669222128 6.79776315979135e-05 32
1745669222730 6.973499535733118e-05 33
1745669223339 7.154412320132739e-05 34
1745669223947 7.340480714605779e-05 35
1745669224562 7.531683328060247e-05 36
1745669225175 7.72799817915597e-05 37
1745669225786 7.929402698831506e-05 38
1745669226394 8.135873732898781e-05 39
1745669227000 8.347387544705039e-05 40
1745669227609 8.56391981786163e-05 41
1745669228221 8.785445659039543e-05 42
1745669228824 9.011939600831245e-05 43
1745669229435 9.243375604678459e-05 44
1745669230046 9.479727063865676e-05 45
1745669230660 9.720966806578987e-05 46
1745669231279 9.967067099029788e-05 47
1745669231890 0.0001021799964864322 48
1745669232498 0.00010473735607310756 49
1745669233111 0.000107342455747067 50
1745669233724 0.00010999499601668089 51
1745669234331 0.00011269467193637849 52
1745669234941 0.00011544117314170527 53
1745669235550 0.00011823418388500319 54
1745669236163 0.00012107338307171017 55
1745669236781 0.00012395844429727526 56
1745669237398 0.00012688903588468198 57
1745669238013 0.00012986482092257985 58
1745669238625 0.0001328854573040165 59
1745669239242 0.00013595059776576833 60
1745669239855 0.00013905988992826224 61
1745669240469 0.0001422129763360867 62
1745669241081 0.0001454094944990863 63
1745669241695 0.00014864907693403493 64
1745669242307 0.0001519313512068827 65
1745669242928 0.00015525593997557283 66
1745669243548 0.00015862246103342127 67
1745669244175 0.00016203052735305767 68
1745669244799 0.00016547974713091893 69
1745669245415 0.000168969723832292 70
1745669246030 0.00017250005623690155 71
1745669246647 0.00017607033848503553 72
1745669247270 0.00017968016012420403 73
1745669247889 0.00018332910615632644 74
1745669248503 0.00018701675708544146 75
1745669249119 0.0001907426889659334 76
1745669249735 0.00019450647345127092 77
1745669250358 0.0001983076778432505 78
1745669250978 0.00020214586514174235 79
1745669251595 0.0002060205940949281 80
1745669252213 0.00020993141925002956 81
1745669252832 0.0002138778910045193 82
1745669253452 0.00021785955565780887 83
1745669254081 0.00022187595546340692 84
1745669254698 0.00022592662868154453 85
1745669255311 0.00023001110963225815 86
1745669255926 0.0002341289287489252 87
1745669256550 0.00023827961263224787 88
1745669257174 0.0002424626841046766 89
1745669257798 0.00024667766226526807 90
1745669258416 0.00025092406254497096 91
1745669259038 0.00025520139676233483 92
1745669259662 0.0002595091731796319 93
1745669260287 0.00026384689655938975 94
1745669260905 0.0002682140682213255 95
1745669261532 0.0002726101860996759 96
1745669262108 0.00027703474480091615 97
1745669269366 0.00028596714680814966 98
1745669269983 0.0002904739632130776 99
1745669270602 0.0002950071667568207 100
1745669271229 0.0002995662362859936 101
1745669271852 0.00030415064767356365 102
1745669272470 0.000308759873879107 103
1745669273091 0.0003133933850093998 104
1745669273710 0.00031805064837933466 105
1745669274330 0.00032273112857316246 106
1745669274956 0.00032743428750604375 107
1745669275581 0.00033215958448591003 108
1745669276199 0.0003369064762756231 109
1745669276820 0.00034167441715542775 110
1745669277440 0.00034646285898568994 111
1745669278060 0.0003512712512699121 112
1745669278683 0.0003560990412180213 113
1745669279307 0.0003609456738099189 114
1745669279937 0.0003658105918592885 115
1745669280563 0.0003706932360776513 116
1745669281188 0.00037559304513866485 117
1745669281811 0.00038050945574265456 118
1745669282439 0.0003854419026813724 119
1745669283058 0.0003903898189029757 120
1745669283677 0.0003953526355772179 121
1745669284304 0.0004003297821608422 122
1745669284933 0.0004053206864631741 123
1745669285558 0.00041032477471190227 124
1745669286178 0.0004153414716190414 125
1745669286807 0.0004203702004470695 126
1745669287427 0.0004254103830752321 127
1745669288061 0.00043046144006600364 128
1745669288689 0.0004355227907317038 129
1745669289312 0.00044059385320125376 130
1745669289941 0.000445674044487071 131
1745669290579 0.00045076278055209123 132
1745669291204 0.00045585947637691196 133
1745669291833 0.0004609635460270478 134
1745669292459 0.0004660744027202918 135
1745669293096 0.00047119145889417454 136
1745669293715 0.00047631412627351154 137
1745669294344 0.00048144181593803425 138
1745669294975 0.00048657393839009427 139
1745669295604 0.0004917099036224334 140
1745669296225 0.0004968491211860141 141
1745669296858 0.0005019910002578993 142
1745669297483 0.0005071349497091748 143
1745669298113 0.0005122803781729086 144
1745669298741 0.0005174266941121357 145
1745669299377 0.0005225733058878642 146
1745669300009 0.0005277196218270914 147
1745669300643 0.0005328650502908251 148
1745669301274 0.0005380089997421005 149
1745669301901 0.0005431508788139858 150
1745669302528 0.0005482900963775665 151
1745669303162 0.0005534260616099059 152
1745669303793 0.0005585581840619657 153
1745669304421 0.0005636858737264885 154
1745669305055 0.0005688085411058256 155
1745669305692 0.0005739255972797082 156
1745669306318 0.0005790364539729523 157
1745669306948 0.000584140523623088 158
1745669307582 0.0005892372194479088 159
1745669308217 0.0005943259555129289 160
1745669308851 0.0005994061467987461 161
1745669309480 0.000604477209268296 162
1745669310113 0.0006095385599339963 163
1745669310743 0.000614589616924768 164
1745669311373 0.0006196297995529304 165
1745669312011 0.0006246585283809587 166
1745669312640 0.0006296752252880978 167
1745669313276 0.000634679313536826 168
1745669313917 0.0006396702178391577 169
1745669314549 0.000644647364422782 170
1745669315177 0.0006496101810970241 171
1745669315808 0.0006545580973186277 172
1745669316437 0.0006594905442573453 173
1745669317072 0.0006644069548613352 174
1745669317709 0.0006693067639223487 175
1745669318337 0.0006741894081407115 176
1745669318975 0.0006790543261900811 177
1745669319616 0.0006839009587819786 178
1745669320248 0.0006887287487300877 179
1745669320877 0.00069353714101431 180
1745669321505 0.0006983255828445722 181
1745669322136 0.0007030935237243769 182
1745669322778 0.0007078404155140901 183
1745669323412 0.000712565712493956 184
1745669324050 0.0007172688714268374 185
1745669324689 0.0007219493516206653 186
1745669325333 0.0007266066149906002 187
1745669325974 0.0007312401261208928 188
1745669326613 0.0007358493523264362 189
1745669327245 0.0007404337637140065 190
1745669327870 0.0007449928332431792 191
1745669328510 0.0007495260367869224 192
1745669329151 0.0007540328531918503 193
1745669329789 0.0007585127643381374 194
1745669330373 0.0007629652551990839 195
1745669337657 0.0007717859317786744 196
1745669338285 0.0007761531034406102 197
1745669338919 0.0007804908268203681 198
1745669339549 0.0007847986032376651 199
1745669340183 0.0007890759374550289 200
1745669340812 0.0007933223377347321 201
1745669341442 0.0007975373158953234 202
1745669342084 0.000801720387367752 203
1745669342720 0.0008058710712510748 204
1745669343348 0.0008099888903677418 205
1745669343981 0.0008140733713184553 206
1745669344608 0.0008181240445365931 207
1745669345235 0.0008221404443421911 208
1745669345871 0.0008261221089954806 209
1745669346499 0.0008300685807499704 210
1745669347128 0.0008339794059050719 211
1745669347759 0.0008378541348582577 212
1745669348393 0.0008416923221567495 213
1745669349027 0.0008454935265487291 214
1745669349669 0.0008492573110340665 215
1745669350308 0.0008529832429145583 216
1745669350940 0.0008566708938436735 217
1745669351580 0.000860319839875796 218
1745669352216 0.0008639296615149645 219
1745669352846 0.0008674999437630984 220
1745669353481 0.000871030276167708 221
1745669354125 0.0008745202528690812 222
1745669354768 0.0008779694726469422 223
1745669355400 0.0008813775389665786 224
1745669356045 0.0008847440600244272 225
1745669356684 0.0008880686487931172 226
1745669357325 0.000891350923065965 227
1745669357966 0.0008945905055009137 228
1745669358599 0.0008977870236639132 229
1745669359241 0.0009009401100717378 230
1745669359882 0.0009040494022342316 231
1745669360521 0.0009071145426959835 232
1745669361164 0.0009101351790774203 233
1745669361802 0.000913110964115318 234
1745669362443 0.0009160415557027248 235
1745669363078 0.0009189266169282898 236
1745669363722 0.0009217658161149969 237
1745669364365 0.0009245588268582947 238
1745669365007 0.0009273053280636214 239
1745669365646 0.000930005003983319 240
1745669366282 0.000932657544252933 241
1745669366920 0.0009352626439268923 242
1745669367559 0.0009378200035135678 243
1745669368204 0.0009403293290097021 244
1745669368842 0.0009427903319342101 245
1745669369488 0.0009452027293613433 246
1745669370124 0.0009475662439532154 247
1745669370760 0.0009498806039916876 248
1745669371397 0.0009521455434096045 249
1745669372039 0.0009543608018213837 250
1745669372678 0.0009565261245529495 251
1745669373317 0.0009586412626710121 252
1745669373962 0.000960705973011685 253
1745669374597 0.0009627200182084403 254
1745669375239 0.0009646831667193975 255
1745669375872 0.0009665951928539423 256
1745669376518 0.0009684558767986725 257
1745669377164 0.0009702650046426687 258
1745669377799 0.0009720223684020865 259
1745669378435 0.0009737277660440666 260
1745669379080 0.0009753810015099615 261
1745669379716 0.0009769818847378754 262
1745669380364 0.0009785302316845138 263
1745669381003 0.0009800258643463421 264
1745669381636 0.00098146861078005 265
1745669382273 0.000982858305122317 266
1745669382921 0.0009841947876088834 267
1745669383557 0.0009854779045929145 268
1745669384196 0.0009867075085626669 269
1745669384841 0.0009878834581584447 270
1745669385485 0.0009890056181888528 271
1745669386135 0.0009900738596463374 272
1745669386772 0.0009910880597220177 273
1745669387416 0.0009920481018198056 274
1745669388062 0.0009929538755698074 275
1745669388714 0.000993805276841015 276
1745669389366 0.0009946022077532755 277
1745669390013 0.000995344576688545 278
1745669390661 0.0009960322983014198 279
1745669391302 0.00099666529352895 280
1745669391962 0.000997243489599727 281
1745669392618 0.0009977668200422507 282
1745669393264 0.0009982352246925709 283
1745669393919 0.0009986486497012043 284
1745669394565 0.0009990070475393246 285
1745669395219 0.0009993103770042273 286
1745669395869 0.0009995586032240658 287
1745669396520 0.0009997516976618613 288
1745669397162 0.0009998896381187823 289
1745669397821 0.000999972408736698 290
1745669398468 0.001 291
1745669399119 0.0009999947568893096 292
1745669399720 0.0009999790276672004 293
1745669406891 0.0009999161124281636 294
1745669407537 0.0009998689277307276 295
1745669408193 0.0009998112595608279 296
1745669408833 0.0009997431091279116 297
1745669409475 0.0009996644778612655 298
1745669410119 0.000999575367409986 299
1745669410774 0.000999475779642944 300
1745669411432 0.0009993657166487474 301
1745669412074 0.0009992451807356948 302
1745669412738 0.0009991141744317288 303
1745669413395 0.0009989727004843826 304
1745669414060 0.0009988207618607226 305
1745669414716 0.0009986583617472853 306
1745669415377 0.0009984855035500117 307
1745669416037 0.0009983021908941746 308
1745669416694 0.000998108427624304 309
1745669417340 0.0009979042178041048 310
1745669417992 0.0009976895657163732 311
1745669418638 0.0009974644758629057 312
1745669419293 0.0009972289529644053 313
1745669419940 0.0009969830019603823 314
1745669420595 0.0009967266280090507 315
1745669421256 0.0009964598364872199 316
1745669421915 0.0009961826329901822 317
1745669422570 0.0009958950233315954 318
1745669423218 0.0009955970135433606 319
1745669423875 0.0009952886098754964 320
1745669424535 0.0009949698187960068 321
1745669425191 0.000994640646990746 322
1745669425843 0.0009943011013632784 323
1745669426498 0.000993951189034734 324
1745669427158 0.0009935909173436584 325
1745669427813 0.000993220293845859 326
1745669428473 0.000992839326314247 327
1745669429129 0.0009924480227386746 328
1745669429773 0.0009920463913257662 329
1745669430431 0.0009916344404987468 330
1745669431091 0.000991212178897267 331
1745669431755 0.0009907796153772188 332
1745669432411 0.0009903367590105522 333
1745669433075 0.0009898836190850846 334
1745669433735 0.0009894202051043048 335
1745669434394 0.0009889465267871752 336
1745669435053 0.0009884625940679262 337
1745669435722 0.0009879684170958506 338
1745669436377 0.0009874640062350875 339
1745669437031 0.0009869493720644073 340
1745669437692 0.0009864245253769887 341
1745669438363 0.0009858894771801931 342
