1745745204951 1.1920163515879183 0
1745745270243 0.5082747349325492 1
1745745334866 0.3249110272344278 2
1745745399086 0.25723852186786883 3
1745745463429 0.18759511350368968 4
1745745527965 0.14569545027856923 5
1745745591756 0.1167073094723176 6
1745745655271 0.09317938561494253 7
1745745719294 0.07581275420225396 8
1745745783573 0.06388516648083317 9
1745745847175 0.05440834987604497 10
1745745911139 0.047003055827654135 11
1745745975028 0.03619592410645315 12
1745746038607 0.030680664491896728 13
1745746102810 0.024351402546982377 14
1745746166721 0.020822676516385103 15
1745746230306 0.017567147809669982 16
1745746293959 0.015303264243756326 17
1745746357499 0.013380820829687374 18
1745746421022 0.012370603330129263 19
