1745745204951 2e-05 0
1745745270243 2e-05 1
1745745334866 2e-05 2
1745745399086 8e-05 3
1745745463429 8e-05 4
1745745527965 8e-05 5
1745745591756 8e-05 6
1745745655271 8e-05 7
1745745719294 8e-05 8
1745745783573 8e-05 9
1745745847175 8e-05 10
1745745911139 8e-05 11
1745745975028 6.400000000000001e-05 12
1745746038607 6.400000000000001e-05 13
1745746102810 5.120000000000001e-05 14
1745746166721 5.120000000000001e-05 15
1745746230306 4.0960000000000014e-05 16
1745746293959 4.0960000000000014e-05 17
1745746357499 3.276800000000001e-05 18
1745746421022 3.276800000000001e-05 19
