1745745206903 0.40444444439730626 0
1745745271283 0.7052677404811036 1
1745745335770 0.7767936226248704 2
1745745400012 0.7919227391949007 3
1745745464649 0.8149779735182225 4
1745745529110 0.8086767895378296 5
1745745592681 0.8105765062351987 6
1745745656188 0.8165731548917287 7
1745745720625 0.7989843418882956 8
1745745784468 0.8130434782108399 9
1745745848483 0.8140350876692471 10
1745745912357 0.8122232063272588 11
1745745975949 0.8128295254332496 12
1745746039531 0.8204683434018423 13
1745746104037 0.8086956521238838 14
1745746167620 0.7931914893117564 15
1745746231330 0.8018667797549047 16
1745746294856 0.8029322983544827 17
1745746358391 0.8107405802877911 18
1745746421964 0.8029322983544827 19
