1745745206903 0.1240862610917371 0
1745745271283 0.5223222238356533 1
1745745335770 0.6507143147272262 2
1745745400012 0.7305639934516592 3
1745745464649 0.769432645682748 4
1745745529110 0.7654980391990717 5
1745745592681 0.7716755406606044 6
1745745656188 0.7834295142837544 7
1745745720625 0.7868848951447414 8
1745745784468 0.7792706778717199 9
1745745848483 0.769760024109855 10
1745745912357 0.7438372839796271 11
1745745975949 0.7662326490566775 12
1745746039531 0.7868488530594766 13
1745746104037 0.7748379351802248 14
1745746167620 0.7701359132395635 15
1745746231330 0.7834754972803301 16
1745746294856 0.7683888186491674 17
1745746358391 0.7751284371343803 18
1745746421964 0.7723417134064854 19
