1746193687683 0.0 0
1746193808616 0.0 1
1746193931174 0.02953138814601469 2
1746194121818 0.12748876585392638 3
1746194461971 0.538909791014508 4
1746194714734 0.6472744006793582 5
1746194969866 0.6608188699002061 6
1746195220655 0.6605546663634304 7
1746195540808 0.6956562680113836 8
1746195867329 0.7181011443249581 9
1746196118691 0.7211361044400005 10
1746196369285 0.6790166516423418 11
1746196620536 0.7329743909919817 12
1746196872900 0.6949328088305824 13
1746197125996 0.7083040431173813 14
1746197377918 0.7171835330942801 15
1746197631414 0.6993952563127181 16
1746197884347 0.7242133961946476 17
1746198134274 0.7194071114411952 18
1746198384045 0.7071470365718078 19
1746198635612 0.7205978940865805 20
1746198887474 0.7198357793556264 21
1746199137629 0.7209952915659537 22
1746199395875 0.7235087598174533 23
1746199651134 0.7255876676364956 24
1746199903863 0.7114174884493144 25
1746200155603 0.7215100018954098 26
1746200407477 0.7223981322601818 27
1746200659434 0.7212567204753562 28
1746200909657 0.7192611102160609 29
