1746193687683 0.0 0
1746193808616 0.0 1
1746193931174 0.05837751991588128 2
1746194121818 0.13359248224940432 3
1746194461971 0.5209906511571532 4
1746194714734 0.6091248571813541 5
1746194969866 0.6077580874890927 6
1746195220655 0.6342229143707255 7
1746195540808 0.6810678149731199 8
1746195867329 0.7108171872743043 9
1746196118691 0.709362457924743 10
1746196369285 0.6344977738087745 11
1746196620536 0.7011228862521277 12
1746196872900 0.6517224919460263 13
1746197125996 0.6920006358932462 14
1746197377918 0.7115219281387121 15
1746197631414 0.6820623200156841 16
1746197884347 0.7249082047228045 17
1746198134274 0.7129035515716663 18
1746198384045 0.6806630615969358 19
1746198635612 0.7048231064709216 20
1746198887474 0.7093767931885157 21
1746199137629 0.7110285790070593 22
1746199395875 0.7126924734087333 23
1746199651134 0.7201949356070185 24
1746199903863 0.7028698685077519 25
1746200155603 0.7171685320946053 26
1746200407477 0.7069875201959946 27
1746200659434 0.7096046712837372 28
1746200909657 0.7067454775027731 29
