1746193687683 0.0 0
1746193808616 0.0 1
1746193931174 0.04923903312443605 2
1746194121818 0.26051924798565257 3
1746194461971 0.7654431512980514 4
1746194714734 0.8334825425245449 5
1746194969866 0.8325872873768279 6
1746195220655 0.837063563115413 7
1746195540808 0.8460161145925831 8
1746195867329 0.8504923903311682 9
1746196118691 0.842435094001715 10
1746196369285 0.8281110116382427 11
1746196620536 0.8469113697403001 12
1746196872900 0.8495971351834513 13
1746197125996 0.8478066248880172 14
1746197377918 0.840644583706281 15
1746197631414 0.8307967770813938 16
1746197884347 0.838854073410847 17
1746198134274 0.837063563115413 18
1746198384045 0.842435094001715 19
1746198635612 0.842435094001715 20
1746198887474 0.8451208594448661 21
