1745871995410 2e-05 0
1745872061110 2e-05 1
1745872125042 2e-05 2
1745872189554 6.000000000000001e-05 3
1745872255224 6.000000000000001e-05 4
1745872319336 6.000000000000001e-05 5
1745872382726 6.000000000000001e-05 6
1745872447058 6.000000000000001e-05 7
1745872510484 6.000000000000001e-05 8
1745872576188 6.000000000000001e-05 9
1745872641040 6.000000000000001e-05 10
1745872705617 6.000000000000001e-05 11
1745872769446 6.000000000000001e-05 12
1745872833229 6.000000000000001e-05 13
1745872896955 6.000000000000001e-05 14
1745872960681 4.800000000000001e-05 15
1745873026560 4.800000000000001e-05 16
1745873091667 3.840000000000001e-05 17
1745873155321 3.840000000000001e-05 18
1745873219420 3.072000000000001e-05 19
1745873283115 3.072000000000001e-05 20
1745873347412 2.4576000000000003e-05 21
1745873411071 2.4576000000000003e-05 22
1745873475055 1.9660800000000007e-05 23
1745873539373 1.9660800000000007e-05 24
1745873604948 1.5728640000000007e-05 25
1745873669156 1.5728640000000007e-05 26
1745873734494 1.2582912000000006e-05 27
1745873799388 1.2582912000000006e-05 28
1745873864168 1.0066329600000006e-05 29
