1745871997298 0.39837067204813237 0
1745872062152 0.4933993398842599 1
1745872126053 0.5029387069190845 2
1745872191121 0.5155172413293345 3
1745872256214 0.525063721275489 4
1745872320428 0.5211562630419087 5
1745872383960 0.5087136928962824 6
1745872448060 0.5187393525906188 7
1745872511472 0.5307855625827833 8
1745872577793 0.5273504273004849 9
1745872642633 0.5177664974120363 10
1745872706615 0.52122740642345 11
1745872770454 0.5232067510049727 12
1745872834228 0.5252188411340194 13
1745872897945 0.5291631444978709 14
1745872962351 0.53327645046201 15
1745873028129 0.5246315788975005 16
1745873092668 0.5244368890278563 17
1745873156479 0.5264054513981138 18
1745873220422 0.524493243193359 19
1745873284775 0.5296108290533212 20
1745873348399 0.5294619982421191 21
1745873412186 0.5274261602876729 22
1745873476697 0.52493660180979 23
1745873541291 0.5297619047119856 24
1745873606427 0.5264942771862126 25
1745873670348 0.5335040545808778 26
1745873736368 0.5301306362754535 27
1745873800529 0.5285412261657535 28
1745873865163 0.5299872394226435 29
