1745702018195 2e-05 0
1745702082899 2e-05 1
1745702147718 2e-05 2
1745702212239 8e-05 3
1745702277327 8e-05 4
1745702341773 8e-05 5
1745702405298 8e-05 6
1745702468976 8e-05 7
1745702533628 8e-05 8
1745702597405 8e-05 9
1745702662524 8e-05 10
1745702725818 8e-05 11
1745702789795 8e-05 12
1745702853016 8e-05 13
1745702916847 8e-05 14
1745702980010 6.400000000000001e-05 15
1745703043396 6.400000000000001e-05 16
1745703106885 5.120000000000001e-05 17
1745703169872 5.120000000000001e-05 18
1745703233231 4.0960000000000014e-05 19
1745703297401 4.0960000000000014e-05 20
1745703361688 3.276800000000001e-05 21
1745703426094 3.276800000000001e-05 22
1745703489393 2.6214400000000008e-05 23
1745703553207 2.6214400000000008e-05 24
1745703617682 2.097152000000001e-05 25
1745703681234 2.097152000000001e-05 26
1745703744666 1.6777216000000006e-05 27
1745703808014 1.6777216000000006e-05 28
1745703871537 1.3421772800000009e-05 29
