1745702019372 0.1249391720394734 0
1745702083779 0.48292409198567837 1
1745702148875 0.6054670875084589 2
1745702213353 0.6410643236332322 3
1745702278222 0.7349495124481832 4
1745702342662 0.7142554589001127 5
1745702406230 0.693555773621478 6
1745702470120 0.7267661460283148 7
1745702534794 0.7162040402030665 8
1745702598388 0.7105412672939231 9
1745702663421 0.6970451398388319 10
1745702727494 0.7054347792072514 11
1745702790690 0.7186028152994257 12
1745702854569 0.7152708734873935 13
1745702917741 0.7088992092966543 14
1745702980904 0.7087565648237076 15
1745703044292 0.7317727907615068 16
1745703107810 0.7120408271492047 17
1745703170763 0.71639143087867 18
1745703234677 0.708984914152557 19
1745703298301 0.7179949860185428 20
1745703362882 0.7270267398493858 21
1745703426985 0.7202624950001775 22
1745703491126 0.7186574622803896 23
1745703554357 0.7277512936490752 24
1745703618565 0.7204671148701215 25
1745703682126 0.7146748231947894 26
1745703745811 0.7197438738857994 27
1745703808923 0.721254310392378 28
1745703872463 0.7132890001777269 29
