1745702019372 0.4169381107014048 0
1745702083779 0.7040280209657241 1
1745702148875 0.770778652618375 2
1745702213353 0.7748373101452078 3
1745702278222 0.8087527351797134 4
1745702342662 0.8077753779197537 5
1745702406230 0.7986318939218152 6
1745702470120 0.8095238094737935 7
1745702534794 0.8022308021808201 8
1745702598388 0.8117953165154598 9
1745702663421 0.789252728749455 10
1745702727494 0.7989734815582427 11
1745702790690 0.808729139873006 12
1745702854569 0.797936371403148 13
1745702917741 0.7962166809474301 14
1745702980904 0.7959096718716501 15
1745703044292 0.8116319443944201 16
1745703107810 0.7982905982406326 17
1745703170763 0.8105994786641348 18
1745703234677 0.8003391266986948 19
1745703298301 0.8128249566224246 20
1745703362882 0.8136619108881634 21
1745703426985 0.8034334763448657 22
1745703491126 0.8079071765722708 23
1745703554357 0.8150388936405683 24
1745703618565 0.8080895008105906 25
1745703682126 0.8087666522920818 26
1745703745811 0.8077586206396543 27
1745703808923 0.8082901553904075 28
1745703872463 0.8099956914622798 29
