1745702019372 0.5296551724137201 0
1745702083779 0.6889460154241055 1
1745702148875 0.7536355859708508 2
1745702213353 0.7516835016834383 3
1745702278222 0.7910958904108911 4
1745702342662 0.7804674457428397 5
1745702406230 0.7643207855973188 6
1745702470120 0.7837384744341338 7
1745702534794 0.7701812191103155 8
1745702598388 0.7872161480234829 9
1745702663421 0.7430830039525104 10
1745702727494 0.7649467649467022 11
1745702790690 0.7745901639343628 12
1745702854569 0.7675765095119299 13
1745702917741 0.7659222497931542 14
1745702980904 0.7593495934958732 15
1745703044292 0.787700084245932 16
1745703107810 0.763695829926348 17
1745703170763 0.7873417721518322 18
1745703234677 0.760064412238264 19
1745703298301 0.7875734676741571 20
1745703362882 0.786789297658797 21
1745703426985 0.771640560593506 22
1745703491126 0.7768595041321672 23
1745703554357 0.7878028404343536 24
1745703618565 0.77796188898088 25
1745703682126 0.7776859504131588 26
1745703745811 0.778886118038173 27
1745703808923 0.7806505421183669 28
1745703872463 0.780730897009902 29
