1745702019372 0.1301458302473092 0
1745702083779 0.5199180405336903 1
1745702148875 0.6517904282020759 2
1745702213353 0.677820711592796 3
1745702278222 0.7724750687995794 4
1745702342662 0.7775128874380075 5
1745702406230 0.7721416139026128 6
1745702470120 0.772488352364361 7
1745702534794 0.7819000489317344 8
1745702598388 0.7784500875977464 9
1745702663421 0.7762520686390192 10
1745702727494 0.7731377556606535 11
1745702790690 0.783617311950616 12
1745702854569 0.7692967759335119 13
1745702917741 0.7732539984871234 14
1745702980904 0.7782431298245491 15
1745703044292 0.7823433864629764 16
1745703107810 0.7749117124055509 17
1745703170763 0.766017614917501 18
1745703234677 0.7824874878064444 19
1745703298301 0.7754840095593637 20
1745703362882 0.7835994677887848 21
1745703426985 0.781905007308658 22
1745703491126 0.7810251237039711 23
1745703554357 0.7848744544619852 24
1745703618565 0.7788369581634934 25
1745703682126 0.7827911151959839 26
1745703745811 0.7814023134969117 27
1745703808923 0.7790538194560246 28
1745703872463 0.7819388180801263 29
