1746631136389 344.2759450795699 0
1746631426248 114.20537606064154 1
1746631717995 65.8982124717868 2
1746632011446 53.046871165839995 3
1746632303910 42.29065468846535 4
1746632595466 31.606951149142517 5
1746632883960 24.4232482326274 6
1746633173188 20.98821797662852 7
1746633468685 15.184010495944898 8
1746633766474 13.04958455416621 9
1746634061780 12.699675491877965 10
1746634356429 10.159637232216037 11
1746634652910 7.219311519544952 12
1746634948090 6.447841615092997 13
1746635244500 5.351499309345168 14
1746635532520 5.3463758838420015 15
1746635827570 4.436501225646661 16
1746636119604 3.428288243254837 17
1746636410755 4.229865164172892 18
1746636705858 2.304654221145474 19
1746637009374 1.7569168100551682 20
1746637307047 1.2670221766647027 21
1746637606194 1.0981146297892745 22
1746637907933 1.0669649334586397 23
1746638206242 1.0051612175849018 24
1746638508512 0.7613622412389639 25
1746638806928 0.5445470773443883 26
1746639104527 0.7874812690579162 27
1746639400709 0.5577275670912801 28
1746639695819 0.527102877899092 29
