1746631141863 0.24443351318728757 0
1746631432498 0.6048871738667913 1
1746631724060 0.6388997956994393 2
1746632017756 0.6763328276313845 3
1746632309510 0.6906092828968831 4
1746632601385 0.7148966399968586 5
1746632889397 0.6935065093696468 6
1746633179229 0.6898873137622176 7
1746633475279 0.6980091345680479 8
1746633773153 0.7066830872915097 9
1746634067926 0.6859878826130993 10
1746634362788 0.6955640299433186 11
1746634659187 0.6969784416988615 12
1746634954402 0.7239429051891902 13
1746635250538 0.6894697972366696 14
1746635538576 0.7011105380604131 15
1746635833781 0.696727031542378 16
1746636126012 0.6934978553777127 17
1746636416892 0.6976867457426029 18
1746636712502 0.713920487969861 19
1746637015682 0.7012780948571709 20
1746637313735 0.7102900361777512 21
1746637612137 0.7068986303916314 22
1746637914003 0.7090597316348686 23
1746638211965 0.7130269181971813 24
1746638514469 0.6979402576848199 25
1746638812835 0.6950815149257815 26
1746639110404 0.7122441354688392 27
1746639407033 0.692751575912479 28
1746639702097 0.7144163009569415 29
