1746631141863 0.54913023032149 0
1746631432498 0.7748825287838698 1
1746631724060 0.7748953974396879 2
1746632017756 0.7786952930963972 3
1746632309510 0.7908777968519002 4
1746632601385 0.7793505411658334 5
1746632889397 0.7815019091566884 6
1746633179229 0.7889750214831648 7
1746633475279 0.7951198989825079 8
1746633773153 0.7939571967608716 9
1746634067926 0.7854958496659934 10
1746634362788 0.7898144151420546 11
1746634659187 0.7878017788573206 12
1746634954402 0.8003420264570865 13
1746635250538 0.7868150684431786 14
1746635538576 0.8034334763448657 15
1746635833781 0.7986377181279999 16
1746636126012 0.7988013698130405 17
1746636416892 0.7991397848962443 18
1746636712502 0.8039468038968216 19
1746637015682 0.7972684591903304 20
1746637313735 0.801022581969647 21
1746637612137 0.8054607508032836 22
1746637914003 0.7977909940027385 23
1746638211965 0.8070934255555234 24
1746638514469 0.7999999999500342 25
1746638812835 0.7966173361023059 26
1746639110404 0.7993168231780482 27
1746639407033 0.7937314696662993 28
1746639702097 0.809768637482156 29
