1745750780389 0.5688960515712675 0
1745750841764 0.763450042698483 1
1745750903480 0.7614520311148866 2
1745750964446 0.7534246575341821 3
1745751025681 0.7804054054053394 4
1745751087850 0.7701342281878548 5
1745751149038 0.7528455284552233 6
1745751210249 0.7842809364547839 7
1745751272215 0.757234726688042 8
1745751334122 0.7407407407406811 9
1745751395531 0.7546259050683222 10
1745751456786 0.7664172901079994 11
1745751518126 0.7671118530884168 12
1745751579350 0.7544283413848023 13
1745751640667 0.7631578947367793 14
