1745750780389 0.6320501342882155 0
1745750841764 0.8003581020590151 1
1745750903480 0.7887197851386939 2
1745750964446 0.7878245299909769 3
1745751025681 0.8272157564905257 4
1745751087850 0.8218442256042237 5
1745751149038 0.8290062667859598 6
1745751210249 0.839749328558564 7
1745751272215 0.8433303491494321 8
1745751334122 0.8236347358996576 9
1745751395531 0.839749328558564 10
1745751456786 0.8254252461950917 11
1745751518126 0.8227394807519406 12
1745751579350 0.838854073410847 13
1745751640667 0.8307967770813938 14
1745751702086 0.8263205013428088 15
1745751763480 0.8254252461950917 16
1745751824705 0.8281110116382427 17
1745751886738 0.8307967770813938 18
1745751947953 0.8343777976722618 19
