1745750780389 0.4384002581856536 0
1745750841764 0.6928959273305739 1
1745750903480 0.7150633405591568 2
1745750964446 0.7245593721473292 3
1745751025681 0.7819749872301127 4
1745751087850 0.7587140904001999 5
1745751149038 0.7628074026049408 6
1745751210249 0.7827359582322164 7
1745751272215 0.7842775969715627 8
1745751334122 0.7661423866657101 9
1745751395531 0.7815991581252497 10
1745751456786 0.8002755431948848 11
1745751518126 0.75525233817132 12
1745751579350 0.7896363304774694 13
1745751640667 0.7678465780710776 14
1745751702086 0.7697005601354481 15
1745751763480 0.767113160749994 16
1745751824705 0.7710012596521777 17
1745751886738 0.7726653050079096 18
1745751947953 0.775085456572843 19
