1746193661823 0.0 0
1746193731807 0.0 1
1746193803477 0.01923076923028846 2
1746193877049 0.08613079172270574 3
1746193990964 0.40001252148848343 4
1746194106906 0.4710385654721306 5
1746194224994 0.6119849091868944 6
1746194341660 0.6032929757816154 7
1746194551121 0.6737209366749771 8
1746194664313 0.6790348959970879 9
1746194774118 0.7456211842866629 10
1746194885591 0.6936948469130744 11
1746194998429 0.7295100445643008 12
1746195111438 0.6959112181438593 13
1746195223890 0.7180229789630308 14
1746195336068 0.7064218610825665 15
1746195448390 0.6951391932722348 16
1746195560523 0.7075433891311437 17
1746195673438 0.697441625088389 18
1746195788024 0.7130732823073849 19
1746195902314 0.7273219302189854 20
1746196020293 0.7210638443687899 21
1746196135878 0.6964128535207439 22
1746196252061 0.715611950621179 23
1746196369334 0.7052006819134052 24
1746196488202 0.7044164833009441 25
1746196606445 0.6889398527578023 26
1746196718474 0.7104718066091167 27
1746196834350 0.7149182936801005 28
1746196950210 0.6944584220596686 29
