1746193661823 0.0 0
1746193731807 0.0 1
1746193803477 0.24999999999375 2
1746193877049 0.49230769230743987 3
1746193990964 0.6893106893106205 4
1746194106906 0.696920583468339 5
1746194224994 0.7901127493494544 6
1746194341660 0.777219430485697 7
1746194551121 0.7832345469940065 8
1746194664313 0.7653814602132267 9
1746194774118 0.8029513888888191 10
1746194885591 0.7730673316707587 11
1746194998429 0.7968749999999308 12
1746195111438 0.7828618968385371 13
1746195223890 0.7882845188283859 14
1746195336068 0.781561461793955 15
1746195448390 0.7646103896103276 16
1746195560523 0.7737704918032152 17
1746195673438 0.774246128769293 18
1746195788024 0.7781429745274627 19
1746195902314 0.7941176470587568 20
1746196020293 0.788814691151854 21
1746196135878 0.7593625498007363 22
1746196252061 0.7818181818181171 23
1746196369334 0.7781429745274627 24
1746196488202 0.7806080525882678 25
1746196606445 0.7635189669087358 26
1746196718474 0.7823577906017491 27
1746196834350 0.784119106699687 28
1746196950210 0.770664505672547 29
