1746193661823 0.0 0
1746193731807 0.0 1
1746193803477 0.0008952551477170191 2
1746193877049 0.08594449418083384 3
1746193990964 0.6177260519247433 4
1746194106906 0.7699194270366365 5
1746194224994 0.8155774395702045 6
1746194341660 0.8307967770813938 7
1746194551121 0.8281110116382427 8
1746194664313 0.8352730528199789 9
1746194774118 0.8281110116382427 10
1746194885591 0.8325872873768279 11
1746194998429 0.8218442256042237 12
1746195111438 0.842435094001715 13
1746195223890 0.8433303491494321 14
1746195336068 0.842435094001715 15
1746195448390 0.8433303491494321 16
1746195560523 0.8451208594448661 17
1746195673438 0.8504923903311682 18
1746195788024 0.8478066248880172 19
1746195902314 0.8460161145925831 20
1746196020293 0.8460161145925831 21
1746196135878 0.8531781557743193 22
1746196252061 0.8469113697403001 23
1746196369334 0.8478066248880172 24
1746196488202 0.8504923903311682 25
1746196606445 0.8469113697403001 26
1746196718474 0.8495971351834513 27
1746196834350 0.8487018800357342 28
1746196950210 0.8513876454788852 29
