1746193661823 0.0 0
1746193731807 0.0 1
1746193803477 0.00020296326364922592 2
1746193877049 0.03651717679186546 3
1746193990964 0.36997276552917124 4
1746194106906 0.5522610572475641 5
1746194224994 0.6686658249587303 6
1746194341660 0.7146318123320855 7
1746194551121 0.7325491331325231 8
1746194664313 0.7738171276423446 9
1746194774118 0.7704579236711447 10
1746194885591 0.7753785812911576 11
1746194998429 0.7625816291813374 12
1746195111438 0.7781977018647788 13
1746195223890 0.7662795323302991 14
1746195336068 0.783693976882501 15
1746195448390 0.7930603977589938 16
1746195560523 0.7845295944341478 17
1746195673438 0.7910546407895053 18
1746195788024 0.7893678216704625 19
1746195902314 0.7870887439854285 20
1746196020293 0.7929665673281361 21
1746196135878 0.8002163715349908 22
1746196252061 0.7918291107841997 23
1746196369334 0.791040145264926 24
1746196488202 0.7970965480146391 25
1746196606445 0.7895666819997721 26
1746196718474 0.7950544653933557 27
1746196834350 0.7966082801942614 28
1746196950210 0.7978178441977847 29
