1746696742167 445.523131417756 0
1746696858124 191.52617834110072 1
1746696984344 102.966330726548 2
1746697295579 69.42370658345742 3
1746697476470 50.862387307799686 4
1746697622127 38.83151698348546 5
1746697744794 31.762842499383606 6
1746697869845 23.785365444598813 7
1746697995767 18.336388200816543 8
1746698311650 14.789547636957451 9
1746698502441 13.048507397717769 10
1746698639127 11.295400440102757 11
1746698764462 9.192754792694998 12
1746698891790 8.616867041823888 13
1746699016215 7.584243566683023 14
1746699290378 6.0269715313864225 15
1746699506775 4.718600629579903 16
1746699633801 4.015275232862718 17
1746699764112 3.2947470834939785 18
1746699888663 2.467914800832767 19
