1746696745184 0.011850035750569095 0
1746696860765 0.26899277170224867 1
1746696987274 0.5398193357372525 2
1746697300116 0.6874704731180414 3
1746697485345 0.7831692384016832 4
1746697624692 0.831360241666676 5
1746697748092 0.9151575974897047 6
1746697872561 0.9038432235054502 7
1746697998934 0.9575983308667342 8
1746698318950 0.942132798072563 9
1746698505548 0.934765150562758 10
1746698642481 0.9628359889282575 11
1746698767383 0.9697964562382366 12
1746698894501 0.9763839050299333 13
1746699018758 0.9774606245475221 14
1746699296034 0.969611377331997 15
1746699510299 0.9823500191791121 16
1746699636656 0.9740530260256199 17
1746699767416 0.9793258807173542 18
1746699890966 0.9850764517323094 19
