1746696745184 0.15508021390370186 0
1746696860765 0.5456790123456341 1
1746696987274 0.7410192147033633 2
1746697300116 0.8084929225644623 3
1746697485345 0.8321048321047639 4
1746697624692 0.8676844783714276 5
1746697748092 0.9288849868304715 6
1746697872561 0.8935643564355698 7
1746697998934 0.9618456078082553 8
1746698318950 0.9545056867890678 9
1746698505548 0.9461805555554734 10
1746698642481 0.9578207381369984 11
1746698767383 0.964695498675996 12
1746698894501 0.9698848538528813 13
1746699018758 0.9750889679714435 14
1746699296034 0.9778761061946037 15
1746699510299 0.9777975133214051 16
1746699636656 0.9761061946901791 17
1746699767416 0.9813829787233173 18
1746699890966 0.9787985865723516 19
