1745702593302 2e-05 0
1745702657500 2e-05 1
1745702722338 2e-05 2
1745702787692 8e-05 3
1745702851908 8e-05 4
1745702916265 8e-05 5
1745702980278 8e-05 6
1745703043872 8e-05 7
1745703108521 8e-05 8
1745703172091 8e-05 9
1745703235712 8e-05 10
1745703299465 8e-05 11
1745703363847 8e-05 12
1745703427496 8e-05 13
1745703491206 8e-05 14
1745703554830 6.400000000000001e-05 15
1745703618417 6.400000000000001e-05 16
1745703682645 5.120000000000001e-05 17
1745703746210 5.120000000000001e-05 18
1745703809756 4.0960000000000014e-05 19
1745703873337 4.0960000000000014e-05 20
1745703936892 3.276800000000001e-05 21
1745704000465 3.276800000000001e-05 22
1745704064079 2.6214400000000008e-05 23
1745704127883 2.6214400000000008e-05 24
1745704191484 2.097152000000001e-05 25
1745704255366 2.097152000000001e-05 26
1745704318931 1.6777216000000006e-05 27
1745704382639 1.6777216000000006e-05 28
1745704447200 1.3421772800000009e-05 29
