1745702593302 1.1773134445657536 0
1745702657500 0.4985026668529121 1
1745702722338 0.3197170287674787 2
1745702787692 0.2531089401062654 3
1745702851908 0.18257063338342977 4
1745702916265 0.14471729396253216 5
1745702980278 0.11529266667001102 6
1745703043872 0.09143914107461365 7
1745703108521 0.07289789902160362 8
1745703172091 0.06015979962385431 9
1745703235712 0.05208436373089041 10
1745703299465 0.044315965066911 11
1745703363847 0.040781925926555176 12
1745703427496 0.0358215009755626 13
1745703491206 0.03214000988447545 14
1745703554830 0.02501657896922255 15
1745703618417 0.022908517634686158 16
1745703682645 0.019705386651793912 17
1745703746210 0.015288576141608005 18
1745703809756 0.013320837554768945 19
1745703873337 0.014336687631486935 20
1745703936892 0.012520858385999287 21
1745704000465 0.009317622510526253 22
1745704064079 0.008413633612003557 23
1745704127883 0.00790848009221788 24
1745704191484 0.0072167619174270305 25
1745704255366 0.0064314983628348124 26
1745704318931 0.006178403118796342 27
1745704382639 0.006045479287051273 28
1745704447200 0.005770343159829095 29
