1745702594399 0.31146605813969575 0
1745702658809 0.6947459834497675 1
1745702723231 0.7501109631101677 2
1745702788595 0.7954841510572271 3
1745702852803 0.8027801910881145 4
1745702917455 0.7929704242963572 5
1745702981215 0.798640611674786 6
1745703044783 0.8154917318907859 7
1745703109417 0.8035790370186455 8
1745703172993 0.8136915077489411 9
1745703236696 0.8131962295986939 10
1745703300365 0.8184642698123364 11
1745703364744 0.809461235166772 12
1745703428410 0.8046075084824647 13
1745703492104 0.8104121474554 14
1745703555732 0.7989778534423837 15
1745703619320 0.8249128919360272 16
1745703683547 0.8102031992582459 17
1745703747112 0.8127455259211517 18
1745703810664 0.8204240587989676 19
1745703874238 0.8037383177070708 20
1745703937795 0.8165217390804049 21
1745704001365 0.8113207546669997 22
1745704064980 0.8134424816389273 23
1745704128784 0.8182995251981592 24
1745704192687 0.8154506437268388 25
1745704256263 0.8130921618793729 26
1745704319895 0.8115567054264955 27
1745704384543 0.8077419354338782 28
1745704448100 0.8048359239569015 29
