1745702594399 0.11426996759444827 0
1745702658809 0.4271346270665542 1
1745702723231 0.5634128868631063 2
1745702788595 0.7303890944539931 3
1745702852803 0.7139133716910726 4
1745702917455 0.7020542663778268 5
1745702981215 0.6794570882966584 6
1745703044783 0.7279312833902748 7
1745703109417 0.7010187164380721 8
1745703172993 0.7103836279908483 9
1745703236696 0.7153804350968868 10
1745703300365 0.7151464763413866 11
1745703364744 0.7313220390665638 12
1745703428410 0.6903038640638779 13
1745703492104 0.7173913057755977 14
1745703555732 0.6666054876769419 15
1745703619320 0.7176193828895003 16
1745703683547 0.7250046095402474 17
1745703747112 0.711364952221107 18
1745703810664 0.7354742119942218 19
1745703874238 0.6812544169726262 20
1745703937795 0.7348914638539742 21
1745704001365 0.7076291726642585 22
1745704064980 0.7150381674805201 23
1745704128784 0.726203992081397 24
1745704192687 0.7282233022062249 25
1745704256263 0.7152597624206793 26
1745704319895 0.7169264003875433 27
1745704384543 0.7190844653255752 28
1745704448100 0.6917892047427563 29
