1745702594399 0.24440465532674624 0
1745702658809 0.7162041181736154 1
1745702723231 0.7564905998208812 2
1745702788595 0.8200537153087896 3
1745702852803 0.8272157564905257 4
1745702917455 0.8281110116382427 5
1745702981215 0.8415398388539981 6
1745703044783 0.838854073410847 7
1745703109417 0.8442256042971491 8
1745703172993 0.840644583706281 9
1745703236696 0.8495971351834513 10
1745703300365 0.8254252461950917 11
1745703364744 0.8272157564905257 12
1745703428410 0.8442256042971491 13
1745703492104 0.8361683079676959 14
1745703555732 0.839749328558564 15
1745703619320 0.8478066248880172 16
1745703683547 0.838854073410847 17
1745703747112 0.8334825425245449 18
1745703810664 0.8487018800357342 19
1745703874238 0.8469113697403001 20
1745703937795 0.840644583706281 21
1745704001365 0.8469113697403001 22
1745704064980 0.8451208594448661 23
1745704128784 0.8487018800357342 24
1745704192687 0.8504923903311682 25
1745704256263 0.8451208594448661 26
1745704319895 0.842435094001715 27
1745704384543 0.840644583706281 28
1745704448100 0.8343777976722618 29
