1745702594399 0.10352382792408088 0
1745702658809 0.5160778719201824 1
1745702723231 0.6045548061851557 2
1745702788595 0.7297259535226857 3
1745702852803 0.7695475049454408 4
1745702917455 0.7555406149924989 5
1745702981215 0.7711413886621359 6
1745703044783 0.7798077657004256 7
1745703109417 0.8016869851860646 8
1745703172993 0.7650545847968208 9
1745703236696 0.7872417945318113 10
1745703300365 0.7572032161191167 11
1745703364744 0.7659585471013357 12
1745703428410 0.7767090408691405 13
1745703492104 0.7730208592358642 14
1745703555732 0.7660324987521611 15
1745703619320 0.7719152358769926 16
1745703683547 0.7820441201577122 17
1745703747112 0.7692893065688001 18
1745703810664 0.7788742262189647 19
1745703874238 0.7854369610398718 20
1745703937795 0.7786520188059061 21
1745704001365 0.7855896727316793 22
1745704064980 0.7833370811961355 23
1745704128784 0.7894432846116698 24
1745704192687 0.7871197500540781 25
1745704256263 0.7816999156253949 26
1745704319895 0.7827434197283775 27
1745704384543 0.7807516996565462 28
1745704448100 0.7660069800206608 29
