1745831018932 0.5289084713677971 0
1745831212437 0.196630382036068 1
1745831406405 0.14752252909297847 2
1745831599279 0.18561119837116222 3
1745831792448 0.13951369831148458 4
1745831983622 0.09446681146414912 5
1745832175558 0.07008047284064245 6
1745832367181 0.051537249047233134 7
1745832558337 0.044617519637911905 8
1745832751570 0.03237494698022397 9
1745832946387 0.029734700623595595 10
1745833138574 0.02550335406154698 11
1745833331416 0.022406562668632488 12
1745833523573 0.03243799900103893 13
1745833715553 0.02653855809523743 14
1745833909691 0.036582306084432165 15
1745834101848 0.03738542895155902 16
1745834293633 0.02050651357585222 17
1745834486884 0.014097225301119745 18
1745834678957 0.007804574029121015 19
1745834872953 0.00571869311697439 20
1745835063736 0.003468657368010062 21
1745835254993 0.0028041892742015876 22
1745835446986 0.002163240380765756 23
1745835639344 0.0014640555924341576 24
1745835832785 0.0014027742955866934 25
1745836024620 0.0012917085564089464 26
1745836215087 0.0007877072585332065 27
1745836405574 0.0006787698049655384 28
1745836599457 0.0005757100345585875 29
1745836790198 0.0004733166512166036 30
1745836982877 0.0004599769317606768 31
1745837173662 0.0003781224541500928 32
1745837364433 0.00041107638011156697 33
1745837555906 0.0002808838096231683 34
