1745831021457 0.6820987654320461 0
1745831215080 0.7581589958158361 1
1745831409166 0.7594617325482961 2
1745831601531 0.773231031542986 3
1745831794683 0.7292817679557435 4
1745831986080 0.7312844759652694 5
1745832178143 0.7629382303839096 6
1745832369396 0.7342271293374815 7
1745832560595 0.7895196506549529 8
1745832754102 0.792955326460413 9
1745832948787 0.7631578947367751 10
1745833140964 0.736507936507878 11
1745833333938 0.7683235046334651 12
1745833525795 0.7887563884156057 13
1745833718328 0.7880341880341206 14
1745833912226 0.7495894909687397 15
1745834104071 0.7729184188392958 16
1745834297131 0.7322448979591238 17
1745834490444 0.757225433525949 18
1745834681901 0.7969283276449831 19
1745834875172 0.783402489626491 20
1745835066270 0.7795473595975876 21
1745835257554 0.7793505412155887 22
1745835450063 0.7738486842104626 23
1745835641947 0.800170794192929 24
1745835835106 0.7761316872427344 25
1745836026799 0.7851170568561217 26
1745836217262 0.7944397641111378 27
1745836408287 0.7945900253591889 28
1745836601636 0.7870913663033707 29
1745836792438 0.7964527027026354 30
1745836985092 0.7931034482757954 31
1745837175893 0.792372881355865 32
1745837367167 0.7855946398659308 33
1745837558647 0.7877516778522828 34
