1745831021457 0.4966861582676757 0
1745831215080 0.6856381023577919 1
1745831409166 0.6910429052472176 2
1745831601531 0.6519434891250298 3
1745831794683 0.6567229429609124 4
1745831986080 0.6301812277168573 5
1745832178143 0.6639222876336491 6
1745832369396 0.7033389788610263 7
1745832560595 0.6994182718999548 8
1745832754102 0.7368303383049869 9
1745832948787 0.702201682781122 10
1745833140964 0.6555062818730698 11
1745833333938 0.6928224801816156 12
1745833525795 0.7244042363199381 13
1745833718328 0.6909757878328084 14
1745833912226 0.6878667827687349 15
1745834104071 0.6938954536537809 16
1745834297131 0.6694540505716492 17
1745834490444 0.673352676251588 18
1745834681901 0.734490476200636 19
1745834875172 0.7034459400844392 20
1745835066270 0.7117021000484288 21
1745835257554 0.7263114358011784 22
1745835450063 0.7176380605600303 23
1745835641947 0.7449476024646297 24
1745835835106 0.7339841615161389 25
1745836026799 0.7271930854337458 26
1745836217262 0.7335821805138472 27
1745836408287 0.7389391659609932 28
1745836601636 0.7315582074418674 29
1745836792438 0.7408738485449127 30
1745836985092 0.7347682342482597 31
1745837175893 0.7358449629645141 32
1745837367167 0.7249985311958577 33
1745837558647 0.7261069127361655 34
