1745831021457 0.7914055505818449 0
1745831215080 0.8111011638316193 1
1745831409166 0.8084153983884683 2
1745831601531 0.8119964189793364 3
1745831794683 0.8272157564905257 4
1745831986080 0.8307967770813938 5
1745832178143 0.8182632050133556 6
1745832369396 0.8334825425245449 7
1745832560595 0.8093106535361854 8
1745832754102 0.8263205013428088 9
1745832948787 0.7788719785138067 10
1745833140964 0.8307967770813938 11
1745833333938 0.8164726947179215 12
1745833525795 0.8290062667859598 13
1745833718328 0.8254252461950917 14
1745833912226 0.8173679498656385 15
1745834104071 0.8227394807519406 16
1745834297131 0.8030438675021662 17
1745834490444 0.8209489704565066 18
1745834681901 0.8361683079676959 19
1745834875172 0.8451208594448661 20
1745835066270 0.8325872873768279 21
1745835257554 0.83795881826313 22
1745835450063 0.842435094001715 23
1745835641947 0.838854073410847 24
1745835835106 0.8442256042971491 25
1745836026799 0.840644583706281 26
1745836217262 0.8442256042971491 27
1745836408287 0.8415398388539981 28
1745836601636 0.840644583706281 29
1745836792438 0.8442256042971491 30
1745836985092 0.8442256042971491 31
1745837175893 0.837063563115413 32
1745837367167 0.839749328558564 33
1745837558647 0.840644583706281 34
