1745831021457 0.6233871080500546 0
1745831215080 0.7293821343075363 1
1745831409166 0.7615620127277155 2
1745831601531 0.7175328423937652 3
1745831794683 0.7703772368317711 4
1745831986080 0.747097138848165 5
1745832178143 0.7424077429402031 6
1745832369396 0.7641958715760518 7
1745832560595 0.7447972769245754 8
1745832754102 0.774910062865372 9
1745832948787 0.7530876295072506 10
1745833140964 0.7625098971653517 11
1745833333938 0.7608304935358772 12
1745833525795 0.790052729188935 13
1745833718328 0.7682598561486951 14
1745833912226 0.7509798592029254 15
1745834104071 0.7621958278280346 16
1745834297131 0.7153732461834154 17
1745834490444 0.7607556808578887 18
1745834681901 0.7789379964873149 19
1745834875172 0.7744877470392025 20
1745835066270 0.7696902974039048 21
1745835257554 0.7793927595060901 22
1745835450063 0.7763851763509143 23
1745835641947 0.7808170146346612 24
1745835835106 0.7846246667849323 25
1745836026799 0.7787448745239149 26
1745836217262 0.7805640299848873 27
1745836408287 0.7781991430232118 28
1745836601636 0.7837772184467118 29
1745836792438 0.789522243237858 30
1745836985092 0.7815453020910894 31
1745837175893 0.7795167369582849 32
1745837367167 0.7818271817814677 33
1745837558647 0.7790352551066492 34
