1746472016699 2e-05 0
1746472144222 4e-05 1
1746472271993 6.000000000000001e-05 2
1746472400467 8e-05 3
1746472657188 8e-05 4
1746472916701 8e-05 5
1746473173385 8e-05 6
1746473431025 8e-05 7
1746473689642 8e-05 8
1746473948618 8e-05 9
1746474206889 8e-05 10
1746474465533 8e-05 11
1746474722991 8e-05 12
1746474980161 8e-05 13
1746475239720 8e-05 14
1746475503989 6.400000000000001e-05 15
1746475760941 6.400000000000001e-05 16
1746476020478 5.120000000000001e-05 17
1746476277883 5.120000000000001e-05 18
1746476537139 4.0960000000000014e-05 19
1746476795437 4.0960000000000014e-05 20
1746477053096 3.276800000000001e-05 21
1746477309521 3.276800000000001e-05 22
1746477568510 2.6214400000000008e-05 23
1746477824956 2.6214400000000008e-05 24
1746478083473 2.097152000000001e-05 25
1746478341807 2.097152000000001e-05 26
1746478595299 1.6777216000000006e-05 27
1746478849206 1.6777216000000006e-05 28
1746479107148 1.3421772800000009e-05 29
