1746472020241 0.0 0
1746472147786 0.0 1
1746472275384 0.022407154425444206 2
1746472404095 0.1081690018482223 3
1746472661157 0.46369912480114206 4
1746472920555 0.5031666575743801 5
1746473177108 0.671555259034345 6
1746473434966 0.7152808318674351 7
1746473693674 0.6889029303493825 8
1746473952669 0.743444599375586 9
1746474210340 0.7437833370581585 10
1746474469469 0.733282696469373 11
1746474726654 0.7078597627642874 12
1746474983818 0.7386068085748108 13
1746475244401 0.699859692579881 14
1746475507908 0.7288124352301005 15
1746475765127 0.753354977443617 16
1746476023890 0.7567924826513271 17
1746476281673 0.731767771150505 18
1746476541565 0.7323348243012574 19
1746476799139 0.7324582208164107 20
1746477056684 0.7305804188038818 21
1746477313692 0.7253278775411552 22
1746477572799 0.7300926947381213 23
1746477828367 0.7276324342551086 24
1746478087218 0.7300085210767544 25
1746478345229 0.726004993589705 26
1746478599033 0.7379832642901913 27
1746478853467 0.7362118449475328 28
1746479110899 0.7291305481792776 29
