1746472020241 0.0 0
1746472147786 0.0 1
1746472275384 0.28278688524578577 2
1746472404095 0.41496598639450133 3
1746472661157 0.6474601971189805 4
1746472920555 0.6850961538460989 5
1746473177108 0.8030713640469013 6
1746473434966 0.7770326906956599 7
1746473693674 0.7614678899081934 8
1746473952669 0.7677100494233304 9
1746474210340 0.7776872964168747 10
1746474469469 0.7536466774715759 11
1746474726654 0.7484025559104833 12
1746474983818 0.7976686094920235 13
1746475244401 0.7711238720261877 14
1746475507908 0.7753562447610415 15
1746475765127 0.7939949958297919 16
1746476023890 0.806672369546552 17
1746476281673 0.7777777777777142 18
1746476541565 0.7857142857142204 19
1746476799139 0.7784232365144582 20
1746477056684 0.7795918367346302 21
1746477313692 0.7860116569524741 22
1746477572799 0.7921207041072261 23
1746477828367 0.7776866283838574 24
1746478087218 0.7844756399669046 25
1746478345229 0.7811725846407283 26
1746478599033 0.7936507936507273 27
1746478853467 0.7895174708817978 28
1746479110899 0.7914929107588997 29
