1746472020241 0.0 0
1746472147786 0.0 1
1746472275384 0.01637871074314164 2
1746472404095 0.1072632242791655 3
1746472661157 0.5497830743664127 4
1746472920555 0.5818905805535708 5
1746473177108 0.7089964833525811 6
1746473434966 0.7626545537364571 7
1746473693674 0.7568160460975124 8
1746473952669 0.7991843743576388 9
1746474210340 0.8193676928114721 10
1746474469469 0.7635805332177674 11
1746474726654 0.7860140393665151 12
1746474983818 0.8024978372463087 13
1746475244401 0.7728558957612655 14
1746475507908 0.7896070585230953 15
1746475765127 0.8143988219044591 16
1746476023890 0.8066689373516803 17
1746476281673 0.797814338844463 18
1746476541565 0.7923236426254826 19
1746476799139 0.7826209149887701 20
1746477056684 0.8030224973543645 21
1746477313692 0.7896603155155331 22
1746477572799 0.7881126509402099 23
1746477828367 0.79156378289024 24
1746478087218 0.7930085201567483 25
1746478345229 0.7921513500968931 26
1746478599033 0.7937988473114017 27
1746478853467 0.7970652082180005 28
1746479110899 0.7956939982334623 29
