1745581744754 0.13240344794429207 0
1745582475526 0.4577524478792807 1
1745583171712 0.6134266549090559 2
1745583827016 0.6252516254821944 3
1745584417107 0.6605794989880085 4
1745584510475 0.7105263012798103 5
1745585176683 0.6789120590567149 6
1745585842478 0.7081830070036789 7
1745586504794 0.702465468683452 8
1745587123164 0.6926880444750488 9
1745587768965 0.7017692097986019 10
1745588423609 0.7301333587931714 11
1745589063953 0.7152872994538634 12
1745589708003 0.7278396372248239 13
1745590331931 0.6856147270596454 14
1745590938777 0.6940098571178576 15
1745591548370 0.6986604874320854 16
1745592161512 0.7089039635223535 17
1745592770529 0.6909590230049617 18
1745593390667 0.7054823954779164 19
1745594001215 0.7066855134710189 20
1745594630204 0.6931962186042679 21
1745595240034 0.7067469486734239 22
1745595874434 0.705261258717395 23
1745596517490 0.7030566626015676 24
1745597157132 0.6822105485251538 25
1745597799791 0.704737638093155 26
1745598424465 0.7010261583478828 27
1745598890777 0.7069765940756435 28
1745598962086 0.700827591299301 29
