1745581085629 2e-05 0
1745581809622 2e-05 1
1745582539850 2e-05 2
1745583235346 8e-05 3
1745583890234 8e-05 4
1745584483297 8e-05 5
1745584575793 8e-05 6
1745585241739 8e-05 7
1745585907292 8e-05 8
1745586573337 8e-05 9
1745587190910 8e-05 10
1745587836843 8e-05 11
1745588489027 8e-05 12
1745589128100 8e-05 13
1745589773389 8e-05 14
1745590395912 6.400000000000001e-05 15
1745591004550 6.400000000000001e-05 16
1745591613329 5.120000000000001e-05 17
1745592226340 5.120000000000001e-05 18
1745592834283 4.0960000000000014e-05 19
1745593454206 4.0960000000000014e-05 20
1745594065302 3.276800000000001e-05 21
1745594693785 3.276800000000001e-05 22
1745595303795 2.6214400000000008e-05 23
1745595938322 2.6214400000000008e-05 24
1745596581362 2.097152000000001e-05 25
1745597220442 2.097152000000001e-05 26
1745597863686 1.6777216000000006e-05 27
1745598488705 1.6777216000000006e-05 28
1745598955587 1.3421772800000009e-05 29
