1745581744754 0.5395095367846676 0
1745582475526 0.6628571428570887 1
1745583171712 0.7510584250634419 2
1745583827016 0.7226162332544741 3
1745584417107 0.759398496240538 4
1745584510475 0.7684563758388617 5
1745585176683 0.7570016474463956 6
1745585842478 0.732295719844301 7
1745586504794 0.7787234042552529 8
1745587123164 0.7850386930351861 9
1745587768965 0.7864978902952923 10
1745588423609 0.7580645161289711 11
1745589063953 0.7653910149749779 12
1745589708003 0.7685411572941508 13
1745590331931 0.7764606265875719 14
1745590938777 0.7793624161073172 15
1745591548370 0.7984361424847264 16
1745592161512 0.7872161480234829 17
1745592770529 0.74959999999994 18
1745593390667 0.7684124386251416 19
1745594001215 0.7767558528427444 20
1745594630204 0.7627944760356813 21
1745595240034 0.7629449838187085 22
1745595874434 0.7665306122448353 23
1745596517490 0.7580385852089423 24
1745597157132 0.7632653061223866 25
1745597799791 0.7740345110927876 26
1745598424465 0.7640816326529988 27
1745598890777 0.7766749379651963 28
1745598962086 0.7702479338842338 29
