1746725821137 0.7442060085337121 0
1746726023575 0.8301393727722638 1
1746726226891 0.8772845952502235 2
1746726430720 0.8944854537059376 3
1746726634448 0.9175438595990626 4
1746726840610 0.9441535776113806 5
1746727043633 0.9396853146352604 6
1746727243208 0.9590017824811098 7
1746727445100 0.9488084730302438 8
1746727644406 0.9493168796326078 9
1746727843521 0.9620476610267122 10
1746728045075 0.9697239536453737 11
1746728250635 0.9643328929486072 12
1746728454252 0.9685144123667698 13
1746728658106 0.9755229193980679 14
1746728865201 0.9728285077450147 15
1746729065896 0.9756529437303536 16
1746729270767 0.9724199287755381 17
1746729472546 0.9826589594874869 18
1746729678121 0.9825970548361243 19
