1746725821137 0.5604826290369501 0
1746726023575 0.7429032271296634 1
1746726226891 0.8617300640285349 2
1746726430720 0.8691504699316633 3
1746726634448 0.899794075955302 4
1746726840610 0.9229412201645266 5
1746727043633 0.911822941308498 6
1746727243208 0.9412855321492034 7
1746727445100 0.9474242707874829 8
1746727644406 0.9030213004919272 9
1746727843521 0.9573892898172981 10
1746728045075 0.9664274048400382 11
1746728250635 0.9541756761635022 12
1746728454252 0.9721469865545012 13
1746728658106 0.9489791997608381 14
1746728865201 0.9750083694602125 15
1746729065896 0.972828877610956 16
1746729270767 0.9711031779742985 17
1746729472546 0.9812590067653931 18
1746729678121 0.9805509597775146 19
