1746725821137 0.7147568013189848 0
1746726023575 0.8083121289227474 1
1746726226891 0.853513971210766 2
1746726430720 0.8684654300167901 3
1746726634448 0.8993981083404213 4
1746726840610 0.9208510638297088 5
1746727043633 0.9180187873611513 6
1746727243208 0.9547471162377147 7
1746727445100 0.9355961705830342 8
1746727644406 0.9348958333332521 9
1746727843521 0.9486510008702395 10
1746728045075 0.964570416297523 11
1746728250635 0.9488734835354463 12
1746728454252 0.9595782073812865 13
1746728658106 0.9699115044246929 14
1746728865201 0.9680851063828929 15
1746729065896 0.9649737302976388 16
1746729270767 0.9664014146771912 17
1746729472546 0.9761484098939066 18
1746729678121 0.9795373665479555 19
