1746725821137 0.6574345251957224 0
1746726023575 0.8208003176908567 1
1746726226891 0.8767550400425778 2
1746726430720 0.8941192201530175 3
1746726634448 0.9408315711045113 4
1746726840610 0.9565877323502531 5
1746727043633 0.9637129229370563 6
1746727243208 0.9623276453288222 7
1746727445100 0.9655204100064563 8
1746727644406 0.9559523668371701 9
1746727843521 0.9773233123159513 10
1746728045075 0.9722798655612499 11
1746728250635 0.9836270878834976 12
1746728454252 0.9812862001647061 13
1746728658106 0.9874255338327961 14
1746728865201 0.9826624784544531 15
1746729065896 0.9883946071056133 16
1746729270767 0.9796134240920705 17
1746729472546 0.993950162661155 18
1746729678121 0.9909846504856092 19
