1746193861329 0.0 0
1746193948296 0.0 1
1746194035431 0.0 2
1746194123294 0.052244897943097036 3
1746194318536 0.6834123222249894 4
1746194447879 0.741744284454741 5
1746194576196 0.6387832699120811 6
1746194703777 0.7742214532371872 7
1746194832007 0.7921801954451732 8
1746194960935 0.7965738757530232 9
1746195089305 0.8010313708137841 10
1746195220209 0.8122866893698361 11
1746195368235 0.8059447982515496 12
1746195497080 0.7948504982890655 13
1746195626957 0.8190143915766516 14
1746195756846 0.805161290272588 15
1746195886524 0.7993226079094357 16
1746196016049 0.817750969359737 17
1746196144981 0.8078231292017577 18
1746196273602 0.8076271185941418 19
1746196402578 0.7998300041999535 20
1746196532332 0.8075439347978562 21
1746196661654 0.8032299192020783 22
1746196789687 0.8089117394530216 23
1746196917289 0.8028948488219118 24
1746197044751 0.8070025618629323 25
1746197172073 0.8018707482493773 26
1746197299889 0.8075278014898075 27
1746197427013 0.8042826551962773 28
1746197555216 0.8106483468800265 29
