1746193861329 0.0 0
1746193948296 0.0 1
1746194035431 0.0 2
1746194123294 0.03971153846146398 3
1746194318536 0.40641536114371174 4
1746194447879 0.533384864654996 5
1746194576196 0.5323432178686124 6
1746194703777 0.5998422489028357 7
1746194832007 0.6539996350443364 8
1746194960935 0.6633882625777987 9
1746195089305 0.6685865318714537 10
1746195220209 0.7076170512169402 11
1746195368235 0.7167104152621089 12
1746195497080 0.6735247656695044 13
1746195626957 0.745626553224951 14
1746195756846 0.6952283323467859 15
1746195886524 0.6953285489830999 16
1746196016049 0.7221254734164957 17
1746196144981 0.7130724855611091 18
1746196273602 0.7014082976391947 19
1746196402578 0.6999769665180314 20
1746196532332 0.7224901262120075 21
1746196661654 0.7011468148326384 22
1746196789687 0.712009580841264 23
1746196917289 0.7072964508505726 24
1746197044751 0.696554979955181 25
1746197172073 0.6992179504676498 26
1746197299889 0.7149541180626721 27
1746197427013 0.7127288921812481 28
1746197555216 0.7249956076945282 29
