1746193861329 0.0 0
1746193948296 0.0 1
1746194035431 0.0 2
1746194123294 0.29629629629602194 3
1746194318536 0.7260825780462511 4
1746194447879 0.7036144578312687 5
1746194576196 0.6047999999999516 6
1746194703777 0.7489539748953348 7
1746194832007 0.7540453074433047 8
1746194960935 0.7635467980294939 9
1746195089305 0.7702479338842338 10
1746195220209 0.7758761206193336 11
1746195368235 0.7665589660742514 12
1746195497080 0.741285824941848 13
1746195626957 0.7984693877550341 14
1746195756846 0.7748344370860285 15
1746195886524 0.7582329317268467 16
1746196016049 0.7882059800663797 17
1746196144981 0.7692307692307069 18
1746196273602 0.766693483507581 19
1746196402578 0.7613268608413624 20
1746196532332 0.7746710526315153 21
1746196661654 0.7645631067960547 22
1746196789687 0.7756778964666576 23
1746196917289 0.7654220779220158 24
1746197044751 0.7714285714285084 25
1746197172073 0.7635627530363754 26
1746197299889 0.7731367731367098 27
1746197427013 0.7709359605910697 28
1746197555216 0.7788778877887146 29
