1746193861329 0.0 0
1746193948296 0.0 1
1746194035431 0.0 2
1746194123294 0.012602515241023033 3
1746194318536 0.4049472748602193 4
1746194447879 0.6128913766367327 5
1746194576196 0.625254647356382 6
1746194703777 0.6974536379627188 7
1746194832007 0.7552142577506195 8
1746194960935 0.7533845491332094 9
1746195089305 0.7515045734622472 10
1746195220209 0.7948199455531995 11
1746195368235 0.7832775048819887 12
1746195497080 0.795949200246234 13
1746195626957 0.7774796248963121 14
1746195756846 0.776232354926883 15
1746195886524 0.7852158936165872 16
1746196016049 0.7899293045911082 17
1746196144981 0.792099985331557 18
1746196273602 0.7922558490293325 19
1746196402578 0.7883386618224552 20
1746196532332 0.7886141669841064 21
1746196661654 0.789888196293763 22
1746196789687 0.7875912736209689 23
1746196917289 0.7882472564535152 24
1746197044751 0.7878712173591056 25
1746197172073 0.7901666860354057 26
1746197299889 0.7893282329728558 27
1746197427013 0.7843882159176127 28
1746197555216 0.786281910754712 29
