1745738893042 2e-05 0
1745738956042 2e-05 1
1745739019456 2e-05 2
1745739083376 8e-05 3
1745739147014 8e-05 4
1745739211604 8e-05 5
1745739276137 8e-05 6
1745739339529 8e-05 7
1745739402649 8e-05 8
1745739466368 8e-05 9
1745739529999 8e-05 10
1745739593519 8e-05 11
1745739657012 8e-05 12
1745739720831 8e-05 13
1745739784210 8e-05 14
1745739847622 6.400000000000001e-05 15
1745739911128 6.400000000000001e-05 16
1745739974524 5.120000000000001e-05 17
1745740037946 5.120000000000001e-05 18
1745740102206 4.0960000000000014e-05 19
1745740166284 4.0960000000000014e-05 20
1745740230263 3.276800000000001e-05 21
1745740294500 3.276800000000001e-05 22
1745740357859 2.6214400000000008e-05 23
1745740421598 2.6214400000000008e-05 24
1745740484977 2.097152000000001e-05 25
1745740548376 2.097152000000001e-05 26
1745740611781 1.6777216000000006e-05 27
1745740675799 1.6777216000000006e-05 28
1745740739178 1.3421772800000009e-05 29
