1745738894658 0.12855048083691406 0
1745738956945 0.4421806427761322 1
1745739020360 0.5808268785944944 2
1745739084280 0.6595966902199366 3
1745739147928 0.7181610346726645 4
1745739212505 0.709903094894382 5
1745739277044 0.7120685017821363 6
1745739340430 0.70758138391375 7
1745739403566 0.7098544841244164 8
1745739467344 0.7078901456807469 9
1745739530885 0.7292757918095373 10
1745739594430 0.7080335456804447 11
1745739657926 0.7018811812085052 12
1745739721729 0.7201449015029234 13
1745739785104 0.7062990618010576 14
1745739848602 0.7018323652634882 15
1745739912030 0.7072071238322118 16
1745739975507 0.6972842377960441 17
1745740039041 0.7298632820004811 18
1745740103112 0.7109237247031734 19
1745740167200 0.7305913940355248 20
1745740231234 0.7319683537838354 21
1745740295386 0.7098289768819757 22
1745740359206 0.71898689476082 23
1745740422545 0.7213984063156058 24
1745740485877 0.7157341547906386 25
1745740549282 0.7196969326312406 26
1745740612692 0.7406808109845505 27
1745740676695 0.7236419877712126 28
1745740740077 0.7253410893343557 29
