1746777638823 0.776815651022658 0
1746777703341 0.24944608476088972 1
1746777770683 0.18462258577346802 2
1746777836789 0.1537871158548764 3
1746777902183 0.11934701748648469 4
1746777970905 0.09000189526348698 5
1746778041028 0.06800776849291762 6
1746778107850 0.054677599432821175 7
1746778172173 0.041693405305244485 8
1746778236402 0.03710223646948532 9
1746778303129 0.03286024766537 10
1746778367947 0.02580651288319911 11
1746778434195 0.020169946564627544 12
1746778499391 0.016877695651991025 13
1746778564431 0.016080676397422746 14
1746778628728 0.013024052343692402 15
1746778693802 0.010971734392912868 16
1746778762194 0.007720426212026909 17
1746778827833 0.005858429914283357 18
1746778892914 0.004724974007516795 19
1746778958532 0.0040554966984259685 20
1746779025236 0.0030531155020331164 21
1746779090106 0.0031298246817919903 22
1746779154882 0.0031468964354681534 23
1746779220862 0.002616991796198168 24
1746779286759 0.0022280975764650585 25
1746779351241 0.0019968745348575923 26
1746779416000 0.0017923602869387297 27
1746779480562 0.0016722499053777975 28
1746779545174 0.0016240171057039074 29
