1746777641132 0.6677768525730032 0
1746777705661 0.7930004267532843 1
1746777772854 0.7776872963672833 2
1746777839133 0.7911033579961917 3
1746777904911 0.8013728013228192 4
1746777973665 0.810382754019455 5
1746778043591 0.8023307933161317 6
1746778109906 0.7897435896936248 7
1746778173793 0.7954939340920968 8
1746778238866 0.787341772101997 9
1746778305493 0.7888982337600412 10
1746778370832 0.7954743254504046 11
1746778436670 0.7932960893354866 12
1746778501686 0.7910447760693522 13
1746778566682 0.7832830675932599 14
1746778631142 0.7982570805599876 15
1746778696964 0.8005148004648185 16
1746778765298 0.7878268323546517 17
1746778830442 0.7984562606704316 18
1746778895346 0.7965957446309052 19
1746778961341 0.7951807228415728 20
1746779027453 0.7998263134541005 21
1746779092465 0.7970639032315138 22
1746779157333 0.7944969904917123 23
1746779223453 0.792583009868067 24
1746779288954 0.7894062366010409 25
1746779353625 0.795670995620981 26
1746779418203 0.7957081544564543 27
1746779482839 0.7989646246264419 28
1746779547462 0.7987910189482664 29
