1746777641132 0.48103795367652974 0
1746777705661 0.7009728002913819 1
1746777772854 0.713925950537107 2
1746777839133 0.7227355587846123 3
1746777904911 0.6957101640148944 4
1746777973665 0.7344145069610213 5
1746778043591 0.7335757061318385 6
1746778109906 0.7201434275035568 7
1746778173793 0.6912471305595235 8
1746778238866 0.681329900399005 9
1746778305493 0.6885847307011298 10
1746778370832 0.6993680804050294 11
1746778436670 0.7129108230573465 12
1746778501686 0.6918677534564122 13
1746778566682 0.6750723801169951 14
1746778631142 0.693705487104871 15
1746778696964 0.7025275277417073 16
1746778765298 0.6850740841882005 17
1746778830442 0.7004524003556442 18
1746778895346 0.6883199685266587 19
1746778961341 0.6814691129314142 20
1746779027453 0.6881350826317033 21
1746779092465 0.6858682571229939 22
1746779157333 0.6837638674636936 23
1746779223453 0.6896019485746384 24
1746779288954 0.6743372210850895 25
1746779353625 0.6836393237515914 26
1746779418203 0.6831273782216202 27
1746779482839 0.6846449287703712 28
1746779547462 0.6841689660294166 29
