1746777641132 0.44580155386180975 0
1746777705661 0.6841044961498558 1
1746777772854 0.706684963304821 2
1746777839133 0.7250698572072808 3
1746777904911 0.6895991437329875 4
1746777973665 0.7169455467831638 5
1746778043591 0.7330231617165228 6
1746778109906 0.7083460668157161 7
1746778173793 0.6815031457458214 8
1746778238866 0.6683550712156497 9
1746778305493 0.6635191638981219 10
1746778370832 0.6849658410833334 11
1746778436670 0.706702510446733 12
1746778501686 0.6840184677636872 13
1746778566682 0.6626111181173877 14
1746778631142 0.7004506325725296 15
1746778696964 0.6993813247057935 16
1746778765298 0.6784628117430846 17
1746778830442 0.684524334167546 18
1746778895346 0.6728307660727351 19
1746778961341 0.6754539000047632 20
1746779027453 0.6860827411539661 21
1746779092465 0.6812634650042 22
1746779157333 0.6738968113167512 23
1746779223453 0.6821317391619863 24
1746779288954 0.6587700535001837 25
1746779353625 0.6764020735418234 26
1746779418203 0.6749358012175668 27
1746779482839 0.6786621262683279 28
1746779547462 0.6751309319482198 29
