1746618075050 2e-05 0
1746618208897 4e-05 1
1746618344495 6.000000000000001e-05 2
1746618480352 8e-05 3
1746618731318 8e-05 4
1746618986430 8e-05 5
1746619237396 8e-05 6
1746619488771 8e-05 7
1746619736046 8e-05 8
1746619987446 8e-05 9
1746620236579 8e-05 10
1746620484232 8e-05 11
1746620733713 8e-05 12
1746620980562 8e-05 13
1746621226622 8e-05 14
1746621472288 6.400000000000001e-05 15
1746621717707 6.400000000000001e-05 16
1746621962060 5.120000000000001e-05 17
1746622206358 5.120000000000001e-05 18
1746622451555 4.0960000000000014e-05 19
1746622696284 4.0960000000000014e-05 20
1746622940778 3.276800000000001e-05 21
1746623185083 3.276800000000001e-05 22
