1746618078204 0.0 0
1746618212022 0.03076923076919457 1
1746618347736 0.0995300677165284 2
1746618483504 0.305443897935216 3
1746618735629 0.5480636872919891 4
1746618989609 0.6827119166514511 5
1746619240774 0.6761802131045486 6
1746619491748 0.6537326042211389 7
1746619739332 0.7078610180310895 8
1746619990721 0.7276363144044645 9
1746620239522 0.6789267474391069 10
1746620487519 0.6949086312534963 11
1746620736821 0.7043582404795605 12
1746620983555 0.6567171002174413 13
1746621229604 0.6489989297002458 14
1746621475440 0.6671590142767597 15
1746621720761 0.6625797441801707 16
1746621964957 0.6715724543506156 17
1746622209508 0.6948156488202964 18
1746622454440 0.6965626523093941 19
1746622699535 0.7030995688687567 20
1746622943680 0.6862609747762386 21
1746623188116 0.690374550152176 22
1746623432846 0.7051209680612167 23
1746623679264 0.7043632150597511 24
1746623926412 0.6868598327439894 25
1746624174351 0.6992565081196436 26
1746624420264 0.7001328355137783 27
1746624666409 0.6945757589867398 28
1746624912503 0.6885147778008385 29
