1746618078204 0.0 0
1746618212022 0.006900750964073681 1
1746618347736 0.12118596969133749 2
1746618483504 0.2255164099582789 3
1746618735629 0.7130023305348262 4
1746618989609 0.7884120961045338 5
1746619240774 0.7948901675525541 6
1746619491748 0.7740500314109482 7
1746619739332 0.8061233999550397 8
1746619990721 0.7572319602504272 9
1746620239522 0.7628703515079717 10
1746620487519 0.766937569171147 11
1746620736821 0.7938547884040198 12
1746620983555 0.7776603604117283 13
1746621229604 0.7634438058098237 14
1746621475440 0.7650979528966146 15
1746621720761 0.749673667549346 16
1746621964957 0.7708339072917316 17
1746622209508 0.7798072133895495 18
1746622454440 0.7732429398875768 19
1746622699535 0.7756869068726537 20
1746622943680 0.7824575452146811 21
1746623188116 0.7866549507817775 22
