1746778880264 518.4324284767617 0
1746779007447 285.3049655836456 1
1746779136062 169.18102155412947 2
1746779266898 106.19160609342615 3
1746779394488 76.5190896014778 4
1746779519702 62.97607647642798 5
1746779630855 47.08970052368787 6
1746779760711 38.333368904736574 7
1746779889141 31.38043518455661 8
1746780017536 26.31115012266198 9
1746780145387 22.59870057203332 10
1746780260481 19.550523349217006 11
1746780387731 16.2718610374295 12
1746780518120 14.303880039526492 13
1746780646240 12.432153010854917 14
1746780773098 9.702508965317083 15
1746780901444 8.580005553303932 16
1746781022641 7.242280454051738 17
1746781129065 6.1880141131731925 18
1746781258619 5.203555569356801 19
1746781387588 4.704139534307986 20
1746781515035 4.16648855744576 21
1746781644844 3.7545643071739043 22
1746781774023 3.502412905498427 23
1746781902657 3.2149979241040287 24
1746782031209 3.0546948617818406 25
1746782161098 2.7471776154576517 26
1746782288076 2.5681575390757345 27
1746782418800 2.4536948495981643 28
1746782545866 2.319032631358322 29
