1746778882993 0.0 0
1746779010030 0.16901408447344862 1
1746779139596 0.6013763895757438 2
1746779269468 0.7364864864365844 3
1746779396877 0.760452961622444 4
1746779521575 0.7767481044151464 5
1746779633349 0.783152627139493 6
1746779763467 0.7963272119701955 7
1746779891517 0.8075278014898075 8
1746780020013 0.8093816630630495 9
1746780147789 0.8098530682300242 10
1746780262859 0.7925801011305408 11
1746780390919 0.8027621924402839 12
1746780520667 0.794105263108004 13
1746780648602 0.7827557057827185 14
1746780776052 0.8054031236309724 15
1746780904051 0.8065208064708239 16
1746781024481 0.8030690536584852 17
1746781131457 0.8124191461336969 18
1746781261254 0.8151986182574188 19
1746781389944 0.8029010238408265 20
1746781518183 0.808219178032218 21
1746781647227 0.8034188033688374 22
1746781776405 0.8056146320215142 23
1746781905037 0.8022212729103093 24
1746782033799 0.8034188033688374 25
1746782163546 0.7981340118245404 26
1746782292101 0.8058169375034945 27
1746782421163 0.80016934796024 28
1746782548512 0.8001697072050534 29
