1746778882993 0.0 0
1746779010030 0.39603960396026533 1
1746779139596 0.7357512953366923 2
1746779269468 0.6970423661070586 3
1746779396877 0.7404580152671127 4
1746779521575 0.7334924423229329 5
1746779633349 0.7330210772833151 6
1746779763467 0.7458952306488862 7
1746779891517 0.7731367731367098 8
1746780020013 0.7728013029315332 9
1746780147789 0.7827903091060332 10
1746780262859 0.7490039840636853 11
1746780390919 0.7749999999999354 12
1746780520667 0.7496025437201311 13
1746780648602 0.7413931144915339 14
1746780776052 0.7619808306708656 15
1746780904051 0.7742998352552903 16
1746781024481 0.7664768104149091 17
1746781131457 0.7836938435939448 18
1746781261254 0.7873227689740794 19
1746781389944 0.7669111654441102 20
1746781518183 0.7744052502050226 21
1746781647227 0.7686017988552111 22
1746781776405 0.7674230145866476 23
1746781905037 0.7671568627450354 24
1746782033799 0.7686017988552111 25
1746782163546 0.7582594681707688 26
1746782292101 0.7714987714987083 27
1746782421163 0.7590361445782523 28
1746782548512 0.7604838709676806 29
