1746778882993 0.0 0
1746779010030 0.1074306177260423 1
1746779139596 0.5085049239032668 2
1746779269468 0.7806624888092407 3
1746779396877 0.7815577439569578 4
1746779521575 0.8254252461950917 5
1746779633349 0.840644583706281 6
1746779763467 0.8540734109220363 7
1746779891517 0.8451208594448661 8
1746780020013 0.8495971351834513 9
1746780147789 0.838854073410847 10
1746780262859 0.8415398388539981 11
1746780390919 0.8325872873768279 12
1746780520667 0.8442256042971491 13
1746780648602 0.8290062667859598 14
1746780776052 0.8540734109220363 15
1746780904051 0.8415398388539981 16
1746781024481 0.8433303491494321 17
1746781131457 0.8433303491494321 18
1746781261254 0.8451208594448661 19
1746781389944 0.842435094001715 20
1746781518183 0.8451208594448661 21
1746781647227 0.8415398388539981 22
1746781776405 0.8478066248880172 23
1746781905037 0.840644583706281 24
1746782033799 0.8415398388539981 25
1746782163546 0.842435094001715 26
1746782292101 0.8433303491494321 27
1746782421163 0.8460161145925831 28
1746782548512 0.8442256042971491 29
