1745745134892 0.7480636007931768 0
1745745326300 0.23507145974709062 1
1745745521088 0.1831795485044012 2
1745745710832 0.19748251368196643 3
1745745905172 0.14678176142731492 4
1745746096434 0.10895710845230794 5
1745746289763 0.08230168611875602 6
1745746480895 0.06124822219491613 7
1745746671821 0.054770929510800204 8
1745746862056 0.041020954673995774 9
1745747054897 0.03707992002291947 10
1745747245930 0.037308428550557216 11
1745747437267 0.028585490485539242 12
1745747629045 0.03467098102733797 13
1745747820313 0.027113683379198214 14
1745748011393 0.018779672335415165 15
1745748202272 0.01132963879547101 16
1745748392906 0.009811409751466495 17
1745748584799 0.006214990261562017 18
1745748776404 0.004786144921850717 19
