1745745134892 2e-05 0
1745745326300 2e-05 1
1745745521088 2e-05 2
1745745710832 8e-05 3
1745745905172 8e-05 4
1745746096434 8e-05 5
1745746289763 8e-05 6
1745746480895 8e-05 7
1745746671821 8e-05 8
1745746862056 8e-05 9
1745747054897 8e-05 10
1745747245930 8e-05 11
1745747437267 8e-05 12
1745747629045 8e-05 13
1745747820313 8e-05 14
1745748011393 6.400000000000001e-05 15
1745748202272 6.400000000000001e-05 16
1745748392906 5.120000000000001e-05 17
1745748584799 5.120000000000001e-05 18
1745748776404 4.0960000000000014e-05 19
