1746468222263 2e-05 0
1746468297689 4e-05 1
1746468350988 6.000000000000001e-05 2
1746468404752 8e-05 3
1746468533579 8e-05 4
1746468662881 8e-05 5
1746468792097 8e-05 6
1746468920072 8e-05 7
1746469048948 8e-05 8
1746469177929 8e-05 9
1746469304479 8e-05 10
1746469433038 8e-05 11
1746469559876 8e-05 12
1746469659176 8e-05 13
1746469754473 8e-05 14
1746469849926 6.400000000000001e-05 15
1746469945951 6.400000000000001e-05 16
1746470041815 5.120000000000001e-05 17
1746470137464 5.120000000000001e-05 18
1746470234377 4.0960000000000014e-05 19
1746470329623 4.0960000000000014e-05 20
1746470425109 3.276800000000001e-05 21
1746470520521 3.276800000000001e-05 22
1746470615887 2.6214400000000008e-05 23
1746470711695 2.6214400000000008e-05 24
1746470806844 2.097152000000001e-05 25
1746470904401 2.097152000000001e-05 26
1746471000016 1.6777216000000006e-05 27
1746471096281 1.6777216000000006e-05 28
1746471192188 1.3421772800000009e-05 29
