1746468222263 821.750417903978 0
1746468297689 393.50822760134326 1
1746468350988 328.8562304438377 2
1746468404752 266.1348467457051 3
1746468533579 149.26650090120276 4
1746468662881 86.97603653888314 5
1746468792097 63.7487566422443 6
1746468920072 47.32519278234365 7
1746469048948 36.505690691422444 8
1746469177929 29.49513324426145 9
1746469304479 23.36758922070873 10
1746469433038 19.652421941562576 11
1746469559876 15.514174135363831 12
1746469659176 14.157998201798419 13
1746469754473 11.982662687496264 14
1746469849926 10.25214891044461 15
1746469945951 7.488473313195365 16
1746470041815 5.903556745879504 17
1746470137464 5.039894184287713 18
1746470234377 4.389890349641139 19
1746470329623 3.7176211220877513 20
1746470425109 3.3063418743561725 21
1746470520521 3.0232860628439457 22
1746470615887 2.66205756031737 23
1746470711695 2.4957724091958027 24
1746470806844 2.325409857594237 25
1746470904401 2.125166048808974 26
1746471000016 2.0450157109571965 27
1746471096281 1.9104397029292828 28
1746471192188 1.7409096104758126 29
