1746468224909 0.0 0
1746468299761 0.0 1
1746468352815 0.0034995625502341077 2
1746468407031 0.22103861514160641 3
1746468536300 0.7067200711559913 4
1746468665369 0.7783164389098375 5
1746468794577 0.7849598647578651 6
1746468923176 0.8044596912021633 7
1746469051598 0.781810596529223 8
1746469180315 0.7920962198812849 9
1746469307685 0.7912932137784657 10
1746469435405 0.8032437046021949 11
1746469562755 0.7908937604897315 12
1746469661022 0.8003434950122729 13
1746469756733 0.7957173447037725 14
1746469851772 0.8078565328279196 15
1746469947799 0.8075764097648984 16
1746470043668 0.799315361524697 17
1746470139312 0.8122837369742081 18
1746470236208 0.8058671267834733 19
1746470331470 0.8070477008524599 20
1746470426948 0.7984529436543516 21
1746470522474 0.8085470084970419 22
1746470617730 0.8105308588192217 23
1746470713533 0.8063274903305364 24
1746470808851 0.8136030993903821 25
1746470906495 0.8063683304147217 26
1746471001857 0.8171577122550064 27
1746471098127 0.8180645160790385 28
1746471194042 0.807394668909596 29
