1746193903967 769.9803096226284 0
1746194033063 365.699132958237 1
1746194163241 320.5087761392399 2
1746194296421 259.7090756163305 3
1746194603628 135.3194113750847 4
1746194867488 75.40661846861548 5
1746195129412 53.22389988023408 6
1746195395837 40.40641700978182 7
1746195658312 30.722863722820673 8
1746195919972 23.67494448836969 9
1746196181064 18.995740277426584 10
1746196443029 16.629677821178827 11
1746196705715 13.100332571535695 12
1746196967382 13.643738260074537 13
1746197229062 14.18044503367677 14
1746197491276 9.775411469595772 15
1746197751228 6.636962170503577 16
1746198011693 5.2689960976036225 17
1746198272720 4.0375321227677015 18
1746198533613 3.1666526113237654 19
1746198795893 2.7830111688497117 20
