1746193907316 0.0 0
1746194036452 0.0 1
1746194166711 0.0034995625502341077 2
1746194300088 0.16243654819254763 3
1746194607249 0.7296329453393705 4
1746194871526 0.7820512820013177 5
1746195133198 0.7871077183554998 6
1746195399906 0.7981260646859952 7
1746195661658 0.815584415534399 8
1746195923579 0.8138528138027975 9
1746196184726 0.8102127659074997 10
1746196447240 0.7996589939824413 11
1746196709327 0.8103146852646423 12
1746196970975 0.7834024895767577 13
1746197232677 0.817781690090787 14
1746197495099 0.8151332759603264 15
1746197754916 0.8037462749606942 16
1746198015715 0.8046173577952649 17
1746198276786 0.8118049614555897 18
1746198536820 0.8022260273472869 19
1746198799811 0.812260536348518 20
1746199059814 0.8107646304498216 21
1746199322167 0.8114578879363503 22
1746199584640 0.8203360619922226 23
1746199845217 0.8114578879363503 24
1746200106309 0.812579685457921 25
1746200366799 0.8092386654761202 26
1746200628638 0.8114824335404249 27
1746200889809 0.8137634408102216 28
1746201150325 0.8138639280629928 29
