1746193907316 0.0 0
1746194036452 0.0 1
1746194166711 0.00040592652729845184 2
1746194300088 0.046640751408164545 3
1746194607249 0.5712765299826364 4
1746194871526 0.7331898812545284 5
1746195133198 0.7504491704861695 6
1746195399906 0.7688262133401749 7
1746195661658 0.7926838815578088 8
1746195923579 0.790707751689471 9
1746196184726 0.7949403271904989 10
1746196447240 0.7689565522345168 11
1746196709327 0.7834910209264806 12
1746196970975 0.7814434349871888 13
1746197232677 0.7786867453841215 14
1746197495099 0.7905002145192623 15
1746197754916 0.791160780120084 16
1746198015715 0.7807474427020618 17
1746198276786 0.7973812008997937 18
1746198536820 0.788445537792503 19
1746198799811 0.7950764149740028 20
