1746779841894 454.6609005052216 0
1746779995745 196.40030864793428 1
1746780152704 91.73022593284139 2
1746780308094 63.55637418007364 3
1746780467145 48.50918051661277 4
1746780624235 38.275518028103576 5
1746780783384 30.802768473722498 6
1746780938306 24.352358944562017 7
1746781092469 19.377830826506322 8
1746781246147 15.205066982580691 9
1746781402225 12.515068550499118 10
1746781557771 10.619447464845619 11
1746781716378 9.155275743834826 12
1746781871501 8.082004678492643 13
1746782021998 6.645047980911878 14
1746782176371 5.131837874042745 15
1746782333716 4.491647885770214 16
1746782489003 3.4698038952691213 17
1746782643695 2.8571142493462074 18
1746782798271 2.457744334425245 19
1746782952349 2.269297716568927 20
1746783104911 1.887229255267552 21
1746783259933 1.708629668975363 22
1746783413831 1.5148237983182984 23
1746783569611 1.315147306237902 24
1746783723570 1.1996028374652474 25
1746783877198 1.4056082599017086 26
1746784031154 1.2205325717828712 27
1746784176743 1.0152418941867596 28
1746784323420 0.9246665421797304 29
