1746779846248 0.0 0
1746780000310 0.6410488245430754 1
1746780157012 0.758563074302708 2
1746780313048 0.8001752847878134 3
1746780473625 0.8053402238948775 4
1746780629030 0.8173535791256815 5
1746780787990 0.8136460553871427 6
1746780942838 0.8048255061973081 7
1746781096941 0.8150363092195777 8
1746781250613 0.799325463693778 9
1746781406909 0.8102127659074997 10
1746781562528 0.7996582656484555 11
1746781721226 0.8156089193325227 12
1746781876200 0.8076433120519741 13
1746782026317 0.8073788073288246 14
1746782180750 0.8159031978756591 15
1746782338048 0.8140832975026109 16
1746782493355 0.8155422715128035 17
1746782648221 0.8095644747578936 18
1746782802577 0.8151658767272512 19
1746782956873 0.8168529664160441 20
1746783109816 0.8126603934487463 21
1746783264345 0.8086919471166426 22
1746783418973 0.81736140949019 23
1746783573509 0.8137339055294142 24
1746783727795 0.8071672354449217 25
1746783882822 0.8175559379878702 26
1746784035735 0.8109261629888781 27
1746784181081 0.8174363400449438 28
1746784325715 0.812473301957724 29
