1746779846248 0.0 0
1746780000310 0.4143776039252724 1
1746780157012 0.5339249975620632 2
1746780313048 0.6514003453184632 3
1746780473625 0.6638756084548111 4
1746780629030 0.7386348603963925 5
1746780787990 0.7151559856961973 6
1746780942838 0.7136000172642455 7
1746781096941 0.7244409196352297 8
1746781250613 0.691580125100142 9
1746781406909 0.7116052364488534 10
1746781562528 0.6928409478275276 11
1746781721226 0.7190051956176072 12
1746781876200 0.7245085262681786 13
1746782026317 0.717039755384336 14
1746782180750 0.7336891704185382 15
1746782338048 0.7180083189017227 16
1746782493355 0.7269079625163959 17
1746782648221 0.7101307308703064 18
1746782802577 0.7245711817546252 19
1746782956873 0.7333048850606452 20
1746783109816 0.7273843805810702 21
1746783264345 0.7197290619150282 22
1746783418973 0.7272894166796544 23
1746783573509 0.7206988172980218 24
1746783727795 0.7085468236080289 25
1746783882822 0.726645877767916 26
1746784035735 0.7144201006367635 27
1746784181081 0.7307498556750478 28
1746784325715 0.7151269617776391 29
