1746779846248 0.0 0
1746780000310 0.6474885844748267 1
1746780157012 0.7110415035238284 2
1746780313048 0.7836909871243962 3
1746780473625 0.7759336099584419 4
1746780629030 0.7929292929292262 5
1746780787990 0.7768729641693178 6
1746780942838 0.7757475083055834 7
1746781096941 0.7794117647058186 8
1746781250613 0.7553784860557167 9
1746781406909 0.772100567720943 10
1746781562528 0.7647058823528786 11
1746781721226 0.7827160493826516 12
1746781876200 0.7681744749595502 13
1746782026317 0.7751235584842854 14
1746782180750 0.788638262322407 15
1746782338048 0.7821782178217176 16
1746782493355 0.7795918367346302 17
1746782648221 0.773877551020345 18
1746782802577 0.7857142857142204 19
1746782956873 0.7857733664184627 20
1746783109816 0.7780507780507143 21
1746783264345 0.7715447154470917 22
1746783418973 0.7859504132230755 23
1746783573509 0.7815333882934228 24
1746783727795 0.7709861450692118 25
1746783882822 0.7870753935376316 26
1746784035735 0.7748776508971635 27
1746784181081 0.7891666666666008 28
1746784325715 0.776960784313662 29
