1746779846248 0.0 0
1746780000310 0.4031843023624625 1
1746780157012 0.6697532853568906 2
1746780313048 0.7412407993103852 3
1746780473625 0.7558140429583591 4
1746780629030 0.7842631097470741 5
1746780787990 0.8031398667400469 6
1746780942838 0.7837178109076024 7
1746781096941 0.8016254352919648 8
1746781250613 0.7885524948049197 9
1746781406909 0.7960394537536799 10
1746781562528 0.7810342682640864 11
1746781721226 0.8037382119057083 12
1746781876200 0.7983402640976414 13
1746782026317 0.7916695742421455 14
1746782180750 0.7934673813611628 15
1746782338048 0.7934553642235672 16
1746782493355 0.8054488377988179 17
1746782648221 0.7958467365797011 18
1746782802577 0.7955472135857437 19
1746782956873 0.7996409942779863 20
1746783109816 0.7991502012879805 21
1746783264345 0.7990745548105751 22
1746783418973 0.8010019145354582 23
1746783573509 0.7965928807742068 24
1746783727795 0.797288761089031 25
1746783882822 0.7995107143935584 26
1746784035735 0.7978192734110313 27
1746784181081 0.7976802864417611 28
1746784325715 0.8013160905124972 29
