1745847897861 0.1943958433367555 0
1745847961911 0.3187165060515683 1
1745848027867 0.3444748094459149 2
1745848093020 0.3799153463553961 3
1745848157693 0.4526130671237783 4
1745848222667 0.4317769260915124 5
1745848287098 0.41976819325233306 6
1745848351209 0.4300772724177308 7
1745848415826 0.4453337507308869 8
1745848480498 0.43451112713503015 9
1745848544633 0.4354849163934598 10
1745848609358 0.43449144445982035 11
1745848674189 0.4510522753376195 12
1745848739036 0.4380295380059626 13
1745848803787 0.4306351768066445 14
1745848868422 0.44490627727271104 15
1745848932311 0.4362740782493479 16
1745848996656 0.4484738448893562 17
1745849061446 0.4487582411325184 18
1745849126996 0.44518709839793985 19
1745849190982 0.43749011922646414 20
1745849255954 0.4365967338136194 21
1745849321544 0.4527212052463171 22
1745849386721 0.4385910260633041 23
1745849451184 0.4364045213767623 24
1745849516363 0.4380769603540709 25
1745849581187 0.4323108759507911 26
1745849645591 0.43741294147093324 27
1745849710349 0.4388609793735697 28
1745849774868 0.4384296980699273 29
