1746199029964 0.0 0
1746199135434 0.11359285254360105 1
1746199330352 0.2806052269101138 2
1746199438713 0.3589961717918627 3
1746199676385 0.7596113222990586 4
1746199914240 0.7829751369075434 5
1746200151918 0.7890756302022225 6
1746200389177 0.7953667953168136 7
1746200626354 0.7784431137224874 8
1746200862213 0.790717299528157 9
1746201097698 0.7870967741435573 10
1746201333424 0.796624472523937 11
1746201571299 0.7874624301775811 12
1746201806859 0.791952054744548 13
1746202043405 0.7522086663363187 14
1746202279811 0.7931477515560212 15
1746202515053 0.7868712701972762 16
1746202751370 0.801539777537712 17
1746202990032 0.8025974025473873 18
1746203227193 0.7853179683666011 19
1746203462542 0.7984462666742076 20
1746203699854 0.8005181346650194 21
1746203937027 0.8072758769530145 22
1746204177182 0.8041594453572608 23
1746204417714 0.8030954427703015 24
1746204657430 0.8039468038968216 25
1746204895924 0.8013728013228192 26
1746205132438 0.8060475161486955 27
1746205369392 0.8060475161486955 28
1746205605970 0.8091934084495449 29
