1745877067990 824.5948417819276 0
1745877156586 360.59800408810986 1
1745877245946 303.6414245294065 2
1745877335602 250.54977183439294 3
1745877465564 144.27411122224768 4
1745877596895 90.86711455364616 5
1745877729415 66.853401261933 6
1745877860851 51.268130458131125 7
1745877991228 39.43221532082071 8
1745878122223 30.807249380617726 9
1745878254873 24.967672231246013 10
1745878386150 20.957044844724695 11
1745878515938 17.327877025214992 12
1745878645846 15.277055827938781 13
1745878776149 12.271233918715497 14
1745878906079 10.077166357818914 15
1745879035828 8.105044627676206 16
1745879165607 6.771450782308773 17
1745879295403 5.420414854069145 18
1745879425264 4.998187162438217 19
1745879555522 4.345695157440341 20
1745879685539 3.7529015638390364 21
1745879815906 3.380613628698855 22
1745879946457 3.0360790150506154 23
1745880077398 2.916197735436109 24
1745880207226 2.634294876030513 25
1745880337365 2.4688318821848654 26
1745880467864 2.2694604226521085 27
1745880598085 2.177272159226087 28
1745880728880 2.0398171106163336 29
