1745877070639 0.0 0
1745877159258 0.0 1
1745877248755 0.0 2
1745877338196 0.012773613075814023 3
1745877468010 0.223253404658209 4
1745877599631 0.3067609681500476 5
1745877731829 0.39427184680325156 6
1745877863326 0.41799832989186536 7
1745877993810 0.43929213575330756 8
1745878124893 0.44415436744151415 9
1745878257736 0.4265708247861293 10
1745878388538 0.45651965858164534 11
1745878518371 0.4569461513504947 12
1745878648517 0.45544326528995627 13
1745878778556 0.4553753588472239 14
1745878908491 0.46155563296422497 15
1745879038248 0.45956836934820744 16
1745879168005 0.4538247148431675 17
1745879297799 0.452232788962763 18
1745879427703 0.45028838921606984 19
1745879557899 0.4485878055311494 20
1745879687973 0.45334269059376003 21
1745879818596 0.4531540952463883 22
1745879949160 0.45457914584003234 23
1745880079827 0.45395353259536797 24
1745880209621 0.4515077767876453 25
1745880340047 0.4511537091303942 26
1745880470517 0.45410023684466405 27
1745880600776 0.4558664986761404 28
1745880731327 0.4504582871627346 29
