1745877070639 0.0 0
1745877159258 0.0 1
1745877248755 0.0 2
1745877338196 0.023584695559189166 3
1745877468010 0.2554345521333128 4
1745877599631 0.27803542607965126 5
1745877731829 0.3794659905331027 6
1745877863326 0.3914070830966042 7
1745877993810 0.43077638980140487 8
1745878124893 0.42557637420515676 9
1745878257736 0.42148915872706333 10
1745878388538 0.4452762722674218 11
1745878518371 0.463163350143002 12
1745878648517 0.4419091856831038 13
1745878778556 0.4478984383351755 14
1745878908491 0.4489997564418531 15
1745879038248 0.4596237842457089 16
1745879168005 0.44877676961778507 17
1745879297799 0.4523413619131205 18
1745879427703 0.4453526528892324 19
1745879557899 0.4431108096509473 20
1745879687973 0.4535659734685157 21
1745879818596 0.452822633181074 22
1745879949160 0.45201554280414136 23
1745880079827 0.4549906198759227 24
1745880209621 0.44826385873916913 25
1745880340047 0.44798433765539775 26
1745880470517 0.4544538115013229 27
1745880600776 0.46072440182230295 28
1745880731327 0.4424937958621881 29
