1745877070639 0.0 0
1745877159258 0.0 1
1745877248755 0.0 2
1745877338196 0.19626168224289894 3
1745877468010 0.459999999999954 4
1745877599631 0.45461783439486825 5
1745877731829 0.5368421052631108 6
1745877863326 0.5180623973726997 7
1745877993810 0.5243198680955874 8
1745878124893 0.5293631100082274 9
1745878257736 0.5234899328858621 10
1745878388538 0.5115354017501582 11
1745878518371 0.5376623376622911 12
1745878648517 0.516935483870926 13
1745878778556 0.5269709543568027 14
1745878908491 0.5254515599342754 15
1745879038248 0.5321489001691597 16
1745879168005 0.5294117647058378 17
1745879297799 0.5277310924369304 18
1745879427703 0.5282392026577634 19
1745879557899 0.5210918114143489 20
1745879687973 0.5218106995884344 21
1745879818596 0.5194054500412453 22
1745879949160 0.5236122618060876 23
1745880079827 0.5261845386533228 24
1745880209621 0.5201978565539555 25
1745880340047 0.5150284321689265 26
1745880470517 0.5230263157894307 27
1745880600776 0.5235732009925125 28
1745880731327 0.5210222588622818 29
