1745877070639 0.0 0
1745877159258 0.0 1
1745877248755 0.0 2
1745877338196 0.03760071620411481 3
1745877468010 0.4118173679498288 4
1745877599631 0.511190689346418 5
1745877731829 0.5478961504028157 6
1745877863326 0.5649059982094391 7
1745877993810 0.5693822739480242 8
1745878124893 0.5729632945388923 9
1745878257736 0.55863921217542 10
1745878388538 0.5756490599820433 11
1745878518371 0.5559534467322689 12
1745878648517 0.5738585496866093 13
1745878778556 0.5684870188003072 14
1745878908491 0.5729632945388923 15
1745879038248 0.5631154879140051 16
1745879168005 0.564010743061722 17
1745879297799 0.5622202327662881 18
1745879427703 0.5693822739480242 19
1745879557899 0.564010743061722 20
1745879687973 0.5675917636525901 21
1745879818596 0.5631154879140051 22
1745879949160 0.5658012533571561 23
1745880079827 0.5666965085048732 24
1745880209621 0.5649059982094391 25
1745880340047 0.5675917636525901 26
1745880470517 0.5693822739480242 27
1745880600776 0.5666965085048732 28
1745880731327 0.5658012533571561 29
