1746656898529 2e-05 0
1746657150411 4e-05 1
1746657403698 6.000000000000001e-05 2
1746657657434 8e-05 3
1746657910679 8e-05 4
1746658164764 8e-05 5
1746658417167 8e-05 6
1746658669828 8e-05 7
1746658922617 8e-05 8
1746659174873 8e-05 9
1746659434358 8e-05 10
1746659690846 8e-05 11
1746659942420 8e-05 12
1746660193392 8e-05 13
1746660444990 8e-05 14
1746660696937 6.400000000000001e-05 15
1746660949056 6.400000000000001e-05 16
1746661201681 5.120000000000001e-05 17
1746661454505 5.120000000000001e-05 18
1746661706992 4.0960000000000014e-05 19
1746661960538 4.0960000000000014e-05 20
1746662212859 3.276800000000001e-05 21
1746662465069 3.276800000000001e-05 22
1746662717000 2.6214400000000008e-05 23
1746662970994 2.6214400000000008e-05 24
1746663223254 2.097152000000001e-05 25
1746663475279 2.097152000000001e-05 26
1746663727392 1.6777216000000006e-05 27
1746663980794 1.6777216000000006e-05 28
1746664232826 1.3421772800000009e-05 29
