1746656901774 0.0 0
1746657153799 0.12676238241145923 1
1746657407368 0.41127236930917843 2
1746657661005 0.5270918407569621 3
1746657913929 0.5913434774800653 4
1746658167937 0.6746531706370342 5
1746658420356 0.6933747702979437 6
1746658673309 0.7189369815515334 7
1746658925809 0.7087394675410701 8
1746659178357 0.7032767610195392 9
1746659438421 0.7356777549039771 10
1746659694032 0.7067745727744807 11
1746659945630 0.7148883175915753 12
1746660196565 0.709057407633611 13
1746660448463 0.7129546988115281 14
1746660700519 0.7060776908796046 15
1746660952553 0.7054290101586471 16
1746661204905 0.6965073965235523 17
1746661457767 0.7232065514696976 18
1746661711028 0.7117391569789082 19
1746661963761 0.7141343052292014 20
1746662216093 0.7134498639095508 21
1746662468281 0.7131218754654426 22
1746662721502 0.7102383136290982 23
1746662974527 0.7150855543939711 24
1746663226441 0.7090068386922549 25
1746663478482 0.7098354764026755 26
1746663731406 0.7125605640753458 27
1746663984377 0.7107244674862627 28
1746664236479 0.7112721105890754 29
