1746193718767 2e-05 0
1746193841410 4e-05 1
1746193964673 6.000000000000001e-05 2
1746194092763 8e-05 3
1746194346717 8e-05 4
1746194723952 8e-05 5
1746194977578 8e-05 6
1746195231313 8e-05 7
1746195487318 8e-05 8
1746195739613 8e-05 9
1746195993691 8e-05 10
1746196247025 8e-05 11
1746196500058 8e-05 12
1746196752898 8e-05 13
1746197005938 8e-05 14
1746197255968 6.400000000000001e-05 15
1746197507987 6.400000000000001e-05 16
1746197763260 5.120000000000001e-05 17
1746198015712 5.120000000000001e-05 18
1746198267018 4.0960000000000014e-05 19
1746198520088 4.0960000000000014e-05 20
1746198774120 3.276800000000001e-05 21
