1746193722353 0.0 0
1746193845005 0.0 1
1746193968108 0.057964257964157766 2
1746194096664 0.13351610638517375 3
1746194350420 0.5054399981412329 4
1746194727536 0.6025577002224854 5
1746194981475 0.6358474969819553 6
1746195234939 0.6683572311105225 7
1746195491052 0.7236341937988693 8
1746195743273 0.7510827134561229 9
1746195997255 0.7127145225997157 10
1746196250618 0.7370183094301812 11
1746196504205 0.7065086728635527 12
1746196756827 0.736814695342998 13
1746197009629 0.6985252742440846 14
1746197259459 0.7034038407888387 15
1746197511793 0.7114798419245366 16
1746197766934 0.6727055680385075 17
1746198019348 0.714563455022682 18
1746198270816 0.6926806399390126 19
1746198523864 0.7235011546970884 20
1746198777821 0.7288177003351476 21
