1746193722353 0.0 0
1746193845005 0.0 1
1746193968108 0.048343777976719036 2
1746194096664 0.2560429722470675 3
1746194350420 0.7529095792300131 4
1746194727536 0.8236347358996576 5
1746194981475 0.8352730528199789 6
1746195234939 0.8209489704565066 7
1746195491052 0.8272157564905257 8
1746195743273 0.839749328558564 9
1746195997255 0.840644583706281 10
1746196250618 0.8504923903311682 11
1746196504205 0.8272157564905257 12
1746196756827 0.8263205013428088 13
1746197009629 0.837063563115413 14
1746197259459 0.8307967770813938 15
1746197511793 0.83795881826313 16
1746197766934 0.8361683079676959 17
1746198019348 0.8343777976722618 18
1746198270816 0.8272157564905257 19
1746198523864 0.8343777976722618 20
1746198777821 0.8460161145925831 21
1746199032886 0.83795881826313 22
1746199285072 0.842435094001715 23
1746199540289 0.842435094001715 24
1746199797330 0.8433303491494321 25
1746200052260 0.839749328558564 26
1746200302350 0.838854073410847 27
1746200555170 0.8352730528199789 28
1746200807487 0.840644583706281 29
