1745485094873 4e-05 0
1745485135526 4e-05 0
1745485174957 4e-05 0
1745485230950 8e-05 0
1745485270253 8e-05 0
1745485307759 8e-05 0
1745485345010 8e-05 0
1745485382350 8e-05 0
1745485419292 8e-05 0
1745485455954 8e-05 0
1745485508721 8e-05 0
1745485548016 8e-05 0
1745485584769 8e-05 0
1745485642340 2.8e-05 0
1745485679142 2.8e-05 0
1745485715946 1.96e-05 0
1745485753292 1.96e-05 0
1745485789993 1.3719999999999997e-05 0
1745485827143 1.3719999999999997e-05 0
1745485864868 9.603999999999998e-06 0
1745485902734 9.603999999999998e-06 0
1745485940110 6.7227999999999986e-06 0
1745485976910 6.7227999999999986e-06 0
1745486028374 4.705959999999999e-06 0
1745486066465 4.705959999999999e-06 0
