1746611457129 2e-05 0
1746611543112 4e-05 1
1746611628801 6.000000000000001e-05 2
1746611715439 8e-05 3
1746611842154 8e-05 4
1746611970027 8e-05 5
1746612097327 8e-05 6
1746612221786 8e-05 7
1746612345633 8e-05 8
1746612470013 8e-05 9
1746612593444 8e-05 10
1746612717419 8e-05 11
1746612843268 8e-05 12
1746612967757 8e-05 13
1746613091018 8e-05 14
1746613214502 6.400000000000001e-05 15
1746613337862 6.400000000000001e-05 16
1746613461712 5.120000000000001e-05 17
1746613584913 5.120000000000001e-05 18
1746613708297 4.0960000000000014e-05 19
1746613831619 4.0960000000000014e-05 20
1746613954305 3.276800000000001e-05 21
1746614077834 3.276800000000001e-05 22
1746614201903 2.6214400000000008e-05 23
1746614325960 2.6214400000000008e-05 24
1746614449848 2.097152000000001e-05 25
1746614573458 2.097152000000001e-05 26
1746614698639 1.6777216000000006e-05 27
1746614822663 1.6777216000000006e-05 28
1746614947138 1.3421772800000009e-05 29
