1746611460022 0.0 0
1746611545754 0.0 1
1746611631528 0.07301587301584984 2
1746611718089 0.13643926788683253 3
1746611845319 0.6388676358071431 4
1746611972897 0.7338308457710834 5
1746612099825 0.7647058823528768 6
1746612224273 0.7707477403450476 7
1746612348442 0.7628099173553088 8
1746612472529 0.7626016260161982 9
1746612596570 0.7762938230383325 10
1746612720307 0.7847571189279074 11
1746612846201 0.7540584415583803 12
1746612970289 0.761083743842302 13
1746613093597 0.7673640167363375 14
1746613217090 0.7630922693266198 15
1746613340444 0.7524350649350038 16
1746613464225 0.7665016501649532 17
1746613587399 0.7614457831324689 18
1746613710804 0.7676685621445355 19
1746613834100 0.7749999999999354 20
1746613956762 0.778329197683972 21
1746614080442 0.766233766233704 22
1746614204393 0.7632653061223866 23
1746614328446 0.7648012976479509 24
1746614452321 0.7730263157894101 25
1746614575933 0.7698675496688104 26
1746614701618 0.7622950819671506 27
1746614825395 0.7626427406198399 28
1746614949864 0.7672131147540354 29
