1746611460022 0.0 0
1746611545754 0.0 1
1746611631528 0.0046681550639321966 2
1746611718089 0.016642987619236528 3
1746611845319 0.5408505876622491 4
1746611972897 0.6517656806096294 5
1746612099825 0.7348527750573339 6
1746612224273 0.7348875755983253 7
1746612348442 0.7693088252022355 8
1746612472529 0.7754069780700318 9
1746612596570 0.7719438028917145 10
1746612720307 0.7805867307097094 11
1746612846201 0.7799114883673325 12
1746612970289 0.7677993817195905 13
1746613093597 0.7521234189848311 14
1746613217090 0.759958093761653 15
1746613340444 0.7573121618471966 16
1746613464225 0.7747661678243722 17
1746613587399 0.7855487142584583 18
1746613710804 0.781323603549214 19
1746613834100 0.7724654345733347 20
1746613956762 0.775576607965784 21
1746614080442 0.7833828327547299 22
1746614204393 0.7745534434934905 23
1746614328446 0.7810710125569471 24
1746614452321 0.7786810520314168 25
1746614575933 0.7729098381989101 26
1746614701618 0.7656204950884423 27
1746614825395 0.7756817798630549 28
1746614949864 0.7739509542536072 29
