1745581744025 0.42972536344151363 0
1745582475011 0.6965517240879396 1
1745583172373 0.7779237844440415 2
1745583825651 0.7638190954275309 3
1745583978090 0.7858681602257457 4
1745584506018 0.7966622748730923 5
1745585044353 0.8019031141368388 6
1745585585599 0.7849598647578651 7
1745586127769 0.7963446474695517 8
1745586667379 0.7898581864562431 9
1745587236920 0.7937472860984779 10
1745587786877 0.8055797732716726 11
1745588352837 0.8064798598448746 12
1745588950591 0.8089693833048915 13
1745589568774 0.8019113813574457 14
1745590184696 0.8123658221913187 15
1745590802024 0.8034334763448657 16
1745591405448 0.7959270258304251 17
1745592044746 0.7935291612953055 18
1745592669796 0.7972684591903304 19
1745593289106 0.7935429056425009 20
1745593910427 0.8060344827086199 21
1745594542414 0.7994825355256774 22
1745595140381 0.7963761863175551 23
1745595744448 0.8065772392403362 24
1745596345941 0.7988064790634304 25
1745596944445 0.7955612462155119 26
1745597572215 0.7895860008036473 27
1745598188201 0.797608881248074 28
1745598738763 0.7986200948184761 29
