1745738769229 1.157395176133331 0
1745738833209 0.46717630600442694 1
1745738898162 0.3068453050693687 2
1745738962655 0.2444251346953061 3
1745739027239 0.17742539417682862 4
1745739091329 0.1412270296441049 5
1745739156082 0.1136949469848555 6
1745739220243 0.09209372836868374 7
1745739285148 0.07403709967525637 8
1745739349878 0.06019421541417132 9
1745739413988 0.05050973411725492 10
1745739478186 0.04257735216571969 11
1745739542943 0.037852881761381824 12
1745739607082 0.03263826890639505 13
1745739671273 0.028747321543644885 14
1745739735463 0.023035021945454027 15
1745739799607 0.018513579757846132 16
1745739863739 0.014442910853659317 17
1745739927843 0.012215108168786582 18
1745739992001 0.010778159055174614 19
1745740056011 0.009251741972770922 20
1745740119600 0.008246040007346595 21
1745740183468 0.007918360445895518 22
1745740247531 0.007278569940743702 23
1745740312024 0.0059351889245516185 24
1745740375889 0.005551953992464257 25
1745740440040 0.005144024137122442 26
1745740504106 0.004646285698388 27
1745740568268 0.0044230061538080324 28
1745740632204 0.004262079451499241 29
