1745738770757 0.1236324984035855 0
1745738834631 0.417730337632672 1
1745738899589 0.512173995381268 2
1745738964073 0.5772346929314695 3
1745739028672 0.590894025313797 4
1745739092768 0.58714318006942 5
1745739157518 0.5765405112804369 6
1745739221663 0.6450269801081832 7
1745739286708 0.636733155610745 8
1745739351309 0.6252114778427499 9
1745739415432 0.6068151805473946 10
1745739479615 0.6392051534610051 11
1745739544367 0.6188809233054064 12
1745739608540 0.5905906961386166 13
1745739672715 0.628191134114786 14
1745739736904 0.6285645787157884 15
1745739801029 0.6134085051336283 16
1745739865162 0.607257830523646 17
1745739929264 0.65286675028681 18
1745739993447 0.609794833023037 19
1745740057437 0.6239313599548825 20
1745740121030 0.6207499007341996 21
1745740184902 0.6108335686569002 22
1745740249221 0.6291631573044445 23
1745740313441 0.6040644220607834 24
1745740377333 0.6141312050158669 25
1745740441474 0.5969107679136575 26
1745740505524 0.6169865641863843 27
1745740569688 0.6274287891557078 28
1745740633628 0.6193117133109497 29
