1746653307935 0.0 0
1746653570283 0.4440559440104484 1
1746653834923 0.6715935334372867 2
1746654100869 0.7556485355150033 3
1746654363314 0.8054697838052549 4
1746654625022 0.8080895008105906 5
1746654887584 0.8052064631456192 6
1746655151357 0.807182556598172 7
1746655411624 0.8018549746549919 8
1746655657968 0.7962884858210402 9
1746655920157 0.8099102946958704 10
1746656182798 0.8155998303866969 11
1746656448761 0.8003525781782357 12
1746656712004 0.8045977010994765 13
1746656976521 0.794936708810857 14
1746657226580 0.8042372880856675 15
1746657485629 0.8039132283634965 16
1746657751211 0.8064243448359708 17
1746658017058 0.801713062048526 18
1746658285038 0.8017021276096281 19
1746658552327 0.8070628767803211 20
1746658818285 0.8005115089014524 21
1746659084097 0.8107405802877911 22
1746659349474 0.8015299617010159 23
1746659614465 0.8084373654256819 24
1746659880392 0.8052833403846446 25
1746660147392 0.8165731548917287 26
1746660415515 0.8110874199926867 27
1746660681525 0.8151332759603264 28
1746660949070 0.8156089193325227 29
