1746472008406 667.5205654222138 0
1746472131584 348.4109008166255 1
1746472254767 331.2524968361368 2
1746472377955 307.9381187594667 3
1746472625553 234.98903998550102 4
1746472877178 154.71503915592115 5
1746473128649 115.65209828590861 6
1746473378256 84.27632094402702 7
1746473627567 65.49176021498077 8
1746473877444 53.377109060482105 9
1746474126698 43.432589200078226 10
1746474375713 34.48003033229283 11
1746474626161 28.608747170895946 12
1746474876207 23.54003177370344 13
1746475128114 20.28071387933225 14
1746475381841 15.987259008446518 15
1746475631764 13.376858545809377 16
1746475883039 10.823117129656733 17
1746476132982 8.689097049284955 18
1746476388329 7.161892881198805 19
1746476638267 6.234400880580046 20
1746476892371 5.172037893412065 21
1746477144874 4.759219738901878 22
1746477395649 4.177278708438484 23
1746477645955 3.650004508543988 24
1746477897381 3.28968007467231 25
1746478148675 3.0052536653012645 26
1746478399956 2.764120033809117 27
1746478650636 2.6296869151446285 28
1746478900874 2.3717416305931245 29
