1746472011743 0.0 0
1746472134938 0.0 1
1746472258257 0.0 2
1746472381249 0.0 3
1746472629167 0.00036805299833028964 4
1746472881478 0.001983283747995649 5
1746473132678 0.0006033182474401561 6
1746473381880 0.0 7
1746473631412 0.0014703510760330273 8
1746473880736 0.0008453085345122755 9
1746474130249 0.00561633066571606 10
1746474379281 0.002618751226331217 11
1746474629919 0.0018605212764575 12
1746474880502 0.005879141947548193 13
1746475131885 0.008494937739046454 14
1746475386213 0.00257905453326174 15
1746475635213 0.003197642230702601 16
1746475887420 0.007017131134047471 17
1746476137222 0.0036821940988114917 18
1746476391882 0.002727130681951431 19
1746476642496 0.008472530807154025 20
1746476896763 0.008652531668474624 21
1746477148652 0.005429610136882658 22
1746477399742 0.006967557750265224 23
1746477649617 0.009652488963171125 24
1746477901049 0.0069370646640008315 25
1746478153040 0.012603752222883607 26
1746478403095 0.009266779417910069 27
1746478653683 0.008942297136242738 28
1746478905065 0.007448507923569086 29
