1746472011743 0.0 0
1746472134938 0.0 1
1746472258257 0.0 2
1746472381249 0.0 3
1746472629167 0.0008952551477170191 4
1746472881478 0.006266786034019135 5
1746473132678 0.0017905102954340383 6
1746473381880 0.0 7
1746473631412 0.0026857654431510576 8
1746473880736 0.0008952551477170191 9
1746474130249 0.006266786034019135 10
1746474379281 0.008057296329453173 11
1746474629919 0.004476275738585096 12
1746474880502 0.011638316920321249 13
1746475131885 0.013428827215755288 14
1746475386213 0.005371530886302115 15
1746475635213 0.006266786034019135 16
1746475887420 0.00984780662488721 17
1746476137222 0.007162041181736153 18
1746476391882 0.008057296329453173 19
1746476642496 0.01074306177260423 20
1746476896763 0.014324082363472306 21
1746477148652 0.008057296329453173 22
1746477399742 0.011638316920321249 23
1746477649617 0.01074306177260423 24
1746477901049 0.01074306177260423 25
1746478153040 0.013428827215755288 26
1746478403095 0.011638316920321249 27
1746478653683 0.01074306177260423 28
1746478905065 0.00984780662488721 29
