1746472011743 0.0 0
1746472134938 0.0 1
1746472258257 0.0 2
1746472381249 0.0 3
1746472629167 0.00020296326364922592 4
1746472881478 0.0014207428455445814 5
1746473132678 0.00040592652729845184 6
1746473381880 0.0 7
1746473631412 0.0009931255877795068 8
1746473880736 0.000587199060481055 9
1746474130249 0.0043573111907289335 10
1746474379281 0.0022109051696748627 11
1746474629919 0.001399052115077959 12
1746474880502 0.00571240880209457 13
1746475131885 0.007517960487250058 14
1746475386213 0.0019862511755590136 15
1746475635213 0.002573450236040069 16
1746475887420 0.005169164245325837 17
1746476137222 0.0028587194221431442 18
1746476391882 0.0022109051696748627 19
1746476642496 0.006451215527374983 20
1746476896763 0.006568216360403795 21
1746477148652 0.003912460201909878 22
1746477399742 0.00557509077262429 23
1746477649617 0.007219687121038641 24
1746477901049 0.005372127508975063 25
1746478153040 0.010297369373522419 26
1746478403095 0.007038414587856038 27
1746478653683 0.006835451324206812 28
1746478905065 0.005553400042157666 29
