1745738899298 0.11767334988374817 0
1745738962185 0.4498016113368259 1
1745739025710 0.578164859787915 2
1745739088088 0.6493408332802661 3
1745739151271 0.6872185712248893 4
1745739215394 0.7174276348890873 5
1745739280483 0.690100103114877 6
1745739343759 0.7282151114529043 7
1745739407518 0.7207581049504197 8
1745739470690 0.7142070868324565 9
1745739533231 0.7038000677653644 10
1745739595781 0.7111891768178962 11
1745739658236 0.6959491546039658 12
1745739720830 0.7138810813277382 13
1745739783591 0.7153953063361135 14
1745739846079 0.7217002602087356 15
1745739908812 0.6985283389135587 16
1745739971813 0.724884217350258 17
1745740035857 0.7285298579444803 18
1745740099118 0.7151663033173798 19
1745740161673 0.7246467762100183 20
1745740224182 0.7363912337669667 21
1745740286549 0.7180002150233874 22
1745740348945 0.7170658256977217 23
1745740411273 0.7174952646280565 24
1745740473682 0.7194142266674124 25
1745740536101 0.7172482035303926 26
1745740598545 0.7226452621422019 27
1745740661150 0.723226004585658 28
1745740723526 0.712014926424726 29
