1745738899298 0.37685774942090006 0
1745738962185 0.6742183959626332 1
1745739025710 0.753189617195879 2
1745739088088 0.7770360480140179 3
1745739151271 0.7881944443944221 4
1745739215394 0.8048780487304541 5
1745739280483 0.7957356076259503 6
1745739343759 0.8076256498633263 7
1745739407518 0.8078065336793846 8
1745739470690 0.8069114470342248 9
1745739533231 0.7986230636333108 10
1745739595781 0.7934454505752682 11
1745739658236 0.7908358081808708 12
1745739720830 0.8032437046021949 13
1745739783591 0.7961672473367267 14
1745739846079 0.8020521589923579 15
1745739908812 0.7927241962275798 16
1745739971813 0.8098958332833093 17
1745740035857 0.8167174575032968 18
1745740099118 0.8075439347978562 19
1745740161673 0.8104347825586663 20
1745740224182 0.8157894736341592 21
1745740286549 0.8030888030388208 22
1745740348945 0.8075927523227311 23
1745740411273 0.80393835611441 24
1745740473682 0.8044596912021633 25
1745740536101 0.8010380622337246 26
1745740598545 0.8069565216891014 27
1745740661150 0.8043383947439039 28
1745740723526 0.8005203815631622 29
