1746615283540 2e-05 0
1746615370309 4e-05 1
1746615457761 6.000000000000001e-05 2
1746615545323 8e-05 3
1746615673196 8e-05 4
1746615800635 8e-05 5
1746615928506 8e-05 6
1746616057127 8e-05 7
1746616184727 8e-05 8
1746616312317 8e-05 9
1746616439019 8e-05 10
1746616566115 8e-05 11
1746616693569 8e-05 12
1746616821651 8e-05 13
1746616945974 8e-05 14
1746617066606 6.400000000000001e-05 15
1746617202410 6.400000000000001e-05 16
1746617327961 5.120000000000001e-05 17
1746617454156 5.120000000000001e-05 18
1746617687411 4.0960000000000014e-05 19
1746617931535 4.0960000000000014e-05 20
1746618231061 3.276800000000001e-05 21
1746618525036 3.276800000000001e-05 22
1746618817428 2.6214400000000008e-05 23
1746619116280 2.6214400000000008e-05 24
1746619419624 2.097152000000001e-05 25
1746619717738 2.097152000000001e-05 26
1746619994622 1.6777216000000006e-05 27
1746620289567 1.6777216000000006e-05 28
1746620593634 1.3421772800000009e-05 29
