1746615286121 0.0 0
1746615372966 0.0 1
1746615460314 0.0 2
1746615547930 0.07506671306806761 3
1746615675640 0.5792334161428485 4
1746615803021 0.6658415774125716 5
1746615931499 0.7116330291275446 6
1746616059516 0.7641129262299582 7
1746616187239 0.7115997979633295 8
1746616314761 0.7271236208950883 9
1746616441453 0.7330144546367928 10
1746616568788 0.7218535944242362 11
1746616696413 0.6812180014836328 12
1746616824056 0.7263756393804418 13
1746616947829 0.7363373740117422 14
1746617069887 0.7175123142985279 15
1746617204397 0.7095896145101009 16
1746617330581 0.7271845562916867 17
1746617456527 0.7329605905394074 18
1746617691229 0.7202453640516722 19
1746617934916 0.7332815873541916 20
1746618234429 0.7342555174682291 21
1746618528153 0.7434127148258864 22
1746618820819 0.7342169857972122 23
1746619120295 0.7380464672673017 24
1746619423068 0.7326693110748975 25
1746619721403 0.7319263351021603 26
1746619997736 0.7319577110577118 27
1746620292957 0.7310529519307755 28
1746620597815 0.7302193901453745 29
