1746615286121 0.0 0
1746615372966 0.0 1
1746615460314 0.0 2
1746615547930 0.0830399061031767 3
1746615675640 0.5537135310382402 4
1746615803021 0.6264106603174338 5
1746615931499 0.720494689446106 6
1746616059516 0.7475368670206527 7
1746616187239 0.7015206140717922 8
1746616314761 0.6932030660787448 9
1746616441453 0.7208855389178637 10
1746616568788 0.7086069757312666 11
1746616696413 0.6583448795711504 12
1746616824056 0.6988566394156741 13
1746616947829 0.7060795109866309 14
1746617069887 0.7109419493858624 15
1746617204397 0.6783422047068146 16
1746617330581 0.705859508771053 17
1746617456527 0.7121593745744075 18
1746617691229 0.689957867168162 19
1746617934916 0.714410210746308 20
1746618234429 0.7158728175926694 21
1746618528153 0.7253203701382586 22
1746618820819 0.7157597458693908 23
1746619120295 0.7210551030398112 24
1746619423068 0.7102093732889678 25
1746619721403 0.7106447885610858 26
1746619997736 0.7090954133160223 27
1746620292957 0.712509662144718 28
1746620597815 0.7059386514871624 29
