1746615286121 0.0 0
1746615372966 0.0 1
1746615460314 0.0 2
1746615547930 0.06871058190311032 3
1746615675640 0.6642239003854206 4
1746615803021 0.7249852758468953 5
1746615931499 0.7446857808629872 6
1746616059516 0.8038391937113349 7
1746616187239 0.7723625786821006 8
1746616314761 0.7922808136495488 9
1746616441453 0.7780172833977793 10
1746616568788 0.7750591186004634 11
1746616696413 0.7512731272107356 12
1746616824056 0.7950403797511307 13
1746616947829 0.808404127366916 14
1746617069887 0.7671810476860761 15
1746617204397 0.794900877963414 16
1746617330581 0.791354017717895 17
1746617456527 0.7930459051048045 18
1746617691229 0.7940243481817991 19
1746617934916 0.8027945083728826 20
1746618234429 0.7985745732874874 21
1746618528153 0.8041301288430277 22
1746618820819 0.7978449240845568 23
1746619120295 0.7961786370056758 24
1746619423068 0.7965096018970367 25
1746619721403 0.7952741991483941 26
1746619997736 0.7960260100537829 27
1746620292957 0.7969761436163222 28
1746620597815 0.7955516421918235 29
