1745738768699 2e-05 0
1745738833314 2e-05 1
1745738898646 2e-05 2
1745738962756 8e-05 3
1745739027421 8e-05 4
1745739091279 8e-05 5
1745739155272 8e-05 6
1745739219851 8e-05 7
1745739284558 8e-05 8
1745739349836 8e-05 9
1745739413977 8e-05 10
1745739478691 8e-05 11
1745739543300 8e-05 12
1745739607159 8e-05 13
1745739671796 8e-05 14
1745739736016 6.400000000000001e-05 15
1745739800212 6.400000000000001e-05 16
1745739864408 5.120000000000001e-05 17
1745739929010 5.120000000000001e-05 18
1745739993003 4.0960000000000014e-05 19
1745740056497 4.0960000000000014e-05 20
1745740119682 3.276800000000001e-05 21
1745740182907 3.276800000000001e-05 22
1745740246889 2.6214400000000008e-05 23
1745740311247 2.6214400000000008e-05 24
1745740374491 2.097152000000001e-05 25
1745740439177 2.097152000000001e-05 26
1745740503147 1.6777216000000006e-05 27
1745740566668 1.6777216000000006e-05 28
1745740630182 1.3421772800000009e-05 29
