1745738771190 0.07504417489221962 0
1745738834998 0.44639619243675566 1
1745738900093 0.5066024162837821 2
1745738964506 0.5669793943054408 3
1745739028857 0.6477191857569728 4
1745739092733 0.612617656006021 5
1745739156727 0.6659786098274869 6
1745739221284 0.637431126553267 7
1745739286944 0.6413961617969547 8
1745739351456 0.6454097717489616 9
1745739415425 0.6339684713339112 10
1745739480109 0.6607358926723637 11
1745739544728 0.6609567751191036 12
1745739608601 0.6373111381020409 13
1745739673320 0.6672252381059938 14
1745739737694 0.6706509442962264 15
1745739801912 0.6738303006041566 16
1745739865833 0.672642160429784 17
1745739930508 0.6635400166449573 18
1745739994466 0.6669084238691195 19
1745740058201 0.676148960734719 20
1745740121102 0.6679934178060489 21
1745740184346 0.6664205177132089 22
1745740248345 0.6773342055928704 23
1745740312684 0.6633701933215259 24
1745740375919 0.6709190368902388 25
1745740440603 0.6655998944293616 26
1745740504587 0.6739257204647431 27
1745740568156 0.6753437927410281 28
1745740631612 0.6739257204647431 29
