1746658957702 0.7439806540401614 0
1746659155079 0.2303509827779264 1
1746659351487 0.17492778485222737 2
1746659548934 0.14942520567957235 3
1746659747020 0.11183095776609012 4
1746659940440 0.08833451531067187 5
1746660134858 0.07122262312593508 6
1746660327724 0.05389765545497743 7
1746660525004 0.03894232899634814 8
1746660718742 0.031413325735804985 9
1746660912894 0.02829784234719617 10
1746661107422 0.022740708055848977 11
1746661301305 0.022894141725169456 12
1746661494955 0.019094159750609983 13
1746661689260 0.01996285250714543 14
1746661883148 0.014045203076105336 15
1746662076668 0.013111832969802983 16
1746662270124 0.018337916440273425 17
1746662463334 0.009692169264985286 18
1746662656493 0.005579100848099559 19
1746662850476 0.004226175469479391 20
1746663044402 0.003282304361999529 21
1746663238560 0.002330125642736081 22
1746663432608 0.0020001168821330126 23
1746663626225 0.0015288070022432627 24
1746663819869 0.0015321306751242705 25
1746664013748 0.0014880922930647752 26
1746664207856 0.00134124898806699 27
1746664401135 0.0013436927687025116 28
1746664594476 0.0011749003740022794 29
