1746658960299 0.526267820937596 0
1746659157325 0.6989929685951382 1
1746659354360 0.7118528046684548 2
1746659551268 0.7348711151720403 3
1746659749239 0.6969766049814793 4
1746659942485 0.720948357750985 5
1746660137291 0.6992579480397467 6
1746660329880 0.7527792289589127 7
1746660527242 0.7267080242333903 8
1746660721518 0.7293381620351114 9
1746660915790 0.708969107889488 10
1746661109472 0.7207240322060257 11
1746661303519 0.7320627590643312 12
1746661497638 0.7186031746714835 13
1746661691557 0.7322719875674137 14
1746661885194 0.7186757390369259 15
1746662078756 0.7022088931631197 16
1746662272177 0.6906439711102295 17
1746662465697 0.7099548861783338 18
1746662659149 0.7177454800621494 19
1746662852556 0.707200796872126 20
1746663046740 0.7109577267220698 21
1746663240789 0.7161512804179939 22
1746663434783 0.7228010450027333 23
1746663628289 0.7322747645543563 24
1746663821926 0.7374491506947352 25
1746664016094 0.7298516609898051 26
1746664209906 0.7250623979961291 27
1746664403493 0.7239608247927146 28
1746664597047 0.7267358327111293 29
