1746658960299 0.671909130574697 0
1746659157325 0.7893835615938634 1
1746659354360 0.79031560738622 2
1746659551268 0.8042553190989896 3
1746659749239 0.796133567612513 4
1746659942485 0.7991266375045452 5
1746660137291 0.79057815840827 6
1746660329880 0.8160564622348967 7
1746660527242 0.7994836488312453 8
1746660721518 0.7984327383043434 9
1746660915790 0.7854077252719058 10
1746661109472 0.8096885812648656 11
1746661303519 0.8104347825586663 12
1746661497638 0.7958567112145616 13
1746661691557 0.8054959209461497 14
1746661885194 0.8153980751905494 15
1746662078756 0.8038194443944208 16
1746662272177 0.7955036748310962 17
1746662465697 0.7973913042977978 18
1746662659149 0.8051391862455277 19
1746662852556 0.8048359239569015 20
1746663046740 0.7969151670451391 21
1746663240789 0.8060475161486955 22
1746663434783 0.808254514137455 23
1746663628289 0.8123924268002632 24
1746663821926 0.815618221208111 25
1746664016094 0.8077586206396543 26
1746664209906 0.8096885812648656 27
1746664403493 0.8109280138268213 28
1746664597047 0.8115816767002056 29
