1746658960299 0.5066870589235241 0
1746659157325 0.6827786421437847 1
1746659354360 0.7204051337186079 2
1746659551268 0.7160182014911906 3
1746659749239 0.6808943399854974 4
1746659942485 0.7161824213018997 5
1746660137291 0.6969423222059613 6
1746660329880 0.769776749605827 7
1746660527242 0.7212468212031755 8
1746660721518 0.7331904970797025 9
1746660915790 0.7089982962220633 10
1746661109472 0.7147528648634817 11
1746661303519 0.7370180856599877 12
1746661497638 0.716489650830182 13
1746661691557 0.736967283234788 14
1746661885194 0.7244179582008944 15
1746662078756 0.7057144017232357 16
1746662272177 0.6651319748282887 17
1746662465697 0.7018407900322434 18
1746662659149 0.7089559283659891 19
1746662852556 0.6938153194097979 20
1746663046740 0.7050482932301119 21
1746663240789 0.7036986167152878 22
1746663434783 0.7171527988653422 23
1746663628289 0.7299134418993933 24
1746663821926 0.7386750206852286 25
1746664016094 0.7280630166450149 26
1746664209906 0.7254241395198241 27
1746664403493 0.7255305283681754 28
1746664597047 0.7268403670914245 29
