1746658960299 0.5561471234007648 0
1746659157325 0.7571558106235983 1
1746659354360 0.746608669774774 2
1746659551268 0.7860513497451506 3
1746659749239 0.7608247123830526 4
1746659942485 0.7625933322577119 5
1746660137291 0.7386820887093104 6
1746660329880 0.7773528870512423 7
1746660527242 0.7766889526156905 8
1746660721518 0.7633487819311908 9
1746660915790 0.7595700146623545 10
1746661109472 0.7701731067811874 11
1746661303519 0.769767467727031 12
1746661497638 0.7576676535940158 13
1746661691557 0.7690289712992759 14
1746661885194 0.7698841968150197 15
1746662078756 0.7634475073273683 16
1746662272177 0.7523967750930258 17
1746662465697 0.763361908676347 18
1746662659149 0.7740844642572668 19
1746662852556 0.7687823263470002 20
1746663046740 0.7667347956724755 21
1746663240789 0.7700615189173043 22
1746663434783 0.7781487520454262 23
1746663628289 0.7834674656576296 24
1746663821926 0.7840757020593228 25
1746664016094 0.7806878612691956 26
1746664209906 0.7778137992371346 27
1746664403493 0.7744276845257759 28
1746664597047 0.7795129870641084 29
