1746693969733 431.7618159080038 0
1746694093503 175.4485175463618 1
1746694217776 88.1281544821603 2
1746694344343 63.72189202600596 3
1746694467529 49.4254342877135 4
1746694591500 39.11789641088369 5
1746694713252 31.58975361804573 6
1746694834198 24.699883587506353 7
1746694956222 19.87852754398268 8
1746695078081 16.771582233662507 9
1746695200322 13.600088664463588 10
1746695321578 11.451783540297528 11
1746695442312 9.551766458822756 12
1746695560653 8.042252068616905 13
1746695682086 6.840955928880341 14
1746695803851 4.985675150034379 15
1746695926336 3.8276934210135014 16
1746696048575 3.28012799486822 17
1746696170527 2.9205879191963042 18
1746696292870 2.5035935457871883 19
1746696412415 1.9956459731471783 20
1746696533128 1.5955289152203773 21
1746696664199 1.5015955117284034 22
1746696786930 1.3404946108253635 23
1746696907997 1.2685647837969722 24
1746697029854 1.0645181694809271 25
1746697152175 1.0132693271247708 26
1746697274586 0.9126508576529366 27
1746697395333 0.8202720345283041 28
1746697515872 0.8237440452283743 29
