1746693972983 0.20322291853176336 0
1746694096485 0.6803939122649346 1
1746694222546 0.7797672336615237 2
1746694346641 0.8245299910473747 3
1746694470023 0.8173679498656385 4
1746694593834 0.8343777976722618 5
1746694716446 0.840644583706281 6
1746694837300 0.8334825425245449 7
1746694958569 0.8513876454788852 8
1746695080699 0.838854073410847 9
1746695202725 0.837063563115413 10
1746695323861 0.8272157564905257 11
1746695444629 0.839749328558564 12
1746695563146 0.8334825425245449 13
1746695684498 0.8460161145925831 14
1746695807126 0.837063563115413 15
1746695928872 0.837063563115413 16
1746696050882 0.8263205013428088 17
1746696173508 0.8469113697403001 18
1746696295425 0.8460161145925831 19
1746696414702 0.8469113697403001 20
1746696535929 0.8495971351834513 21
1746696666415 0.8433303491494321 22
1746696789587 0.8352730528199789 23
1746696910275 0.8343777976722618 24
1746697032486 0.842435094001715 25
1746697154456 0.8504923903311682 26
1746697276865 0.8415398388539981 27
1746697397679 0.839749328558564 28
1746697518200 0.8469113697403001 29
