1745738768829 2e-05 0
1745738834142 2e-05 1
1745738899570 2e-05 2
1745738964540 8e-05 3
1745739029399 8e-05 4
1745739094254 8e-05 5
1745739159930 8e-05 6
1745739224325 8e-05 7
1745739290062 8e-05 8
1745739354655 8e-05 9
1745739420626 8e-05 10
1745739484781 8e-05 11
1745739548910 8e-05 12
1745739613202 8e-05 13
1745739677356 8e-05 14
1745739741444 6.400000000000001e-05 15
1745739805544 6.400000000000001e-05 16
1745739869620 5.120000000000001e-05 17
1745739933686 5.120000000000001e-05 18
1745739997704 4.0960000000000014e-05 19
1745740061756 4.0960000000000014e-05 20
1745740126867 3.276800000000001e-05 21
1745740191109 3.276800000000001e-05 22
1745740255232 2.6214400000000008e-05 23
1745740319364 2.6214400000000008e-05 24
1745740383486 2.097152000000001e-05 25
1745740448247 2.097152000000001e-05 26
1745740512348 1.6777216000000006e-05 27
1745740576496 1.6777216000000006e-05 28
1745740640641 1.3421772800000009e-05 29
