1745738770305 0.12265412164380024 0
1745738836064 0.4670124378203335 1
1745738901009 0.5815665319105973 2
1745738966016 0.5947399138983941 3
1745739030848 0.6536848962718296 4
1745739097187 0.6484109369008233 5
1745739161368 0.6561709778945004 6
1745739225858 0.639495278627022 7
1745739291653 0.674614761034052 8
1745739356726 0.6699912082150223 9
1745739422081 0.671872813504465 10
1745739486235 0.6632479079985809 11
1745739550417 0.6549399369741912 12
1745739614636 0.6493057747689972 13
1745739678799 0.6312685366524694 14
1745739742895 0.6753090667693247 15
1745739806983 0.6542055803754787 16
1745739871054 0.6605932619161371 17
1745739935113 0.6575766196993094 18
1745739999135 0.6616463858402264 19
1745740064204 0.6517427566475654 20
1745740128331 0.6624481227233013 21
1745740192548 0.6573833075607093 22
1745740256670 0.6098683004857437 23
1745740320797 0.6540961417315478 24
1745740385523 0.6557378173635213 25
1745740449685 0.6576654608432295 26
1745740513828 0.6561875521469619 27
1745740577931 0.6565612844583927 28
1745740642098 0.6584488644289976 29
