1746778884408 0.0 0
1746779014138 0.187108325872857 1
1746779144295 0.5953446732318177 2
1746779274443 0.793196060877279 3
1746779404333 0.8039391226498832 4
1746779534203 0.83795881826313 5
1746779664463 0.8263205013428088 6
1746779796277 0.8263205013428088 7
1746779917971 0.8227394807519406 8
1746780047599 0.8209489704565066 9
1746780177553 0.8128916741270534 10
1746780290890 0.8236347358996576 11
1746780421056 0.7976723366158641 12
1746780551720 0.8164726947179215 13
1746780682367 0.8093106535361854 14
1746780794461 0.8236347358996576 15
1746780920121 0.8307967770813938 16
1746781050092 0.8209489704565066 17
1746781167287 0.8209489704565066 18
1746781297881 0.8281110116382427 19
1746781427524 0.8343777976722618 20
1746781558423 0.8272157564905257 21
1746781687441 0.8325872873768279 22
1746781816801 0.8316920322291108 23
1746781946422 0.8299015219336768 24
1746782078383 0.8290062667859598 25
1746782207425 0.8245299910473747 26
1746782337017 0.8263205013428088 27
1746782470923 0.8236347358996576 28
1746782602123 0.8272157564905257 29
