1746611498204 2e-05 0
1746611625730 4e-05 1
1746611754936 6.000000000000001e-05 2
1746611882224 8e-05 3
1746612131300 8e-05 4
1746612381998 8e-05 5
1746612630526 8e-05 6
1746612877664 8e-05 7
1746613128098 8e-05 8
1746613376347 8e-05 9
1746613624241 8e-05 10
1746613873040 8e-05 11
1746614125895 8e-05 12
1746614374576 8e-05 13
1746614623778 8e-05 14
1746614872415 6.400000000000001e-05 15
1746615120745 6.400000000000001e-05 16
1746615370419 5.120000000000001e-05 17
1746615619803 5.120000000000001e-05 18
1746615868106 4.0960000000000014e-05 19
1746616117056 4.0960000000000014e-05 20
1746616364876 3.276800000000001e-05 21
1746616611581 3.276800000000001e-05 22
1746616860107 2.6214400000000008e-05 23
1746617108735 2.6214400000000008e-05 24
1746617354492 2.097152000000001e-05 25
1746617598844 2.097152000000001e-05 26
1746617838400 1.6777216000000006e-05 27
1746618082335 1.6777216000000006e-05 28
1746618330044 1.3421772800000009e-05 29
