1746611501543 0.0 0
1746611629256 0.01948447331032569 1
1746611758430 0.10537020133545355 2
1746611885561 0.20564418908028678 3
1746612134700 0.7167548150216158 4
1746612385149 0.7709973598656596 5
1746612633731 0.7752748427296735 6
1746612881216 0.7672402839110526 7
1746613131436 0.7725171253986548 8
1746613379579 0.7612487751043009 9
1746613628015 0.7747762967878076 10
1746613876549 0.7653768026741677 11
1746614130294 0.7696885841390527 12
1746614377742 0.7941665173651276 13
1746614626941 0.7720671956063504 14
1746614875607 0.8039991858636545 15
1746615123955 0.7836315213623573 16
1746615373639 0.8014665535747718 17
1746615622980 0.7860471399078247 18
1746615871643 0.7860163165647814 19
1746616120615 0.7883061369982323 20
1746616368313 0.7854051320121767 21
1746616614774 0.7926562816462598 22
1746616864500 0.7881095977678699 23
1746617112360 0.7896500084173698 24
1746617358277 0.7923081680437145 25
1746617602470 0.7988077736363705 26
1746617842015 0.7923716753176434 27
1746618085493 0.7877986252440882 28
1746618333528 0.7967710771009735 29
