1746611501543 0.0 0
1746611629256 0.08594449418083384 1
1746611758430 0.2623097582810866 2
1746611885561 0.38495971351831826 3
1746612134700 0.8102059086839024 4
1746612385149 0.8343777976722618 5
1746612633731 0.8549686660697533 6
1746612881216 0.8334825425245449 7
1746613131436 0.840644583706281 8
1746613379579 0.8299015219336768 9
1746613628015 0.8334825425245449 10
1746613876549 0.8325872873768279 11
1746614130294 0.8263205013428088 12
1746614377742 0.8460161145925831 13
1746614626941 0.8191584601610725 14
1746614875607 0.8415398388539981 15
1746615123955 0.8478066248880172 16
1746615373639 0.8531781557743193 17
1746615622980 0.83795881826313 18
1746615871643 0.8469113697403001 19
1746616120615 0.8478066248880172 20
1746616368313 0.8442256042971491 21
1746616614774 0.8531781557743193 22
1746616864500 0.8442256042971491 23
1746617112360 0.8460161145925831 24
1746617358277 0.8478066248880172 25
1746617602470 0.8504923903311682 26
1746617842015 0.8460161145925831 27
1746618085493 0.8487018800357342 28
1746618333528 0.8531781557743193 29
