1746694097532 2e-05 0
1746694350037 4e-05 1
1746694601134 6.000000000000001e-05 2
1746694852238 8e-05 3
1746695100387 8e-05 4
1746695331073 8e-05 5
1746695570279 8e-05 6
1746695817226 8e-05 7
1746696064346 8e-05 8
1746696310940 8e-05 9
1746696562116 8e-05 10
1746696813916 8e-05 11
1746697063446 8e-05 12
1746697311778 8e-05 13
1746697559781 8e-05 14
1746697812476 6.400000000000001e-05 15
1746698065244 6.400000000000001e-05 16
1746698319736 5.120000000000001e-05 17
1746698573926 5.120000000000001e-05 18
1746698827003 4.0960000000000014e-05 19
1746699083955 4.0960000000000014e-05 20
1746699335942 3.276800000000001e-05 21
1746699588799 3.276800000000001e-05 22
1746699840732 2.6214400000000008e-05 23
1746700095846 2.6214400000000008e-05 24
1746700347581 2.097152000000001e-05 25
1746700606163 2.097152000000001e-05 26
1746700857673 1.6777216000000006e-05 27
1746701109645 1.6777216000000006e-05 28
1746701364840 1.3421772800000009e-05 29
