1746694101663 0.548189938831128 0
1746694353339 0.7392405062792162 1
1746694604709 0.7881355931704146 2
1746694855245 0.7918570834566321 3
1746695104207 0.7905376343586107 4
1746695333726 0.7833679833181709 5
1746695573485 0.7759656651860698 6
1746695820568 0.7819548871682029 7
1746696067392 0.7816188869652803 8
1746696314392 0.7897872339926079 9
1746696565417 0.7866323906955256 10
1746696816945 0.7986348122367314 11
1746697067064 0.7953865868786995 12
1746697314794 0.7794612794113923 13
1746697562773 0.7840274795549964 14
1746697816725 0.791330216694642 15
1746698069776 0.7900172116539657 16
1746698324209 0.7993124193741625 17
1746698577231 0.7939784945736642 18
1746698831430 0.8048359239569015 19
1746699087749 0.7971320117594628 20
1746699341785 0.8013698629637254 21
1746699592514 0.8025751072461532 22
1746699845347 0.8056628056128231 23
1746700099857 0.7982905982406326 24
1746700355323 0.8068669527397152 25
1746700609876 0.8036097979732166 26
1746700861702 0.7981260646859952 27
1746701113996 0.8085470084970419 28
1746701369115 0.8063410453656181 29
