1746694101663 0.57722772277222 0
1746694353339 0.6991221069432801 1
1746694604709 0.7481898632340508 2
1746694855245 0.7387596899224234 3
1746695104207 0.7607615894039105 4
1746695333726 0.7313664596272724 5
1746695573485 0.7452596867270613 6
1746695820568 0.7329678935003341 7
1746696067392 0.7386454183266343 8
1746696314392 0.7526358475262974 9
1746696565417 0.7543138866063472 10
1746696816945 0.7628361858190087 11
1746697067064 0.7606209150326175 12
1746697314794 0.735504368546407 13
1746697562773 0.7533003300329412 14
1746697816725 0.7532362459546316 15
1746698069776 0.7605633802816271 16
1746698324209 0.7685950413222505 17
1746698577231 0.764072847682056 18
1746698831430 0.7773144286905106 19
1746699087749 0.7535885167463514 20
1746699341785 0.7678424938473529 21
1746699592514 0.7708161582851796 22
1746699845347 0.7734761120262954 23
1746700099857 0.763695829926348 24
1746700355323 0.7749381698268116 25
1746700609876 0.7727272727272089 26
1746700861702 0.7611697806660632 27
1746701113996 0.773507767784074 28
1746701369115 0.7732128184058527 29
