1746694101663 0.5219337511190222 0
1746694353339 0.7842435094001088 1
1746694604709 0.8325872873768279 2
1746694855245 0.8531781557743193 3
1746695104207 0.8227394807519406 4
1746695333726 0.8433303491494321 5
1746695573485 0.8093106535361854 6
1746695820568 0.83795881826313 7
1746696067392 0.8299015219336768 8
1746696314392 0.8307967770813938 9
1746696565417 0.8218442256042237 10
1746696816945 0.83795881826313 11
1746697067064 0.8334825425245449 12
1746697314794 0.8290062667859598 13
1746697562773 0.8173679498656385 14
1746697816725 0.8334825425245449 15
1746698069776 0.8218442256042237 16
1746698324209 0.8325872873768279 17
1746698577231 0.8263205013428088 18
1746698831430 0.8343777976722618 19
1746699087749 0.8460161145925831 20
1746699341785 0.83795881826313 21
1746699592514 0.837063563115413 22
1746699845347 0.840644583706281 23
1746700099857 0.8361683079676959 24
1746700355323 0.8415398388539981 25
1746700609876 0.837063563115413 26
1746700861702 0.838854073410847 27
1746701113996 0.8469113697403001 28
1746701369115 0.842435094001715 29
