1746455005294 0.0 0
1746455018417 0.0 1
1746455031590 0.002761341222456582 2
1746455046608 0.19411145218105075 3
1746455061271 0.38104861349492375 4
1746455075533 0.5558198373278558 5
1746455089712 0.5423546143045641 6
1746455104300 0.5724316594151284 7
1746455118867 0.6510835760033806 8
1746455133250 0.6488570734192772 9
1746455147144 0.7010706620503259 10
1746455162320 0.6975348653049956 11
1746455177366 0.7207648173790747 12
1746455192089 0.7406837127672266 13
1746455207140 0.7279303167782397 14
1746455221821 0.7090939327008535 15
1746455235732 0.7284883587683052 16
1746455249637 0.7270526497782612 17
1746455263498 0.7218522936708768 18
1746455277310 0.7263690736333046 19
1746455292154 0.727090539567353 20
1746455306481 0.7529178544703605 21
1746455321018 0.7171212645034212 22
1746455334793 0.7192387615060792 23
1746455348595 0.7267268045349055 24
1746455363024 0.7178682272503547 25
1746455377467 0.7239329359657339 26
1746455391255 0.7278315249160727 27
1746455405031 0.7290684577033265 28
1746456563974 0.7340198024490981 29
