1746455005294 0.0 0
1746455018417 0.0 1
1746455031590 0.04895104895060394 2
1746455046608 0.20045683089463376 3
1746455061271 0.42950429513083055 4
1746455075533 0.5268300258406842 5
1746455089712 0.5083008632646091 6
1746455104300 0.5443010564736883 7
1746455118867 0.6349147840822094 8
1746455133250 0.632632449761512 9
1746455147144 0.7064051488783323 10
1746455162320 0.7117205131628653 11
1746455177366 0.7277167671580967 12
1746455192089 0.7397465850539865 13
1746455207140 0.7453223462123716 14
1746455221821 0.6879401306738993 15
1746455235732 0.7367449968586552 16
1746455249637 0.730507790969358 17
1746455263498 0.716964199779437 18
1746455277310 0.7290497027028694 19
1746455292154 0.7290688233825013 20
1746455306481 0.7548018844684301 21
1746455321018 0.7131192941158481 22
1746455334793 0.7185591704493905 23
1746455348595 0.7264007974741632 24
1746455363024 0.7172468547840034 25
1746455377467 0.7219573318312982 26
1746455391255 0.7295134180264914 27
1746455405031 0.7306371164009959 28
1746456563974 0.7323986227470815 29
