1746455005294 0.0 0
1746455018417 0.0 1
1746455031590 0.006266786034019135 2
1746455046608 0.41629364368841393 3
1746455061271 0.6222023276633284 4
1746455075533 0.7421665174574089 5
1746455089712 0.7564905998208812 6
1746455104300 0.7681289167412024 7
1746455118867 0.7994628469112981 8
1746455133250 0.7914055505818449 9
1746455147144 0.8209489704565066 10
1746455162320 0.8218442256042237 11
1746455177366 0.8164726947179215 12
1746455192089 0.8218442256042237 13
1746455207140 0.8021486123544492 14
1746455221821 0.8299015219336768 15
1746455235732 0.8075201432407513 16
1746455249637 0.8245299910473747 17
1746455263498 0.8182632050133556 18
1746455277310 0.8173679498656385 19
1746455292154 0.8236347358996576 20
1746455306481 0.8352730528199789 21
1746455321018 0.8245299910473747 22
1746455334793 0.8218442256042237 23
1746455348595 0.8227394807519406 24
1746455363024 0.8272157564905257 25
1746455377467 0.8254252461950917 26
1746455391255 0.8254252461950917 27
1746455405031 0.8227394807519406 28
1746456563974 0.8209489704565066 29
