1746696868574 0.5982836125371709 0
1746697290393 0.7779193205445457 1
1746697606212 0.866809421791561 2
1746697871730 0.8788142981190944 3
1746698271897 0.9080707811325492 4
1746698608389 0.9224100563002086 5
1746698874847 0.9228746712908702 6
1746699236927 0.9565217390803686 7
1746699602543 0.9637168141092133 8
1746699867322 0.9311986152680191 9
1746700195691 0.9607064017159289 10
1746700603266 0.9611307419993937 11
1746700866881 0.9523809523308979 12
1746701127652 0.9682539682038942 13
1746701610184 0.9589041095389645 14
1746701876540 0.967798853059762 15
1746702134060 0.9772828507294242 16
1746702597785 0.9800088848899424 17
1746702859574 0.984861976797643 18
1746703117840 0.980026631108372 19
