1746696868574 0.3979256495818245 0
1746697290393 0.7069052184467137 1
1746697606212 0.8453685024844831 2
1746697871730 0.8613565673610963 3
1746698271897 0.9264468648206864 4
1746698608389 0.9473104457233159 5
1746698874847 0.9297981953126045 6
1746699236927 0.9687894630583792 7
1746699602543 0.9733593510226431 8
1746699867322 0.9642826944247115 9
1746700195691 0.977233447152133 10
1746700603266 0.9710859874777731 11
1746700866881 0.977889700349048 12
1746701127652 0.9901891787126057 13
1746701610184 0.9695623173234196 14
1746701876540 0.9791167312019725 15
1746702134060 0.9812973788630578 16
1746702597785 0.9866089331342978 17
1746702859574 0.9869679442977778 18
1746703117840 0.9862822259898116 19
