1746778866078 0.5456379644420682 0
1746779113504 0.2136089202700829 1
1746779371009 0.16966939337399542 2
1746779610221 0.14544477944775502 3
1746779808150 0.1034310829198482 4
1746780005648 0.07577786001623893 5
1746780203180 0.05420586491497804 6
1746780400678 0.04803669785282442 7
1746780599212 0.05016054043888438 8
1746780796270 0.04746702254502749 9
1746780996662 0.03050289856155916 10
1746781194080 0.02030112639031544 11
1746781391662 0.022526558754699572 12
1746781590393 0.023128807596976355 13
1746781788312 0.023300245556296135 14
1746781985148 0.019398369460499713 15
1746782182244 0.011555629818016017 16
1746782381431 0.00922332730082491 17
1746782579167 0.006655738234035291 18
1746782776962 0.0050346562502269 19
1746782974603 0.0063311876818224104 20
1746783174102 0.003377547587995056 21
1746783373774 0.00279032589412741 22
1746783573760 0.0024156624508299388 23
1746783773523 0.002129284293469213 24
1746783971567 0.0018396707880073131 25
1746784171029 0.0015451233744637907 26
1746784372574 0.0014382625001361498 27
1746784571842 0.001209217379830673 28
1746784773550 0.001119634076419562 29
