1746778869375 0.5965121935205056 0
1746779117453 0.7462589516855476 1
1746779373992 0.7551056294782117 2
1746779612112 0.7330142871276808 3
1746779810358 0.7609915611293189 4
1746780007855 0.7960745576792061 5
1746780205392 0.7676881311713903 6
1746780403718 0.7983030139696476 7
1746780601402 0.7358322950929715 8
1746780798951 0.7881361402857203 9
1746780998926 0.7701421790029644 10
1746781196299 0.7788651847968205 11
1746781394362 0.787864590605059 12
1746781593545 0.7719962519645119 13
1746781790515 0.7283703246792204 14
1746781987406 0.7214820906777272 15
1746782186003 0.7409538795051286 16
1746782383965 0.709529881788079 17
1746782581450 0.7275040507264929 18
1746782779976 0.7189542122472413 19
1746782976846 0.7209451024130515 20
1746783176646 0.742374919089667 21
1746783377496 0.7285105460013559 22
1746783577290 0.7450181879865091 23
1746783775950 0.7542436059255668 24
1746783974672 0.7341150614460168 25
1746784175268 0.7283833278513229 26
1746784376018 0.7413601420489341 27
1746784575354 0.74073711163595 28
1746784776263 0.7303732374865881 29
