1746193660415 824.5948417819276 0
1746193736828 360.59800408810986 1
1746193811460 303.6414245294065 2
1746193884360 250.54977183439294 3
1746193999747 144.45714397819674 4
1746194143162 90.53671494308783 5
1746194306074 66.88621014964824 6
1746194419370 50.57705264188805 7
1746194534469 38.73569453492456 8
1746194651070 30.79141937956518 9
1746194765728 25.73537523892461 10
1746194880725 20.831715525413045 11
1746194996723 17.518555407621424 12
1746195112484 14.732806205749512 13
1746195229482 12.496982389566849 14
1746195344799 10.136312076023646 15
1746195461741 7.730437264150503 16
1746195578469 6.52335170337132 17
1746195692881 5.448803787328759 18
1746195807372 4.621155743696252 19
1746195919322 4.095264741352627 20
1746196032405 3.6531007971082414 21
1746196145528 3.436342499694046 22
1746196260160 3.0916727781295776 23
1746196378363 2.8562939775233365 24
1746196497388 2.5634923881413987 25
1746196612759 2.3707312807744865 26
1746196726667 2.2625177904051177 27
1746196843591 2.1544909294770687 28
1746196960666 1.9862027800813014 29
