1745485139740 0.0 0
1745485374423 0.6275738584996304 1
1745485429634 0.7347952006122035 2
1745485530222 0.7371090447514458 3
1745485568906 0.7651290731621028 4
1745485607323 0.7687635574337117 5
1745485647245 0.7751155947378464 6
1745485685267 0.7787307032090266 7
1745485724351 0.7991525423229561 8
1745485764604 0.7977576541112746 9
1745485808084 0.7911149081089434 10
1745485845555 0.797457627068719 11
1745485883221 0.7636958298767237 12
1745486070726 0.7998278088178478 13
1745486107986 0.7998281786441708 14
1745486145712 0.8067590987368101 15
1745486191885 0.7967128027181541 16
1745486275989 0.7948717948218295 17
1745486313810 0.7949152541873632 18
1745486350814 0.7960666951189083 19
1745486387882 0.7969151670451391 20
1745486430795 0.8005136985801637 21
1745486469141 0.7989712815616803 22
1745486506365 0.7994836488312453 23
1745486557640 0.7946963215924604 24
