1746696091168 0.2897248736196817 0
1746696415859 0.7757049891039931 1
1746696745461 0.8372681281119873 2
1746697075707 0.9067017082285244 3
1746697406118 0.9224806201050312 4
1746697736759 0.9395267308877137 5
1746698058200 0.9437609841327108 6
1746698231344 0.9558759283029379 7
1746698396463 0.9626334519072116 8
1746698517302 0.9698046180671461 9
1746698847743 0.9589519650154483 10
1746699180281 0.9691629955446408 11
1746699512516 0.9745194456360998 12
1746699844113 0.9776386403792506 13
1746700175232 0.9751992913582452 14
1746700502023 0.980026631108372 15
1746700834819 0.979519145096842 16
1746701080012 0.9804964538506271 17
1746701239812 0.9839715048475095 18
1746701367477 0.979101822982374 19
