1746696091168 0.08358303548422 0
1746696415859 0.6131952210503173 1
1746696745461 0.6858291483141881 2
1746697075707 0.8550377657947771 3
1746697406118 0.8871686513726199 4
1746697736759 0.8818525465275194 5
1746698058200 0.9076258004262925 6
1746698231344 0.9127333485524751 7
1746698396463 0.922286545412461 8
1746698517302 0.9380431352074884 9
1746698847743 0.9271078325497821 10
1746699180281 0.9035929736606481 11
1746699512516 0.9704723281930262 12
1746699844113 0.9440404660061963 13
1746700175232 0.9388261778495738 14
1746700502023 0.9561556363534399 15
1746700834819 0.9545047075376687 16
1746701080012 0.9740380528969437 17
1746701239812 0.9810068878273989 18
1746701367477 0.957182213439849 19
