1746696091168 0.23097582811099096 0
1746696415859 0.8003581020590151 1
1746696745461 0.8889883616830001 2
1746697075707 0.9265890778871149 3
1746697406118 0.9588182632049276 4
1746697736759 0.9597135183526446 5
1746698058200 0.9615040286480786 6
1746698231344 0.979409131602419 7
1746698396463 0.9686660698298147 8
1746698517302 0.977618621306985 9
1746698847743 0.9829901521932871 10
1746699180281 0.9847806624887211 11
1746699512516 0.9758281110115509 12
1746699844113 0.978513876454702 13
1746700175232 0.9856759176364381 14
1746700502023 0.9883616830795892 15
1746700834819 0.9847806624887211 16
1746701080012 0.9901521933750232 17
1746701239812 0.9892569382273062 18
1746701367477 0.9856759176364381 19
