1746696091168 0.10816078725705344 0
1746696415859 0.6320579003934748 1
1746696745461 0.82465139042472 2
1746697075707 0.916009147769159 3
1746697406118 0.9498979265741914 4
1746697736759 0.9556112775425329 5
1746698058200 0.9748062654830322 6
1746698231344 0.9815003763228318 7
1746698396463 0.9624453198509584 8
1746698517302 0.9758601789806535 9
1746698847743 0.979496838344147 10
1746699180281 0.982573109591961 11
1746699512516 0.9738770168912487 12
1746699844113 0.9793332420497792 13
1746700175232 0.9856675114747433 14
1746700502023 0.995352973355187 15
1746700834819 0.9825263866596126 16
1746701080012 0.9890654423828497 17
1746701239812 0.9884597488637709 18
1746701367477 0.9864544775270048 19
