1746653284714 2e-05 0
1746653409437 4e-05 1
1746653534776 6.000000000000001e-05 2
1746653660951 8e-05 3
1746653786135 8e-05 4
1746653910699 8e-05 5
1746654035673 8e-05 6
1746654160107 8e-05 7
1746654283942 8e-05 8
1746654408546 8e-05 9
1746654533187 8e-05 10
1746654657306 8e-05 11
1746654781534 8e-05 12
1746654905461 8e-05 13
1746655029664 8e-05 14
1746655153575 6.400000000000001e-05 15
1746655278041 6.400000000000001e-05 16
1746655390486 5.120000000000001e-05 17
1746655490615 5.120000000000001e-05 18
1746655585923 4.0960000000000014e-05 19
1746655679968 4.0960000000000014e-05 20
1746655773755 3.276800000000001e-05 21
1746655867765 3.276800000000001e-05 22
1746655961722 2.6214400000000008e-05 23
1746656055531 2.6214400000000008e-05 24
1746656149406 2.097152000000001e-05 25
1746656243361 2.097152000000001e-05 26
1746656352849 1.6777216000000006e-05 27
1746656476454 1.6777216000000006e-05 28
1746656600192 1.3421772800000009e-05 29
