1746653287379 0.0 0
1746653411784 0.06525178376817417 1
1746653537706 0.3855397552299414 2
1746653663880 0.4650799674437043 3
1746653788536 0.5503614906464809 4
1746653913064 0.603939560873605 5
1746654038306 0.5623943082478386 6
1746654162447 0.5919720422121005 7
1746654286285 0.7005760285114854 8
1746654410906 0.7179954902856532 9
1746654535542 0.7092066264092486 10
1746654659668 0.6700711820187423 11
1746654783890 0.7065013527580098 12
1746654907838 0.7062118786173447 13
1746655032026 0.713316663232532 14
1746655155996 0.6883188106669417 15
1746655281620 0.7184673012062114 16
1746655392852 0.6965149739742121 17
1746655492702 0.6906717473991837 18
1746655587772 0.7113808578194856 19
1746655681794 0.7084413566921987 20
1746655775583 0.7073646073930019 21
1746655869589 0.671590412266458 22
1746655963541 0.6988365785440748 23
1746656057356 0.7063315954462124 24
1746656151218 0.7111081689233745 25
1746656245178 0.6959159851104831 26
1746656355183 0.7076585376016872 27
1746656478783 0.6967429295575882 28
1746656602811 0.6942375271362129 29
