1746653287379 0.0 0
1746653411784 0.05253624030433749 1
1746653537706 0.2888305859747613 2
1746653663880 0.5805538205853988 3
1746653788536 0.6288299145489284 4
1746653913064 0.7225952512344409 5
1746654038306 0.6227190000379217 6
1746654162447 0.7259077197277795 7
1746654286285 0.7684678150889218 8
1746654410906 0.7787118578003231 9
1746654535542 0.7474953798977959 10
1746654659668 0.7626987585766577 11
1746654783890 0.7584119052550217 12
1746654907838 0.764402756122242 13
1746655032026 0.7871794859844459 14
1746655155996 0.7888257020816707 15
1746655281620 0.7878028710134288 16
1746655392852 0.7443587955296772 17
1746655492702 0.7768064545319404 18
1746655587772 0.7712594153436646 19
1746655681794 0.775810658066361 20
1746655775583 0.7783188635481492 21
1746655869589 0.7704871224822103 22
1746655963541 0.7805477825876659 23
1746656057356 0.7796140143076268 24
1746656151218 0.7787565613473677 25
1746656245178 0.7780108920432602 26
1746656355183 0.7702450591908185 27
1746656478783 0.7717315779166913 28
1746656602811 0.7759877825849002 29
