1746802165147 0.4834377797671904 0
1746802430828 0.8299015219336768 1
1746802704541 0.8630259623992065 2
1746802972586 0.9006266786033214 3
1746803238349 0.9471799462846063 4
1746803506889 0.9579230080572105 5
1746803773427 0.9525514771709084 6
1746804040879 0.9722470904206828 7
1746804307058 0.9704565801252488 8
1746804573793 0.9686660698298147 9
1746804837417 0.9740376007161169 10
1746805106258 0.978513876454702 11
1746805373914 0.9829901521932871 12
1746805641366 0.981199641897853 13
1746805917506 0.9883616830795892 14
1746806186826 0.9865711727841552 15
1746806459705 0.9829901521932871 16
1746806728445 0.9883616830795892 17
1746806996131 0.9901521933750232 18
1746807265725 0.9928379588181743 19
