1746610667225 0.0 0
1746610750621 0.0 1
1746610834347 0.0 2
1746610918905 0.00888956258295391 3
1746611045138 0.33582201187352684 4
1746611171623 0.5264107930618643 5
1746611297050 0.6364751605750628 6
1746611422506 0.64919512563415 7
1746611547340 0.6732678086179488 8
1746611672942 0.7388613129067684 9
1746611800164 0.7170665287140214 10
1746611926476 0.7111125601952873 11
1746612053377 0.732010597029209 12
1746612190866 0.7394918304554874 13
1746612349393 0.7385888776506071 14
1746612510439 0.7442925279728786 15
1746612664063 0.7232215223849724 16
1746612816866 0.7389674250459952 17
1746612971135 0.7487535204224053 18
1746613125104 0.7330883599534341 19
1746613276707 0.7272660634878664 20
1746613428601 0.7411638023621221 21
1746613580031 0.734231484780471 22
1746613731321 0.7259478628999767 23
1746613882066 0.7326677163980425 24
1746614041970 0.7294325963245281 25
1746614201437 0.725761756718588 26
1746614360442 0.7358215387788375 27
1746614513423 0.7231501750482904 28
1746614663786 0.7267161128840297 29
