1746610667225 0.0 0
1746610750621 0.0 1
1746610834347 0.0 2
1746610918905 0.033641715716118806 3
1746611045138 0.6350574712145515 4
1746611171623 0.7415525113654775 5
1746611297050 0.7844974445837817 6
1746611422506 0.770577933400044 7
1746611547340 0.7919123841118595 8
1746611672942 0.8231680561149319 9
1746611800164 0.808729139873006 10
1746611926476 0.8023698687609148 11
1746612053377 0.8072390571891679 12
1746612190866 0.8239895697022525 13
1746612349393 0.8084388185154973 14
1746612510439 0.817636986251395 15
1746612664063 0.8010033444317565 16
1746612816866 0.8063571726812229 17
1746612971135 0.8140618381542265 18
1746613125104 0.8016771487970933 19
1746613276707 0.8145265887956429 20
1746613428601 0.8100297492063276 21
1746613580031 0.8130081300313283 22
1746613731321 0.8098891730105735 23
1746613882066 0.8106483468800265 24
1746614041970 0.8102031992582459 25
1746614201437 0.8106712564043943 26
1746614360442 0.8116938950488907 27
1746614513423 0.8103004291345646 28
1746614663786 0.8064791133345294 29
