1746610667225 0.0 0
1746610750621 0.0 1
1746610834347 0.0 2
1746610918905 0.277777777777392 3
1746611045138 0.6828012358392705 4
1746611171623 0.7567567567566862 5
1746611297050 0.7481722177091187 6
1746611422506 0.7540702656383244 7
1746611547340 0.7478122513921441 8
1746611672942 0.8072289156625811 9
1746611800164 0.7745901639343628 10
1746611926476 0.7608346709469694 11
1746612053377 0.7617156473390976 12
1746612190866 0.800675675675608 13
1746612349393 0.7645650438945918 14
1746612510439 0.7834290401968184 15
1746612664063 0.7513725490195489 16
1746612816866 0.756671899528983 17
1746612971135 0.7725080385851468 18
1746613125104 0.7539432176655556 19
1746613276707 0.7876254180601348 20
1746613428601 0.7710355987054393 21
1746613580031 0.7786885245901001 22
1746613731321 0.772986167615885 23
1746613882066 0.7788778877887146 24
1746614041970 0.7834448160534462 25
1746614201437 0.7804473902236304 26
1746614360442 0.7808105872621356 27
1746614513423 0.7782357790601172 28
1746614663786 0.7697314890153971 29
