1746610667225 0.0 0
1746610750621 0.0 1
1746610834347 0.0 2
1746610918905 0.017905102954340384 3
1746611045138 0.5935541629363837 4
1746611171623 0.7269471799462196 5
1746611297050 0.8245299910473747 6
1746611422506 0.7878245299909769 7
1746611547340 0.8415398388539981 8
1746611672942 0.839749328558564 9
1746611800164 0.8460161145925831 10
1746611926476 0.8487018800357342 11
1746612053377 0.8585496866606214 12
1746612190866 0.8487018800357342 13
1746612349393 0.8576544315129044 14
1746612510439 0.8549686660697533 15
1746612664063 0.8576544315129044 16
1746612816866 0.8630259623992065 17
1746612971135 0.8603401969560555 18
1746613125104 0.8558639212174703 19
1746613276707 0.8433303491494321 20
1746613428601 0.8531781557743193 21
1746613580031 0.8504923903311682 22
1746613731321 0.8504923903311682 23
1746613882066 0.8451208594448661 24
1746614041970 0.838854073410847 25
1746614201437 0.8433303491494321 26
1746614360442 0.8451208594448661 27
1746614513423 0.8451208594448661 28
1746614663786 0.8469113697403001 29
