1746004193793 1.1544040344199356 0
1746004257360 0.4718372478168838 1
1746004322001 0.30827246134986686 2
1746004387175 0.24454214226226417 3
1746004452891 0.1770405944968973 4
1746004518030 0.14137781540654143 5
1746004583352 0.11254094077312217 6
1746004647352 0.09100414987425415 7
1746004712946 0.07710599173240516 8
1746004778025 0.06297241136127589 9
1746004845000 0.05354046386343484 10
1746004909472 0.04328580383135348 11
1746004973604 0.03700562978011309 12
1746005039130 0.03039402941393913 13
1746005103488 0.027457504072321618 14
1746005169255 0.023306713639093295 15
1746005234100 0.017901949137829398 16
1746005299716 0.014178331917607966 17
1746005364019 0.012765722045180748 18
1746005428592 0.01040632611767826 19
1746005492311 0.009152064931445889 20
1746005558534 0.00808004974577652 21
1746005622311 0.006979499012231827 22
1746005686771 0.006469440568067438 23
1746005750613 0.006227652874908277 24
1746005814022 0.005456432761928561 25
1746005877689 0.005021574025574539 26
1746005941323 0.004700413629488677 27
1746006004904 0.0044941931513936394 28
1746006069793 0.004022451497766436 29
