1746004196237 0.29774730651260684 0
1746004259654 0.44809688576316686 1
1746004323754 0.4997830802103078 2
1746004389083 0.5028175118702493 3
1746004454475 0.5164930555055569 4
1746004520404 0.5145336225096557 5
1746004585115 0.510692899864512 6
1746004649687 0.5177709521219792 7
1746004715889 0.5149444918373381 8
1746004780925 0.5181937746102125 9
1746004847072 0.5098712445852344 10
1746004911357 0.5106753812136073 11
1746004976014 0.5159620361881575 12
1746005041414 0.5128644939466138 13
1746005106074 0.5186147185647279 14
1746005170723 0.5087494664460102 15
1746005235579 0.5027789653198739 16
1746005301474 0.5111578946869751 17
1746005366241 0.5089974292559607 18
1746005430080 0.506382978673483 19
1746005495593 0.5061571124766282 20
1746005560047 0.5044435039704195 21
1746005624707 0.5072463767616648 22
1746005688614 0.5004277159466344 23
1746005752088 0.5061780996518197 24
1746005815785 0.5042662115541626 25
1746005879178 0.510474561728595 26
1746005942804 0.5118076427151744 27
1746006007302 0.5059931506349834 28
1746006071929 0.5053259479688201 29
