1746004196237 0.08821650683994434 0
1746004259654 0.2787719560699547 1
1746004323754 0.3424871564201376 2
1746004389083 0.3666313533282977 3
1746004454475 0.4169023088596807 4
1746004520404 0.4099946552735193 5
1746004585115 0.4067752445254013 6
1746004649687 0.41287056571308417 7
1746004715889 0.4260759458135354 8
1746004780925 0.424650930738245 9
1746004847072 0.4117688642350262 10
1746004911357 0.41670908077080066 11
1746004976014 0.41525311389707026 12
1746005041414 0.4048622228966672 13
1746005106074 0.42004276473485597 14
1746005170723 0.40630013194099124 15
1746005235579 0.39384193678980517 16
1746005301474 0.40082955907192763 17
1746005366241 0.40040899601352276 18
1746005430080 0.4010875579391428 19
1746005495593 0.39895056571359067 20
1746005560047 0.3919923385399623 21
1746005624707 0.4038270768028643 22
1746005688614 0.3944244231622147 23
1746005752088 0.3939886281619971 24
1746005815785 0.3964371309793873 25
1746005879178 0.40265712228563044 26
1746005942804 0.40587893563000627 27
1746006007302 0.4006028119238208 28
1746006071929 0.3916568271279306 29
