1746004196237 0.3286486486486131 0
1746004259654 0.43347280334724403 1
1746004323754 0.484848484848444 2
1746004389083 0.4873949579831523 3
1746004454475 0.501263689974684 4
1746004520404 0.4991582491582071 5
1746004585115 0.48894348894344886 6
1746004649687 0.5077452667813677 7
1746004715889 0.49224489795914345 8
1746004780925 0.5077319587628429 9
1746004847072 0.48969497114587884 10
1746004911357 0.4974533106960528 11
1746004976014 0.4979184013321817 12
1746005041414 0.4921810699588072 13
1746005106074 0.5020955574182312 14
1746005170723 0.48613376835232575 15
1746005235579 0.4811783960719737 16
1746005301474 0.4825119236883559 17
1746005366241 0.4880854560394011 18
1746005430080 0.4825628548255894 19
1746005495593 0.4814216478190241 20
1746005560047 0.4783306581059006 21
1746005624707 0.4841334418225806 22
1746005688614 0.47911547911543984 23
1746005752088 0.4829268292682534 24
1746005815785 0.4816625916870023 25
1746005879178 0.4885433715220549 26
1746005942804 0.4917491749174512 27
1746006007302 0.48482362592284783 28
1746006071929 0.4821138211381722 29
