1746004196237 0.2721575649059738 0
1746004259654 0.46374216651741595 1
1746004323754 0.5156669650850031 2
1746004389083 0.5192479856758712 3
1746004454475 0.5326768128916264 4
1746004520404 0.5308863025961924 5
1746004585115 0.5344673231870605 6
1746004649687 0.5282005371530413 7
1746004715889 0.5398388540733625 8
1746004780925 0.5290957923007583 9
1746004847072 0.5317815577439094 10
1746004911357 0.5246195165621732 11
1746004976014 0.5353625783347775 12
1746005041414 0.5353625783347775 13
1746005106074 0.5362578334824945 14
1746005170723 0.5335720680393434 15
1746005235579 0.5264100268576073 16
1746005301474 0.5434198746642307 17
1746005366241 0.5317815577439094 18
1746005430080 0.5326768128916264 19
1746005495593 0.5335720680393434 20
1746005560047 0.5335720680393434 21
1746005624707 0.5326768128916264 22
1746005688614 0.5237242614144563 23
1746005752088 0.5317815577439094 24
1746005815785 0.5290957923007583 25
1746005879178 0.5344673231870605 26
1746005942804 0.5335720680393434 27
1746006007302 0.5290957923007583 28
1746006071929 0.5308863025961924 29
