1746469935755 0.0 0
1746471966245 0.7063164617273947 1
1746474000313 0.7369913814347597 2
1746476032133 0.7139809330971363 3
1746478064654 0.7041219573086219 4
1746480092848 0.7489549119052038 5
1746482125027 0.7445799164081381 6
1746484154591 0.7329717356020133 7
1746486185183 0.7130197857960108 8
1746488214968 0.7471193725105476 9
1746490246697 0.7131860302081061 10
1746492278971 0.757801760618837 11
1746494306228 0.7327655961187041 12
1746496333811 0.7287974354795602 13
1746498364002 0.725764684197344 14
1746500391500 0.7446045741320089 15
