1745701636282 2e-05 0
1745701700974 2e-05 1
1745701765862 2e-05 2
1745701831305 8e-05 3
1745701896221 8e-05 4
1745701960959 8e-05 5
1745702025837 8e-05 6
1745702091867 8e-05 7
1745702160883 8e-05 8
1745702225364 8e-05 9
1745702292136 8e-05 10
1745702356243 8e-05 11
1745702420881 8e-05 12
1745702485481 8e-05 13
1745702549652 8e-05 14
1745702613705 6.400000000000001e-05 15
1745702677766 6.400000000000001e-05 16
1745702742327 5.120000000000001e-05 17
1745702806459 5.120000000000001e-05 18
1745702871169 4.0960000000000014e-05 19
1745702935724 4.0960000000000014e-05 20
1745702999763 3.276800000000001e-05 21
1745703064562 3.276800000000001e-05 22
1745703128847 2.6214400000000008e-05 23
1745703193461 2.6214400000000008e-05 24
1745703257546 2.097152000000001e-05 25
1745703322553 2.097152000000001e-05 26
1745703387393 1.6777216000000006e-05 27
1745703452814 1.6777216000000006e-05 28
1745703516939 1.3421772800000009e-05 29
