1745701637734 0.12125855149348844 0
1745701702391 0.4301364762137333 1
1745701767287 0.4830636300170009 2
1745701832732 0.5551154125965708 3
1745701897635 0.6118807911904545 4
1745701962404 0.6008475501646127 5
1745702027668 0.6001053054362384 6
1745702095011 0.6149625563644815 7
1745702162760 0.6152361564170303 8
1745702227621 0.6194693687673907 9
1745702293629 0.5746254563021037 10
1745702358378 0.6070085101757311 11
1745702422554 0.6121493336189532 12
1745702487023 0.6439852605645755 13
1745702551089 0.619187793380121 14
1745702615153 0.6191174807148782 15
1745702679760 0.6178891595961062 16
1745702743761 0.5975521320404313 17
1745702808375 0.6024682204673464 18
1745702873087 0.6082298050329265 19
1745702937156 0.6077278633466147 20
1745703001949 0.6119672363522807 21
1745703066223 0.6146532739382916 22
1745703130880 0.6161964939897187 23
1745703194918 0.6230942999503495 24
1745703259692 0.6135075027000148 25
1745703324628 0.6118023259054524 26
1745703390063 0.6218734382871645 27
1745703454264 0.6149107345027608 28
1745703519204 0.6199627484834794 29
