1745701637734 0.3835616437880856 0
1745701702391 0.6329555361313215 1
1745701767287 0.6687170474016277 2
1745701832732 0.7009674581733487 3
1745701897635 0.7102641835792679 4
1745701962404 0.7176622259921326 5
1745702027668 0.7109974424052964 6
1745702095011 0.728540304960865 7
1745702162760 0.724687634590249 8
1745702227621 0.7381165918781849 9
1745702293629 0.7058326288596479 10
1745702358378 0.7181034482258688 11
1745702422554 0.7283737023721393 12
1745702487023 0.7344434705897473 13
1745702551089 0.7292481529269456 14
1745702615153 0.7324429124877063 15
1745702679760 0.7260390160654285 16
1745702743761 0.721480843686559 17
1745702808375 0.7300215982221363 18
1745702873087 0.724063710668909 19
1745702937156 0.726092600555791 20
1745703001949 0.7220060526953481 21
1745703066223 0.7226746677597151 22
1745703130880 0.7195174493252775 23
1745703194918 0.7254647643252659 24
1745703259692 0.7246252676159844 25
1745703324628 0.7238095237595152 26
1745703390063 0.7315175096776214 27
1745703454264 0.728368488972826 28
1745703519204 0.7291487531744352 29
