1745701637734 0.12255085868929888 0
1745701702391 0.4116422098184568 1
1745701767287 0.4672336850639522 2
1745701832732 0.5407385805710179 3
1745701897635 0.602378016921329 4
1745701962404 0.5886222040763311 5
1745702027668 0.5841513086944063 6
1745702095011 0.6128169739848052 7
1745702162760 0.607747919226116 8
1745702227621 0.6407949570732161 9
1745702293629 0.5574491197485812 10
1745702358378 0.5972215196167038 11
1745702422554 0.598841003687286 12
1745702487023 0.6403220179917735 13
1745702551089 0.6089602358614993 14
1745702615153 0.6202971248076641 15
1745702679760 0.5920103440704672 16
1745702743761 0.5838637226207356 17
1745702808375 0.5861931577892896 18
1745702873087 0.5903437554696309 19
1745702937156 0.5908690122572984 20
1745703001949 0.596304533453667 21
1745703066223 0.5994004509893803 22
1745703130880 0.6018921745370616 23
1745703194918 0.6083099528846991 24
1745703259692 0.5927247079565929 25
1745703324628 0.5972413683747617 26
1745703390063 0.6085263937666727 27
1745703454264 0.5969630801370518 28
1745703519204 0.601511822911055 29
