1745701637734 0.49435028248580587 0
1745701702391 0.6168224299064896 1
1745701767287 0.6566005176876051 2
1745701832732 0.6888504753672697 3
1745701897635 0.6879194630871905 4
1745701962404 0.6900826446280421 5
1745702027668 0.6786004882017348 6
1745702095011 0.7096774193547785 7
1745702162760 0.6985049833886463 8
1745702227621 0.7394429469900503 9
1745702293629 0.6685348278622363 10
1745702358378 0.6924355777223031 11
1745702422554 0.7046025104601921 12
1745702487023 0.7193133047209683 13
1745702551089 0.708614864864805 14
1745702615153 0.705980066445124 15
1745702679760 0.6897663174858428 16
1745702743761 0.6948590381425626 17
1745702808375 0.7053422370617107 18
1745702873087 0.6973466003316171 19
1745702937156 0.7026800670016161 20
1745703001949 0.6981605351169985 21
1745703066223 0.6932565789473114 22
1745703130880 0.6935215946843277 23
1745703194918 0.7015050167223493 24
1745703259692 0.6945812807881203 25
1745703324628 0.7007544006705196 26
1745703390063 0.7073578595317134 27
1745703454264 0.7014925373133747 28
1745703519204 0.7014061207609015 29
