1745701637734 0.12281050717464741 0
1745701702391 0.4620075792075492 1
1745701767287 0.5237537791598265 2
1745701832732 0.5853218587342167 3
1745701897635 0.6555379932057508 4
1745701962404 0.6474726187852203 5
1745702027668 0.665244900840752 6
1745702095011 0.6374058657942393 7
1745702162760 0.6459552796610354 8
1745702227621 0.6409406534867338 9
1745702293629 0.6297225735635591 10
1745702358378 0.6318388688850105 11
1745702422554 0.6695767319692632 12
1745702487023 0.6607277959373452 13
1745702551089 0.6651441717095878 14
1745702615153 0.6467831298777716 15
1745702679760 0.6741478614460442 16
1745702743761 0.6357660035518173 17
1745702808375 0.6420338670592867 18
1745702873087 0.6615807872583522 19
1745702937156 0.6599086857197557 20
1745703001949 0.6558030524339047 21
1745703066223 0.6671362580739694 22
1745703130880 0.6603964099088948 23
1745703194918 0.6614790526356609 24
1745703259692 0.6657281689302597 25
1745703324628 0.657513954383045 26
1745703390063 0.6677122205085504 27
1745703454264 0.6653447630259657 28
1745703519204 0.6709027134250635 29
