1746696223350 0.27962716374346275 0
1746696352891 0.7527067994302822 1
1746696482989 0.811643835566464 2
1746696613132 0.8803156509801938 3
1746696744234 0.9074472664157722 4
1746696874618 0.9376382131299329 5
1746697005061 0.9454705364494925 6
1746697135213 0.9567519858281249 7
1746697267563 0.9680284191328656 8
1746697397637 0.9729729729228919 9
1746697528047 0.971781305064564 10
1746697658226 0.9808633733366523 11
1746697788815 0.9760850309508049 12
1746697917395 0.9808803912349304 13
1746698045001 0.9831709476912827 14
1746698174173 0.9870939029316672 15
1746698305909 0.9826435246495135 16
1746698415326 0.9870824052951247 17
1746698541636 0.9871053801188785 18
1746698660912 0.9888740542445287 19
