1746694102740 2e-05 0
1746694351936 4e-05 1
1746694597525 6.000000000000001e-05 2
1746694845426 8e-05 3
1746695094848 8e-05 4
1746695343043 8e-05 5
1746695589288 8e-05 6
1746695835052 8e-05 7
1746696079365 8e-05 8
1746696313418 8e-05 9
1746696559245 8e-05 10
1746696808049 8e-05 11
1746697053045 8e-05 12
1746697297789 8e-05 13
1746697540308 8e-05 14
1746697783554 6.400000000000001e-05 15
1746698029628 6.400000000000001e-05 16
1746698277642 5.120000000000001e-05 17
1746698523848 5.120000000000001e-05 18
1746698768698 4.0960000000000014e-05 19
1746699016467 4.0960000000000014e-05 20
1746699259050 3.276800000000001e-05 21
1746699506605 3.276800000000001e-05 22
1746699753208 2.6214400000000008e-05 23
1746699999410 2.6214400000000008e-05 24
1746700246799 2.097152000000001e-05 25
1746700492679 2.097152000000001e-05 26
1746700740489 1.6777216000000006e-05 27
1746700986643 1.6777216000000006e-05 28
1746701235273 1.3421772800000009e-05 29
