1746694105777 0.42933333333327606 0
1746694354883 0.7100456621004025 1
1746694600428 0.7423014586709284 2
1746694849268 0.7488038277511364 3
1746695098310 0.7631792376317305 4
1746695346482 0.7648535564852916 5
1746695592478 0.7736928104574531 6
1746695838562 0.784539473684146 7
1746696083043 0.7631578947367812 8
1746696317186 0.7869674185463001 9
1746696563326 0.794368600682526 10
1746696812282 0.745192307692248 11
1746697056172 0.7595450852964452 12
1746697300665 0.783513738551142 13
1746697543934 0.774979009235871 14
1746697787189 0.7670781893003483 15
1746698032451 0.7740345110927876 16
1746698280764 0.7752902155886587 17
1746698526723 0.773507767784074 18
1746698772484 0.7676685621445355 19
1746699020031 0.7620578778134436 20
1746699262279 0.7701711491441915 21
1746699510345 0.7835820895521738 22
1746699756298 0.7725040916529646 23
1746700003645 0.7762408462163729 24
1746700250048 0.7740345110927876 25
1746700495403 0.7704248366012442 26
1746700743950 0.7745098039215054 27
1746700990205 0.7642740619901497 28
1746701238592 0.7644661776690493 29
