1746694105777 0.11421569732903317 0
1746694354883 0.7309264516627834 1
1746694600428 0.7326187233096575 2
1746694849268 0.7849579199753672 3
1746695098310 0.7697615813249759 4
1746695346482 0.7646035744702578 5
1746695592478 0.7865100788722863 6
1746695838562 0.7898373349971031 7
1746696083043 0.8005992424708285 8
1746696317186 0.7886566470201607 9
1746696563326 0.7844641037540426 10
1746696812282 0.775476346711331 11
1746697056172 0.782358375321846 12
1746697300665 0.7873737224947158 13
1746697543934 0.7650078436375899 14
1746697787189 0.7689101452862422 15
1746698032451 0.7888839556553406 16
1746698280764 0.7787511695513716 17
1746698526723 0.7934006842261792 18
1746698772484 0.7894270749894272 19
1746699020031 0.7950000290356467 20
1746699262279 0.7891164585646911 21
1746699510345 0.7895046177001024 22
1746699756298 0.7874085764550299 23
1746700003645 0.7927912497857854 24
1746700250048 0.786023277169295 25
1746700495403 0.7862262404329441 26
1746700743950 0.7881870030589245 27
1746700990205 0.7829502168176445 28
1746701238592 0.78427422400256 29
