1745751004213 2e-05 0
1745751105465 2e-05 1
1745751207886 2e-05 2
1745751310319 8e-05 3
1745751411053 8e-05 4
1745751513714 8e-05 5
1745751615152 8e-05 6
1745751715909 8e-05 7
1745751816881 8e-05 8
1745751918104 8e-05 9
1745752019149 8e-05 10
1745752123032 8e-05 11
1745752225194 8e-05 12
1745752327402 8e-05 13
1745752429376 8e-05 14
1745752531356 6.400000000000001e-05 15
1745752633441 6.400000000000001e-05 16
1745752735855 5.120000000000001e-05 17
1745752838609 5.120000000000001e-05 18
1745752941508 4.0960000000000014e-05 19
1745753047101 4.0960000000000014e-05 20
1745753150686 3.276800000000001e-05 21
1745753255251 3.276800000000001e-05 22
