1745751004213 0.8177395967336801 0
1745751105465 0.32163477259186596 1
1745751207886 0.2419964264218624 2
1745751310319 0.26280203031805843 3
1745751411053 0.21053251538139123 4
1745751513714 0.13643496512220457 5
1745751615152 0.0962870054376813 6
1745751715909 0.0844777929238402 7
1745751816881 0.06690304282193 8
1745751918104 0.059470519029463716 9
1745752019149 0.03578787762671709 10
1745752123032 0.025810281405798517 11
1745752225194 0.023134293088402886 12
1745752327402 0.035681508329267114 13
1745752429376 0.023764201439917088 14
1745752531356 0.021772282520452373 15
1745752633441 0.01315962932466601 16
1745752735855 0.008175681710082035 17
1745752838609 0.003891027225808312 18
1745752941508 0.002767260838132083 19
1745753047101 0.001804158034456822 20
1745753150686 0.0012112706675767326 21
1745753255251 0.000972850275642346 22
