1745751006492 0.2742304478632672 0
1745751107721 0.4854693484397147 1
1745751210141 0.5629029248446392 2
1745751312524 0.59091226905421 3
1745751413360 0.6345831475281756 4
1745751515957 0.5984089342304713 5
1745751617350 0.5927821887589884 6
1745751718141 0.614261015900957 7
1745751819261 0.6617932310639804 8
1745751920367 0.6255737756651871 9
1745752021518 0.6798199647193497 10
1745752125346 0.6214948165367423 11
1745752227490 0.628527676301476 12
1745752329666 0.7165680185192959 13
1745752431624 0.6503844671369817 14
1745752533591 0.6542927695863923 15
1745752636110 0.6751657398319497 16
1745752737891 0.6828377576037956 17
1745752841159 0.6859586067036564 18
1745752944457 0.7069487936258417 19
1745753049827 0.6886722412109164 20
1745753153059 0.7228299819968569 21
1745753257496 0.7124411780558437 22
