1745751006492 0.37931366293395696 0
1745751107721 0.6018204922784348 1
1745751210141 0.6954176372750734 2
1745751312524 0.6448133930532441 3
1745751413360 0.6892175793358452 4
1745751515957 0.7309276432687782 5
1745751617350 0.7622771919883711 6
1745751718141 0.748035800023109 7
1745751819261 0.6872474616099958 8
1745751920367 0.7371588922466589 9
1745752021518 0.7141432583686043 10
1745752125346 0.7325391606736156 11
1745752227490 0.749328319658428 12
1745752329666 0.7505719783213138 13
1745752431624 0.7207061071464922 14
1745752533591 0.7294520295647635 15
1745752636110 0.7455489891768495 16
1745752737891 0.7741911241329352 17
1745752841159 0.7659510016249685 18
1745752944457 0.7634464460561728 19
1745753049827 0.7664974548052744 20
1745753153059 0.7649372480776072 21
1745753257496 0.7783930514598266 22
