1745751006492 0.5837063563114965 0
1745751107721 0.7215756490599174 1
1745751210141 0.8003581020590151 2
1745751312524 0.6651745747537453 3
1745751413360 0.7708146821843536 4
1745751515957 0.8066248880930343 5
1745751617350 0.8245299910473747 6
1745751718141 0.8236347358996576 7
1745751819261 0.7743957027752216 8
1745751920367 0.792300805729562 9
1745752021518 0.8066248880930343 10
1745752125346 0.7869292748432599 11
1745752227490 0.8209489704565066 12
1745752329666 0.790510295434128 13
1745752431624 0.7645478961503344 14
1745752533591 0.7538048343777302 15
1745752636110 0.8075201432407513 16
1745752737891 0.8227394807519406 17
1745752841159 0.8173679498656385 18
1745752944457 0.8155774395702045 19
1745753049827 0.8191584601610725 20
1745753153059 0.8146821844224874 21
1745753257496 0.8218442256042237 22
