1745738767814 0.12160764454273137 0
1745738832483 0.4358977475631462 1
1745738897778 0.546951369002088 2
1745738962520 0.5788956980618184 3
1745739026608 0.6164518412398555 4
1745739091341 0.6291192826609352 5
1745739155488 0.5989992861110941 6
1745739219772 0.6466082211513354 7
1745739287737 0.6283403468117323 8
1745739353284 0.636513463510848 9
1745739418398 0.6264122867991975 10
1745739482153 0.6398120019530111 11
1745739546332 0.6159504000856635 12
1745739610473 0.6067199427252429 13
1745739674835 0.5980321537253809 14
1745739738959 0.606526110634681 15
1745739803144 0.6152886422921989 16
1745739867127 0.6193316125330159 17
1745739931092 0.621002131775342 18
1745739995025 0.6135813231017677 19
1745740059075 0.6142259476506556 20
1745740123792 0.6216609508177166 21
1745740187939 0.6186795042998615 22
1745740252042 0.6186175191393368 23
1745740316144 0.6207121089104388 24
1745740380408 0.6202069875461942 25
1745740444505 0.6228947009423087 26
1745740508590 0.6259327477410631 27
1745740572694 0.6187324006291536 28
1745740636793 0.6246201150927979 29
