1745830878120 0.4951724137930351 0
1745830940142 0.6867768595040754 1
1745831002190 0.7463706233987407 2
1745831063644 0.7827225130889369 3
1745831126252 0.7557251908396305 4
1745831188294 0.7638773819386276 5
1745831250303 0.7786131996657661 6
1745831312289 0.7689768976897055 7
1745831373574 0.7632221318144212 8
1745831434912 0.7954353338968051 9
1745831497173 0.772317772317709 10
1745831558468 0.770303527481479 11
1745831619798 0.7691680261010791 12
1745831681159 0.7576243980737755 13
1745831742502 0.745483110761921 14
1745831803878 0.7647058823528795 15
1745831865552 0.7795341098169069 16
1745831927129 0.769480519480457 17
1745831988433 0.7770382695506841 18
1745832049971 0.7786952931460959 19
1745832111613 0.7623682076236202 20
1745832172899 0.786952931461537 21
1745832234771 0.7655618431688952 22
1745832296065 0.7676685621445355 23
1745832357385 0.7700404858298971 24
1745832418721 0.772986167615885 25
1745832480045 0.7746938775509571 26
1745832541426 0.7635189669087358 27
1745832603094 0.7677261613691305 28
1745832664482 0.7697959183672841 29
