1746611501321 0.0 0
1746611627317 0.0 1
1746611754000 0.11682242988389462 2
1746611882466 0.31815747183191934 3
1746612128344 0.7731305449437553 4
1746612374071 0.7838858581121104 5
1746612620676 0.807182556598172 6
1746612867133 0.8005159070867247 7
1746613111235 0.7932773108744913 8
1746613356496 0.8012152777277544 9
1746613602377 0.7927087748546938 10
1746613847578 0.7960750852742742 11
1746614096466 0.7906976743686912 12
1746614342634 0.7939317319349338 13
1746614587452 0.7986348122367314 14
1746614830902 0.8046471600188526 15
1746615074142 0.8025751072461532 16
1746615317974 0.798462852213061 17
1746615561692 0.8141053547605891 18
1746615808726 0.8127696289405044 19
1746616054545 0.8051172707389559 20
1746616299250 0.8161859663727322 21
1746616546630 0.8109043703524085 22
1746616791739 0.8049828178194282 23
1746617040197 0.8058419243486377 24
1746617281967 0.8039299444182118 25
1746617520801 0.8117190865506034 26
1746617764105 0.8091537132487837 27
1746618006134 0.8139835994320828 28
1746618246885 0.8105308588192217 29
