1746611501321 0.0 0
1746611627317 0.0 1
1746611754000 0.03169230768563415 2
1746611882466 0.12400484096334821 3
1746612128344 0.5900280150923631 4
1746612374071 0.7097898532765761 5
1746612620676 0.7506245302791855 6
1746612867133 0.7071179045884338 7
1746613111235 0.7097487275396621 8
1746613356496 0.7207893591126215 9
1746613602377 0.7014566439004921 10
1746613847578 0.6949386317816992 11
1746614096466 0.708958010386618 12
1746614342634 0.7219839285738424 13
1746614587452 0.7061637500799578 14
1746614830902 0.7250877091093044 15
1746615074142 0.7249018695136262 16
1746615317974 0.7186858018714233 17
1746615561692 0.7428441165755582 18
1746615808726 0.7372261071042308 19
1746616054545 0.7284536166181389 20
1746616299250 0.741442387559662 21
1746616546630 0.7328662763944279 22
1746616791739 0.7268005756515967 23
1746617040197 0.7325812585811078 24
1746617281967 0.7300566910451671 25
1746617520801 0.7322560933056577 26
1746617764105 0.7300018727649962 27
1746618006134 0.7405040506123388 28
1746618246885 0.7324948788502363 29
