1745701627452 2e-05 0
1745701691389 2e-05 1
1745701755703 2e-05 2
1745701822158 8e-05 3
1745701888040 8e-05 4
1745701952463 8e-05 5
1745702016741 8e-05 6
1745702081932 8e-05 7
1745702147101 8e-05 8
1745702211535 8e-05 9
1745702274906 8e-05 10
1745702338014 8e-05 11
1745702401694 8e-05 12
1745702465099 8e-05 13
1745702528542 8e-05 14
1745702591614 6.400000000000001e-05 15
1745702655379 6.400000000000001e-05 16
1745702718467 5.120000000000001e-05 17
1745702782168 5.120000000000001e-05 18
1745702845535 4.0960000000000014e-05 19
1745702909798 4.0960000000000014e-05 20
1745702973374 3.276800000000001e-05 21
1745703036609 3.276800000000001e-05 22
1745703100660 2.6214400000000008e-05 23
1745703163724 2.6214400000000008e-05 24
1745703226761 2.097152000000001e-05 25
1745703289851 2.097152000000001e-05 26
1745703352878 1.6777216000000006e-05 27
1745703416012 1.6777216000000006e-05 28
1745703479109 1.3421772800000009e-05 29
