1745701628899 0.12071485042068503 0
1745701692825 0.4168075622281232 1
1745701757393 0.5316248025633485 2
1745701823706 0.5840972412472437 3
1745701889485 0.6179887292878714 4
1745701953929 0.627080622617161 5
1745702018274 0.6189668592855053 6
1745702083735 0.6206937046857107 7
1745702148570 0.6396458165559576 8
1745702213110 0.6193711231074255 9
1745702276351 0.6282916746729753 10
1745702339485 0.6263287502579188 11
1745702403150 0.6080200362425658 12
1745702466827 0.6105491753537293 13
1745702530001 0.6016839133143337 14
1745702593795 0.5787664334246428 15
1745702656853 0.6033176965518352 16
1745702719956 0.6428570236812926 17
1745702783693 0.6117569330323346 18
1745702847229 0.6038341537558864 19
1745702911258 0.6026739531912756 20
1745702974811 0.6030872536061997 21
1745703038827 0.6057374322571359 22
1745703102111 0.6108697905946545 23
1745703165159 0.6017789878863774 24
1745703228259 0.617431904579971 25
1745703291294 0.607580541732247 26
1745703354315 0.5831742644708728 27
1745703417459 0.5949339777403783 28
1745703480565 0.611136559435912 29
