1745701628899 0.49115646258496715 0
1745701692825 0.6313088109494754 1
1745701757393 0.702654867256575 2
1745701823706 0.692567567567509 3
1745701889485 0.7182608695651549 4
1745701953929 0.7258485639686052 5
1745702018274 0.7063688999172285 6
1745702083735 0.7158798283261187 7
1745702148570 0.7179269328801429 8
1745702213110 0.7157360406090765 9
1745702276351 0.7173356105891787 10
1745702339485 0.7137901127492876 11
1745702403150 0.7145299145298535 12
1745702466827 0.6987551867219337 13
1745702530001 0.7067796610168893 14
1745702593795 0.6701112877582933 15
1745702656853 0.7074198988195018 16
1745702719956 0.7234589041095271 17
1745702783693 0.7116357504215252 18
1745702847229 0.7016528925619254 19
1745702911258 0.7084745762711264 20
1745702974811 0.7095959595958998 21
1745703038827 0.7047539616346368 22
1745703102111 0.708648194794231 23
1745703165159 0.6970198675496111 24
1745703228259 0.7050420168066635 25
1745703291294 0.704450041981469 26
1745703354315 0.7005033557046392 27
1745703417459 0.7023411371236871 28
1745703480565 0.7076663858466127 29
