1745701628899 0.3231871083258439 0
1745701692825 0.6606982990151602 1
1745701757393 0.7108325872873132 2
1745701823706 0.7341092211279557 3
1745701889485 0.7394807520142579 4
1745701953929 0.746642793195994 5
1745702018274 0.7645478961503344 6
1745702083735 0.746642793195994 7
1745702148570 0.7564905998208812 8
1745702213110 0.7573858549685982 9
1745702276351 0.7520143240822961 10
1745702339485 0.7367949865711068 11
1745702403150 0.748433303491428 12
1745702466827 0.7538048343777302 13
1745702530001 0.746642793195994 14
1745702593795 0.7547000895254472 15
1745702656853 0.7511190689345791 16
1745702719956 0.7564905998208812 17
1745702783693 0.7555953446731642 18
1745702847229 0.7600716204117492 19
1745702911258 0.748433303491428 20
1745702974811 0.7547000895254472 21
1745703038827 0.7564905998208812 22
1745703102111 0.7555953446731642 23
1745703165159 0.7538048343777302 24
1745703228259 0.7511190689345791 25
1745703291294 0.7511190689345791 26
1745703354315 0.7475380483437111 27
1745703417459 0.7520143240822961 28
1745703480565 0.7520143240822961 29
