1745847896864 2e-05 0
1745847961672 2e-05 1
1745848028429 2e-05 2
1745848093683 6.000000000000001e-05 3
1745848158385 6.000000000000001e-05 4
1745848224069 6.000000000000001e-05 5
1745848288888 6.000000000000001e-05 6
1745848353744 6.000000000000001e-05 7
1745848418459 6.000000000000001e-05 8
1745848484827 6.000000000000001e-05 9
1745848549618 6.000000000000001e-05 10
1745848614420 6.000000000000001e-05 11
1745848679558 6.000000000000001e-05 12
1745848745022 6.000000000000001e-05 13
1745848810142 6.000000000000001e-05 14
1745848874775 4.800000000000001e-05 15
1745848939835 4.800000000000001e-05 16
1745849004976 3.840000000000001e-05 17
1745849069954 3.840000000000001e-05 18
1745849135436 3.072000000000001e-05 19
1745849200195 3.072000000000001e-05 20
1745849264816 2.4576000000000003e-05 21
1745849331660 2.4576000000000003e-05 22
1745849397227 1.9660800000000007e-05 23
1745849463287 1.9660800000000007e-05 24
1745849528089 1.5728640000000007e-05 25
1745849592741 1.5728640000000007e-05 26
1745849657887 1.2582912000000006e-05 27
1745849722703 1.2582912000000006e-05 28
1745849788508 1.0066329600000006e-05 29
