1745847898162 0.23191134286102189 0
1745847962701 0.3974537860840676 1
1745848029481 0.40310163138529825 2
1745848094677 0.4323618401356541 3
1745848160068 0.440867129307659 4
1745848225100 0.47289419737597044 5
1745848289887 0.4713974490989268 6
1745848354754 0.4675214790554461 7
1745848419678 0.47272908800614183 8
1745848485853 0.45945028038582514 9
1745848550612 0.4613433455535406 10
1745848616014 0.4730506054519791 11
1745848680587 0.46136973084407956 12
1745848746635 0.46393829649692003 13
1745848811287 0.4681539412940675 14
1745848876352 0.47077683601552384 15
1745848940848 0.4748422931663233 16
1745849006084 0.46943462688917886 17
1745849071678 0.47203467256043674 18
1745849136506 0.46615352518831593 19
1745849201197 0.4720300664468521 20
1745849266785 0.4683998543577139 21
1745849333532 0.4686719957103972 22
1745849398868 0.46737372021915047 23
1745849464480 0.4688277983623304 24
1745849529104 0.4686146839759893 25
1745849594149 0.46489495231227573 26
1745849658968 0.475747668934468 27
1745849724858 0.47038130046393056 28
1745849790156 0.4743402649741072 29
