1746471963820 707.5790121895926 0
1746472047519 366.4257849868463 1
1746472130994 348.46995419872053 2
1746472214695 338.40796085279817 3
1746472339910 265.52417661705795 4
1746472465207 179.31164753193758 5
1746472589217 137.011010539775 6
1746472714632 108.22047883637097 7
1746472839118 87.5765492964764 8
1746472963721 71.31248602575185 9
1746473090390 58.10158725660674 10
1746473215256 49.08892553679797 11
1746473339761 41.58655071258545 12
1746473464417 35.454092531788106 13
1746473589202 30.59477679583491 14
1746473714102 24.57573249388714 15
1746473838537 20.484844587287125 16
1746473964500 17.10651143716306 17
1746474089060 14.989382296192403 18
1746474213915 12.835165481178128 19
1746474340045 11.275291676423988 20
1746474465089 9.923056952807368 21
1746474589595 9.11130191841904 22
1746474714172 8.187664927268514 23
1746474839037 7.569989257929277 24
1746474963621 6.963011916802854 25
1746475088443 6.372022312514636 26
1746475218146 5.935891759638884 27
1746475347636 5.816574943308928 28
1746475472230 5.383154771765884 29
