1746471966918 0.0 0
1746472050206 0.0 1
1746472133693 0.0 2
1746472217398 0.0 3
1746472342456 0.06810551553777877 4
1746472467770 0.050903119818976744 5
1746472592396 0.028962817954700848 6
1746472717162 0.04831358244773328 7
1746472841663 0.04216867464886654 8
1746472966759 0.032056990154807126 9
1746473093249 0.031180400840867015 10
1746473218054 0.038158440431394484 11
1746473342297 0.033712600034450216 12
1746473467250 0.02449979578541807 13
1746473591745 0.036642522319094456 14
1746473716770 0.02974925621871864 15
1746473841372 0.03571428566440853 16
1746473967021 0.041666666616902395 17
1746474091612 0.03202697003023629 18
1746474217340 0.04107830546999091 19
1746474342930 0.03285593929305233 20
1746474467649 0.0361041141399465 21
1746474592152 0.03906581735989514 22
1746474716916 0.03478998722208908 23
1746474841576 0.03639441383080611 24
1746474966434 0.035623409619346444 25
1746475092420 0.03849372379958219 26
1746475221535 0.03644067791624113 27
1746475350169 0.03542808936391343 28
1746475474894 0.035788597536594725 29
