1746471966918 0.0 0
1746472050206 0.0 1
1746472133693 0.0 2
1746472217398 0.0 3
1746472342456 0.013753022198827349 4
1746472467770 0.013449961072589474 5
1746472592396 0.006990102189793877 6
1746472717162 0.010990465208340787 7
1746472841663 0.01432672485877675 8
1746472966759 0.007671042759089046 9
1746473093249 0.007203665149983222 10
1746473218054 0.015335064285792507 11
1746473342297 0.008456354519466917 12
1746473467250 0.007113120470456356 13
1746473591745 0.014054004504232897 14
1746473716770 0.010153039296558768 15
1746473841372 0.022706497587959566 16
1746473967021 0.017607825957515394 17
1746474091612 0.01226401594977092 18
1746474217340 0.019384307835401342 19
1746474342930 0.012615935525239997 20
1746474467649 0.016333633518054228 21
1746474592152 0.016982048627974165 22
1746474716916 0.01442983754750193 23
1746474841576 0.013230671575610723 24
1746474966434 0.01480417079352355 25
1746475092420 0.017420223587515007 26
1746475221535 0.014586811089345815 27
1746475350169 0.01440402367931176 28
1746475474894 0.01508698883679043 29
