1746471966918 0.0 0
1746472050206 0.0 1
1746472133693 0.0 2
1746472217398 0.0 3
1746472342456 0.022961158845041966 4
1746472467770 0.022780345374941783 5
1746472592396 0.010721188670384138 6
1746472717162 0.015820949102576826 7
1746472841663 0.016752531546369458 8
1746472966759 0.008459384881867621 9
1746473093249 0.007487950024554736 10
1746473218054 0.019445711171594708 11
1746473342297 0.008502766342800866 12
1746473467250 0.007167985927876698 13
1746473591745 0.014097144289079334 14
1746473716770 0.011567305045513721 15
1746473841372 0.02168126515945408 16
1746473967021 0.018617489649115526 17
1746474091612 0.012102575464365831 18
1746474217340 0.017753707952889677 19
1746474342930 0.012305538728015058 20
1746474467649 0.015659803616243625 21
1746474592152 0.016268693407191306 22
1746474716916 0.013790553273713427 23
1746474841576 0.01388586337627562 24
1746474966434 0.013993516537362655 25
1746475092420 0.016268693407191306 26
1746475221535 0.014196479801011882 27
1746475350169 0.013993516537362655 28
1746475474894 0.015659803616243625 29
