1746746575098 1.2093026342958506 0
1746746643927 0.4668477350237346 1
1746746708673 0.26438836089455253 2
1746746774893 0.20242689874502692 3
1746746839799 0.15775075813036155 4
1746746904538 0.13206609899159705 5
1746746970010 0.10484055341175287 6
1746747039775 0.08510058395343252 7
1746747166109 0.06842688980078933 8
1746747282585 0.05844507143270261 9
1746747409372 0.04731855746174213 10
1746747499178 0.04102728928964917 11
1746747564290 0.03788058764052273 12
1746747630564 0.03221343022466886 13
1746747705762 0.024896741844713688 14
1746747773233 0.0226061133861468 15
1746747837679 0.017429773552841185 16
1746747903130 0.013871272670861223 17
1746747967508 0.012879609572931681 18
1746748031829 0.013292688360013584 19
