1746746576815 0.2519768054338919 0
1746746645045 0.720624486392349 1
1746746710160 0.81999999994997 2
1746746775834 0.8523872097615997 3
1746746840918 0.8811493251567523 4
1746746905682 0.9184925503443325 5
1746746970935 0.9143101970365602 6
1746747042655 0.9366319443944092 7
1746747173613 0.9512411347016934 8
1746747287510 0.9533362406826146 9
1746747411736 0.9577464788231692 10
1746747500764 0.9556737588151681 11
1746747565857 0.97147950084118 12
1746747631539 0.9705235371254681 13
1746747708158 0.9777382011965751 14
1746747774354 0.9691629955446408 15
1746747839348 0.9329782511705154 16
1746747904274 0.9517543859148492 17
1746747968630 0.9426585577258088 18
1746748033217 0.9734748010109294 19
