1746746576815 0.05498600742522264 0
1746746645045 0.476235432995351 1
1746746710160 0.6241407261783964 2
1746746775834 0.7975314392594619 3
1746746840918 0.8100145778733476 4
1746746905682 0.8899632042913941 5
1746746970935 0.8614389880341787 6
1746747042655 0.901988850497993 7
1746747173613 0.9257465477605312 8
1746747287510 0.9139375994230983 9
1746747411736 0.9159536141037864 10
1746747500764 0.9032397540150535 11
1746747565857 0.944485451859009 12
1746747631539 0.9180093863652599 13
1746747708158 0.9573239945257964 14
1746747774354 0.9227721693376456 15
1746747839348 0.9060874487861038 16
1746747904274 0.8995878047916188 17
1746747968630 0.8776490687423535 18
1746748033217 0.9463044880219249 19
