1746746576815 0.07538205955085533 0
1746746645045 0.5852426027829082 1
1746746710160 0.7038112924110321 2
1746746775834 0.8046356398176651 3
1746746840918 0.8732856478389392 4
1746746905682 0.9208424219950283 5
1746746970935 0.9457797777120588 6
1746747042655 0.9661292860363863 7
1746747173613 0.9637904858078552 8
1746747287510 0.9722180574828166 9
1746747411736 0.9751087004428816 10
1746747500764 0.9675262121607585 11
1746747565857 0.9705005676660645 12
1746747631539 0.9889004032586917 13
1746747708158 0.9820805820100235 14
1746747774354 0.9858994109188604 15
1746747839348 0.9587427698015052 16
1746747904274 0.9738864667048834 17
1746747968630 0.9721629117380334 18
1746748033217 0.9815444208942325 19
