1745701635719 1.058969406449065 0
1745701700694 0.44157540630929326 1
1745701765547 0.2947724063177498 2
1745701832170 0.23880807614448119 3
1745701897489 0.17377456847806366 4
1745701962309 0.1360581399378728 5
1745702027635 0.10890291482970423 6
1745702093227 0.08721879641620481 7
1745702160996 0.06894587921168731 8
1745702225234 0.057139537354208986 9
1745702290714 0.04809551697452458 10
1745702354849 0.04119505676231822 11
1745702419425 0.03588905447751892 12
1745702483810 0.029123099492292623 13
1745702548280 0.026871026740694533 14
1745702612971 0.021821381571721667 15
1745702677057 0.017020120494523828 16
1745702741191 0.01289722503505039 17
1745702806312 0.010350753662499542 18
1745702870697 0.009634509483086211 19
1745702934810 0.008083211288939476 20
1745702999833 0.007474146531514672 21
1745703064371 0.006778766113637509 22
1745703128312 0.00586037789423931 23
1745703192847 0.005454247577439005 24
1745703256951 0.005263135459616172 25
1745703321833 0.0048235396483951075 26
1745703386045 0.004397503217938832 27
1745703450231 0.0041495576377349845 28
1745703514426 0.00384439546163479 29
