1745701637427 0.12027637781986002 0
1745701702121 0.40131282379187844 1
1745701767529 0.4847385457497183 2
1745701834107 0.6086932932622617 3
1745701898903 0.5893459060530387 4
1745701964116 0.601767589540747 5
1745702029281 0.561283530824962 6
1745702094938 0.6510061530931203 7
1745702162671 0.6419390938121974 8
1745702227634 0.614657886274088 9
1745702292202 0.5997584787120565 10
1745702356315 0.6379928323053333 11
1745702420911 0.609859792494999 12
1745702485636 0.6159703097875097 13
1745702550414 0.6260422386197454 14
1745702614448 0.6032657161093934 15
1745702678725 0.6191178056113719 16
1745702742608 0.6357809478124014 17
1745702807993 0.6089996369280122 18
1745702872169 0.623539549950393 19
1745702937245 0.61760994264671 20
1745703001871 0.6233817852640325 21
1745703065792 0.615085107063863 22
1745703130368 0.6328205331433998 23
1745703194304 0.6113733503555524 24
1745703258927 0.6201933041974746 25
1745703323344 0.6201341403645126 26
1745703387503 0.6228604070454252 27
1745703451663 0.624962035840328 28
1745703516375 0.622833409919315 29
