1745701637427 0.3410922112801843 0
1745701702121 0.6580125335720091 1
1745701767529 0.7036705461055771 2
1745701834107 0.7197851387644835 3
1745701898903 0.7341092211279557 4
1745701964116 0.7529095792300131 5
1745702029281 0.7403760071619748 6
1745702094938 0.7448522829005599 7
1745702162671 0.7654431512980514 8
1745702227634 0.7502238137868621 9
1745702292202 0.7448522829005599 10
1745702356315 0.7547000895254472 11
1745702420911 0.748433303491428 12
1745702485636 0.7654431512980514 13
1745702550414 0.7538048343777302 14
1745702614448 0.7520143240822961 15
1745702678725 0.7538048343777302 16
1745702742608 0.7564905998208812 17
1745702807993 0.7582811101163153 18
1745702872169 0.7573858549685982 19
1745702937245 0.7582811101163153 20
1745703001871 0.7582811101163153 21
1745703065792 0.7600716204117492 22
1745703130368 0.7600716204117492 23
1745703194304 0.7609668755594663 24
1745703258927 0.7600716204117492 25
1745703323344 0.7573858549685982 26
1745703387503 0.7609668755594663 27
1745703451663 0.7618621307071833 28
1745703516375 0.7609668755594663 29
