1745702018876 0.3030303029848238 0
1745702082430 0.6821015137522559 1
1745702147861 0.7275132274631746 2
1745702212325 0.7562662056544023 3
1745702276780 0.7821953327071226 4
1745702340419 0.7941176470088117 5
1745702404260 0.7967409948042222 6
1745702468353 0.8093790707272217 7
1745702532388 0.7967891845719748 8
1745702595401 0.8103225805951682 9
1745702659545 0.807182556598172 10
1745702722271 0.7850858818102151 11
1745702785561 0.8129870129369966 12
1745702849548 0.7832285114805332 13
1745702912727 0.8090869374772628 14
1745702975366 0.8109043703524085 15
1745703039151 0.8072133962574419 16
1745703102271 0.8148781530068929 17
1745703165308 0.8159722221721976 18
1745703228796 0.8075439347978562 19
1745703292282 0.8185361627910385 20
1745703356493 0.8149741823940667 21
1745703420375 0.8114091102097357 22
1745703483066 0.8172871201896504 23
1745703545632 0.8147186146685983 24
1745703608808 0.8117797694762874 25
1745703672750 0.8067444876283284 26
1745703735877 0.8127421437295987 27
1745703799077 0.8102253032428754 28
1745703862121 0.8134424816389273 29
