1746780548186 447.81182767906967 0
1746780674585 196.18615465748067 1
1746780800834 105.1642853094607 2
1746780927018 69.55827938780493 3
1746781046592 49.403184618268696 4
1746781140620 37.67707258341264 5
1746781235811 30.514676930953044 6
1746781341493 23.174374882055787 7
1746781466496 18.94754597605491 8
1746781592168 15.92572205407279 9
1746781716403 12.941611786277926 10
1746781840394 11.445868881381287 11
1746781965286 9.12092467716762 12
1746782092266 7.753578302811603 13
1746782219515 7.366228380981757 14
1746782343702 5.662300873775871 15
1746782468191 4.323346391016123 16
1746782592188 3.2748966192712587 17
1746782719768 2.704792543333404 18
1746782843639 2.359436257761352 19
1746782974258 1.9216279399638274 20
1746783100085 1.8151067471017643 21
1746783228755 1.5898045319683698 22
1746783356845 1.386771756775525 23
1746783483062 1.230856517747957 24
1746783606641 1.1946434305638682 25
1746783734743 1.0390253912429421 26
1746783860712 0.9260655836183198 27
1746783991089 0.9631960805581541 28
1746784104498 0.8710086783584283 29
