1746780551781 0.0194017784788394 0
1746780677622 0.5043754971661728 1
1746780803673 0.7161125319193624 2
1746780929620 0.766194766144787 3
1746781048532 0.7852604827963297 4
1746781143894 0.7946505607782974 5
1746781237735 0.787441663081168 6
1746781344643 0.8127455259211517 7
1746781470329 0.807792207742192 8
1746781595312 0.803223070348713 9
1746781719097 0.7763819094978816 10
1746781843294 0.7866497675884522 11
1746781968517 0.7825719119636214 12
1746782095995 0.790227464145558 13
1746782222042 0.8071216616711401 14
1746782346997 0.8042553190989896 15
1746782470725 0.8090948090448262 16
1746782595748 0.7933673468888338 17
1746782722307 0.7812103258070443 18
1746782846667 0.8095849379046706 19
1746782976843 0.8034482758120683 20
1746783103351 0.8174433518098 21
1746783232257 0.8017204300575346 22
1746783360260 0.8037383177070708 23
1746783485735 0.7996560618588657 24
1746783610102 0.800339847018881 25
1746783737878 0.8034115138093186 26
1746783864426 0.8025531914394152 27
1746783993986 0.808219178032218 28
1746784106646 0.8018787360730095 29
