1746780551781 0.003699707103709253 0
1746780677622 0.21041805758848497 1
1746780803673 0.4878606389127404 2
1746780929620 0.6174933507687074 3
1746781048532 0.6839015125766094 4
1746781143894 0.6959016131029815 5
1746781237735 0.6760369337992784 6
1746781344643 0.7183629914731907 7
1746781470329 0.7217806882525841 8
1746781595312 0.7163071707918576 9
1746781719097 0.6747855597088972 10
1746781843294 0.6585463796091868 11
1746781968517 0.6748804674012422 12
1746782095995 0.6945670326888078 13
1746782222042 0.7281985264435467 14
1746782346997 0.7127879320162231 15
1746782470725 0.704182334576386 16
1746782595748 0.6821447241789774 17
1746782722307 0.6816407300754533 18
1746782846667 0.7129305782877957 19
1746782976843 0.7080065300624554 20
1746783103351 0.7278508836148951 21
1746783232257 0.7067028409990758 22
1746783360260 0.7026043260223533 23
1746783485735 0.7036064014690327 24
1746783610102 0.7087743486738936 25
1746783737878 0.7162206285922891 26
1746783864426 0.7158962322324413 27
1746783993986 0.7197299105877207 28
1746784106646 0.7132360129426143 29
