1746780551781 0.0024355591637907114 0
1746780677622 0.2956006400788714 1
1746780803673 0.5601983646129369 2
1746780929620 0.6730061910055585 3
1746781048532 0.7729841527996043 4
1746781143894 0.7694841157617328 5
1746781237735 0.7722264579904345 6
1746781344643 0.7770767146810074 7
1746781470329 0.7720964145219751 8
1746781595312 0.7782416595721118 9
1746781719097 0.7595179106872914 10
1746781843294 0.738349579907282 11
1746781968517 0.7521564293206848 12
1746782095995 0.7778570470036658 13
1746782222042 0.8106849003174804 14
1746782346997 0.7757091915935352 15
1746782470725 0.7723579400205319 16
1746782595748 0.7691056750725405 17
1746782722307 0.7566731259255447 18
1746782846667 0.7805781835290282 19
1746782976843 0.769954286394931 20
1746783103351 0.7963976230435346 21
1746783232257 0.7704140596546302 22
1746783360260 0.7805722029443449 23
1746783485735 0.773454749358036 24
1746783610102 0.7791349011509653 25
1746783737878 0.7848345473954237 26
1746783864426 0.7825725189308432 27
1746783993986 0.7825283710921439 28
1746784106646 0.7800720865196558 29
