1746522385949 0.0 0
1746524411678 0.7954076787024573 1
1746526443119 0.763018586314002 2
1746528473552 0.9026543209465896 3
1746530502753 0.8596316645916627 4
1746532534747 0.8351438067708401 5
1746534563254 0.8346147062421262 6
1746536627944 0.898546330171992 7
1746538684620 0.8248873965153523 8
1746540743096 0.8644369827303968 9
1746542801741 0.8660866910463124 10
1746544837207 0.8747286663548114 11
1746546869115 0.8869413919006618 12
1746548901691 0.7918552434840495 13
1746550932018 0.8616422466023419 14
1746552964593 0.8595882512150005 15
