1745747019370 0.11763005972113423 0
1745747080945 0.41498218549713367 1
1745747143623 0.5603919886313004 2
1745747205673 0.6610225446224598 3
1745747267991 0.676488677656972 4
1745747333234 0.6732399300281358 5
1745747395757 0.6629644767096703 6
1745747456868 0.6979528138259398 7
1745747519803 0.7213948553694368 8
1745747581547 0.6882162512208985 9
1745747643466 0.7246692830885941 10
1745747705167 0.7136547373519609 11
1745747766221 0.719990905954617 12
1745747827904 0.6941735700344656 13
1745747889010 0.7037728338850134 14
