1745747019370 0.3536257833482226 0
1745747080945 0.6580125335720091 1
1745747143623 0.7824529991046748 2
1745747205673 0.8012533572067322 3
1745747267991 0.8102059086839024 4
1745747333234 0.8281110116382427 5
1745747395757 0.8146821844224874 6
1745747456868 0.8307967770813938 7
1745747519803 0.8164726947179215 8
1745747581547 0.8236347358996576 9
1745747643466 0.840644583706281 10
1745747705167 0.8299015219336768 11
1745747766221 0.837063563115413 12
1745747827904 0.8334825425245449 13
1745747889010 0.8272157564905257 14
