1745747160478 2e-05 0
1745747357069 2e-05 1
1745747554606 2e-05 2
1745747751839 8e-05 3
1745747949455 8e-05 4
1745748146641 8e-05 5
1745748342148 8e-05 6
1745748535370 8e-05 7
1745748728448 8e-05 8
1745748922901 8e-05 9
1745749118274 8e-05 10
1745749312140 8e-05 11
1745749506100 6.400000000000001e-05 12
1745749703644 6.400000000000001e-05 13
1745749899390 5.120000000000001e-05 14
1745750093852 5.120000000000001e-05 15
1745750291519 4.0960000000000014e-05 16
1745750485466 4.0960000000000014e-05 17
