1745747162529 0.5067883298424415 0
1745747359227 0.6731618340858119 1
1745747556626 0.6839301344818404 2
1745747754099 0.6906012111532861 3
1745747951480 0.6377992197834115 4
1745748148685 0.7056158150027366 5
1745748344209 0.6818535214343309 6
1745748537417 0.6778247078337668 7
1745748730878 0.6799276233167866 8
1745748925164 0.7138438721435112 9
1745749120717 0.7225693431825813 10
1745749314187 0.6814888270884863 11
1745749509544 0.7160445124002089 12
1745749705997 0.6936808516584209 13
1745749902803 0.6881283842895396 14
1745750096564 0.7005730303486127 15
1745750293856 0.6963578346433388 16
1745750487638 0.7060530347651698 17
