1745747162529 0.743061772605126 0
1745747359227 0.7985675917635812 1
1745747556626 0.7842435094001088 2
1745747754099 0.8048343777976003 3
1745747951480 0.8352730528199789 4
1745748148685 0.8281110116382427 5
1745748344209 0.7914055505818449 6
1745748537417 0.8245299910473747 7
1745748730878 0.8290062667859598 8
1745748925164 0.8290062667859598 9
1745749120717 0.8290062667859598 10
1745749314187 0.8263205013428088 11
1745749509544 0.8290062667859598 12
1745749705997 0.8316920322291108 13
1745749902803 0.8307967770813938 14
1745750096564 0.8352730528199789 15
1745750293856 0.8290062667859598 16
1745750487638 0.837063563115413 17
