1745747162529 0.5842547032068913 0
1745747359227 0.708779003870547 1
1745747556626 0.7145392932989281 2
1745747754099 0.7194980298799809 3
1745747951480 0.7655712202332698 4
1745748148685 0.7691308854943936 5
1745748344209 0.7240840310814725 6
1745748537417 0.7645625042165629 7
1745748730878 0.7685032032304174 8
1745748925164 0.7559847910135024 9
1745749120717 0.7747814459634561 10
1745749314187 0.7686146916735017 11
1745749509544 0.7650693543587186 12
1745749705997 0.779089262131392 13
1745749902803 0.7651294338776908 14
1745750096564 0.7650712086261984 15
1745750293856 0.7637110632596494 16
1745750487638 0.7749005175106115 17
