1746743080156 0.16068413206808949 0
1746743369226 0.6196208748268618 1
1746743661855 0.7426741858469567 2
1746743951762 0.8551957286774758 3
1746744244318 0.8878001135317378 4
1746744534333 0.908385912888327 5
1746744824270 0.9156518404098934 6
1746745110560 0.9478527871244745 7
1746745398724 0.9349290321087305 8
1746745689859 0.9076480600062489 9
1746745978223 0.9558082175645394 10
1746746269076 0.9683727676849843 11
1746746557983 0.9636226346618971 12
1746746845923 0.9681864365633122 13
1746747132934 0.9646888695438673 14
1746747420624 0.9803996545043934 15
1746747710258 0.9769943125153809 16
1746747998053 0.9732834678974653 17
1746748292052 0.9784980109255298 18
1746748606093 0.975333187465298 19
