1746743080156 0.15346149576906803 0
1746743369226 0.5802163993864189 1
1746743661855 0.7002481344403244 2
1746743951762 0.8732007138374608 3
1746744244318 0.8790467699811818 4
1746744534333 0.883723844686252 5
1746744824270 0.9113828558575142 6
1746745110560 0.9353762577609076 7
1746745398724 0.9377369325791824 8
1746745689859 0.8960559004341176 9
1746745978223 0.9380527688238198 10
1746746269076 0.9697372068754262 11
1746746557983 0.9579844095816543 12
1746746845923 0.9590728976452992 13
1746747132934 0.9515183368043248 14
1746747420624 0.9789356300754464 15
1746747710258 0.9708635355922317 16
1746747998053 0.9645210624862475 17
1746748292052 0.9765691433697299 18
1746748606093 0.9683861742997062 19
