1746468211078 0.0 0
1746468299081 0.0 1
1746468387904 0.0 2
1746468477327 0.04526724576104969 3
1746468606310 0.3631134347201801 4
1746468735394 0.5013731395567089 5
1746468863931 0.6459894994900139 6
1746468993249 0.6602486835618084 7
1746469122672 0.6641139431886667 8
1746469253339 0.6919633068875541 9
1746469383781 0.7104530829390631 10
1746469513516 0.7429457260532525 11
1746469642846 0.7118634170136151 12
1746469772162 0.7247368979357766 13
1746469901378 0.7220967391158554 14
1746470030384 0.7211548385589547 15
1746470159533 0.7303691758250614 16
1746470289361 0.7278695884080615 17
1746470418181 0.7270810203404303 18
1746470546426 0.7256079514256766 19
1746470675208 0.7257553565746827 20
1746470803637 0.7336054286939014 21
1746470931309 0.7152564779563189 22
1746471057431 0.7277928856001299 23
1746471185246 0.7201114686319283 24
1746471314305 0.7134647362086332 25
1746471442901 0.7133782336242565 26
1746471571757 0.7242827561794734 27
1746471700889 0.7229067670651533 28
1746471853283 0.7306696027891211 29
