1746468211078 0.0 0
1746468299081 0.0 1
1746468387904 0.0 2
1746468477327 0.0349330935646507 3
1746468606310 0.3644088506696205 4
1746468735394 0.5240260440684 5
1746468863931 0.7041804818726553 6
1746468993249 0.7283771348780127 7
1746469122672 0.7352844049646822 8
1746469253339 0.7630264869705746 9
1746469383781 0.7845726543742806 10
1746469513516 0.7915689068549484 11
1746469642846 0.7768235984483934 12
1746469772162 0.7700510975258152 13
1746469901378 0.797252313590801 14
1746470030384 0.7823591561936557 15
1746470159533 0.784321651984084 16
1746470289361 0.7926459410888673 17
1746470418181 0.7865659103800288 18
1746470546426 0.7915055866564086 19
1746470675208 0.7831046457908616 20
1746470803637 0.7949404075705111 21
1746470931309 0.7788685283796363 22
1746471057431 0.7920495879624186 23
1746471185246 0.7828790637738515 24
1746471314305 0.7829483077113207 25
1746471442901 0.7837418311378428 26
1746471571757 0.7906866485578553 27
1746471700889 0.7884757433881805 28
1746471853283 0.7885545861374548 29
