1746193703609 2e-05 0
1746193815755 4e-05 1
1746193930213 6.000000000000001e-05 2
1746194047920 8e-05 3
1746194299165 8e-05 4
1746194673514 8e-05 5
1746194927237 8e-05 6
1746195180023 8e-05 7
1746195435052 8e-05 8
1746195686642 8e-05 9
1746195937776 8e-05 10
1746196190527 8e-05 11
1746196442881 8e-05 12
1746196694765 8e-05 13
1746196944261 8e-05 14
1746197195607 6.400000000000001e-05 15
1746197448991 6.400000000000001e-05 16
1746197698270 5.120000000000001e-05 17
1746197948886 5.120000000000001e-05 18
1746198197838 4.0960000000000014e-05 19
1746198446172 4.0960000000000014e-05 20
1746198698310 3.276800000000001e-05 21
1746198951812 3.276800000000001e-05 22
