1746193707112 0.0 0
1746193820334 0.0 1
1746193933744 0.09002250559923641 2
1746194051508 0.32535364521887966 3
1746194302693 0.6595289078729493 4
1746194677676 0.743231440998 5
1746194930884 0.7658680117197725 6
1746195183608 0.7981018118568131 7
1746195438724 0.7775891340757046 8
1746195690242 0.7772151898235168 9
1746195941342 0.804273504223538 10
1746196194205 0.8003442340291799 11
1746196446519 0.8151618398137622 12
1746196698378 0.7984661269206486 13
1746196948176 0.7941429801394951 14
1746197199324 0.8151986182574188 15
1746197452687 0.8069264068763911 16
1746197701886 0.7981099655857518 17
1746197952598 0.8136915077489411 18
1746198201444 0.8111159356859708 19
1746198449928 0.8151008150508318 20
1746198702025 0.8153250107119491 21
1746198955822 0.8153580672493913 22
1746199211784 0.813310285170387 23
1746199465117 0.8141440275480996 24
1746199716460 0.8177128116439031 25
1746199969626 0.8133561643335874 26
1746200221930 0.8103004291345646 27
1746200476508 0.8158347675920014 28
1746200729420 0.8147197260946573 29
