1746193707112 0.0 0
1746193820334 0.0 1
1746193933744 0.05371530886302115 2
1746194051508 0.26768128916738876 3
1746194302693 0.6893464637421047 4
1746194677676 0.7618621307071833 5
1746194930884 0.8155774395702045 6
1746195183608 0.8281110116382427 7
1746195438724 0.8200537153087896 8
1746195690242 0.8245299910473747 9
1746195941342 0.842435094001715 10
1746196194205 0.8325872873768279 11
1746196446519 0.8567591763651874 12
1746196698378 0.838854073410847 13
1746196948176 0.8254252461950917 14
1746197199324 0.8451208594448661 15
1746197452687 0.8343777976722618 16
1746197701886 0.8316920322291108 17
1746197952598 0.840644583706281 18
1746198201444 0.8361683079676959 19
1746198449928 0.8504923903311682 20
1746198702025 0.8478066248880172 21
1746198955822 0.8460161145925831 22
1746199211784 0.842435094001715 23
1746199465117 0.8451208594448661 24
1746199716460 0.8513876454788852 25
1746199969626 0.8504923903311682 26
1746200221930 0.8451208594448661 27
1746200476508 0.8487018800357342 28
1746200729420 0.8522829006266023 29
