1745747008417 0.40544787842181007 0
1745747068757 0.7439446366281931 1
1745747131080 0.759999999949975 2
1745747192378 0.7674825174324782 3
1745747253576 0.7919404292096995 4
1745747315191 0.8118209473641395 5
1745747376843 0.8017167381474408 6
1745747438080 0.8032928942307443 7
1745747498873 0.7948827291611316 8
1745747559210 0.8065630396736545 9
1745747619658 0.7993211709301277 10
1745747680023 0.7909940526263584 11
1745747740366 0.8171000440222184 12
1745747801412 0.794926004178416 13
1745747861765 0.8126626192040979 14
