1745747008417 0.14621217941079048 0
1745747068757 0.6038566506410737 1
1745747131080 0.6772600399145856 2
1745747192378 0.6811931270257036 3
1745747253576 0.7549825736729675 4
1745747315191 0.7789518696218404 5
1745747376843 0.7753685529828034 6
1745747438080 0.7764352113986797 7
1745747498873 0.7836031951308953 8
1745747559210 0.7851713358815015 9
1745747619658 0.7924286758445872 10
1745747680023 0.7811964801102735 11
1745747740366 0.7798212297900586 12
1745747801412 0.7882521604676008 13
1745747861765 0.7895497289761301 14
