1746197013867 0.8610484411521834 0
1746197078795 0.2976947621423371 1
1746197144413 0.21439248764393282 2
1746197209828 0.1728595233693415 3
1746197275017 0.13313603469607782 4
1746197340420 0.0958320686631665 5
1746197405206 0.07324663960203832 6
1746197471000 0.05746918504259416 7
1746197535651 0.04702937306494129 8
1746197601087 0.04199708753018355 9
1746197665051 0.03325613899802675 10
1746197729072 0.03069406355332051 11
1746197793001 0.023126152263270045 12
1746197857878 0.02291524633575155 13
1746197921862 0.020876089453088994 14
1746197986450 0.014836913739730204 15
1746198050521 0.011126215745485862 16
1746198115261 0.00899585199361781 17
1746198179156 0.007318575253558098 18
1746198243091 0.006612869600850937 19
1746198307604 0.005853234531300865 20
1746198371514 0.005817395250065898 21
1746198435432 0.00401036089704353 22
1746198499221 0.003611204741826775 23
1746198563728 0.0034943745585576612 24
1746198627546 0.0031618464325925298 25
1746198691268 0.0028832761294027903 26
1746198755195 0.0025416016923168637 27
1746198819109 0.0023958154262651746 28
1746198883260 0.00214151336635672 29
