1746197014936 0.5529061102831182 0
1746197080401 0.6639526276831484 1
1746197145434 0.7454702329593834 2
1746197210827 0.7377593360995238 3
1746197276386 0.7417271993542581 4
1746197341406 0.7395833333332741 5
1746197406306 0.7381329113923466 6
1746197472622 0.7279236276849063 7
1746197536632 0.7607260726071979 8
1746197602064 0.7609060402683925 9
1746197666030 0.7391653290529101 10
1746197730049 0.7310177705976793 11
1746197794069 0.7744932432431778 12
1746197858857 0.7548441449030535 13
1746197923467 0.7672485453033443 14
1746197987437 0.7437348423604896 15
1746198052233 0.7359683794465821 16
1746198116256 0.7540453074433047 17
1746198180176 0.7522559474978874 18
1746198244777 0.740592473979124 19
1746198308626 0.7491883116882508 20
1746198372503 0.7319999999999414 21
1746198436412 0.7483660130718343 22
1746198500802 0.7459150326796776 23
1746198564746 0.7457489878541906 24
1746198628527 0.7528830313014206 25
1746198692262 0.7522485690923342 26
1746198756186 0.7553366174055208 27
1746198820283 0.7510170870625914 28
1746198884240 0.7613918806958773 29
