1745877137973 0.0 0
1745877266418 0.0 1
1745877394848 0.0 2
1745877522765 0.014435211425624844 3
1745877776888 0.30653380754101744 4
1745878031852 0.42274870722220265 5
1745878288264 0.420425535089613 6
1745878544124 0.4302052678865878 7
1745878798624 0.4590553993824846 8
1745879050425 0.460858533124067 9
1745879303942 0.4643378632657177 10
1745879556892 0.46037755975516303 11
1745879810779 0.4605309010311934 12
1745880064219 0.4668318663921403 13
1745880318740 0.4738623574110971 14
1745880575109 0.45199533277843745 15
1745880828953 0.46461255570720694 16
1745881082820 0.4702990430267488 17
1745881335642 0.4747018312952005 18
1745881588981 0.462546995531456 19
1745881841052 0.4624286911037982 20
1745882094915 0.4604861108660007 21
1745882351548 0.46156326581284374 22
1745882606928 0.46295976161768887 23
1745882860287 0.4639776420830761 24
1745883112898 0.46700073754501287 25
1745883368908 0.4570495160223627 26
1745883627223 0.4585125354288134 27
1745883884057 0.45896312258505223 28
1745884139329 0.46276432420507974 29
