1745702593646 0.9068626700615396 0
1745702657835 0.38748543755132325 1
1745702722376 0.2533515369405552 2
1745702787842 0.202267196105451 3
1745702852417 0.15183330836648845 4
1745702917002 0.11961907019116441 5
1745702980680 0.09229439037034706 6
1745703044506 0.07281200066969103 7
1745703108658 0.0633614995725909 8
1745703172185 0.04980984132508842 9
1745703235748 0.04135947978618194 10
1745703299814 0.035087134251941224 11
1745703364264 0.030058790017299507 12
1745703428000 0.027095163193512326 13
1745703491580 0.02142177981191448 14
1745703555403 0.01598111168500416 15
1745703618974 0.014923756823361832 16
1745703682786 0.015952868691208412 17
1745703747069 0.011026271989531055 18
1745703810612 0.00952722318470478 19
1745703874121 0.007468202771447903 20
1745703937640 0.006784295014637921 21
1745704001862 0.005907824103796512 22
1745704065386 0.0053011203084939295 23
1745704129763 0.004822598707301504 24
1745704194002 0.004521912828619991 25
1745704257549 0.004051378804582114 26
1745704321082 0.0039312968063833454 27
1745704384845 0.003475105814037046 28
1745704448390 0.0033784371144993572 29
