1745702593646 2e-05 0
1745702657835 2e-05 1
1745702722376 2e-05 2
1745702787842 8e-05 3
1745702852417 8e-05 4
1745702917002 8e-05 5
1745702980680 8e-05 6
1745703044506 8e-05 7
1745703108658 8e-05 8
1745703172185 8e-05 9
1745703235748 8e-05 10
1745703299814 8e-05 11
1745703364264 8e-05 12
1745703428000 8e-05 13
1745703491580 8e-05 14
1745703555403 6.400000000000001e-05 15
1745703618974 6.400000000000001e-05 16
1745703682786 5.120000000000001e-05 17
1745703747069 5.120000000000001e-05 18
1745703810612 4.0960000000000014e-05 19
1745703874121 4.0960000000000014e-05 20
1745703937640 3.276800000000001e-05 21
1745704001862 3.276800000000001e-05 22
1745704065386 2.6214400000000008e-05 23
1745704129763 2.6214400000000008e-05 24
1745704194002 2.097152000000001e-05 25
1745704257549 2.097152000000001e-05 26
1745704321082 1.6777216000000006e-05 27
1745704384845 1.6777216000000006e-05 28
1745704448390 1.3421772800000009e-05 29
