1745702594586 0.4099447513339139 0
1745702658734 0.701446733838605 1
1745702723282 0.7653239929447031 2
1745702788738 0.7894963408884471 3
1745702853318 0.8139329805495867 4
1745702917930 0.7896522476175861 5
1745702981838 0.8006843455445557 6
1745703046003 0.7945900253093445 7
1745703109558 0.8130287647554969 8
1745703173089 0.8046672428194802 9
1745703237078 0.7958419957921824 10
1745703300716 0.8187744458430611 11
1745703365211 0.8127455259211517 12
1745703428915 0.7933390264231385 13
1745703492755 0.8168038111236502 14
1745703556307 0.8085287845982306 15
1745703620150 0.7806101127792404 16
1745703684428 0.8085470084970419 17
1745703747963 0.8115183245572911 18
1745703811513 0.8106028216687147 19
1745703875020 0.8167675021107498 20
1745703938542 0.8224055579178414 21
1745704002766 0.8183769857808414 22
1745704067127 0.8206008583191131 23
1745704130665 0.8273474685782832 24
1745704194908 0.8202247190511124 25
1745704258449 0.8196721310975359 26
1745704322060 0.8174740483928927 27
1745704385745 0.8158347675920014 28
1745704449297 0.8163440859715118 29
