1745738775504 0.12371898219115884 0
1745738842054 0.42704348187100993 1
1745738906993 0.5004386682232064 2
1745738973671 0.5578473266917514 3
1745739039556 0.5942653655058031 4
1745739105989 0.6207883568479498 5
1745739172099 0.5875942642206223 6
1745739237664 0.6128002870983675 7
1745739304750 0.636521650355525 8
1745739370806 0.6208392508586371 9
1745739437751 0.6144709577760541 10
1745739502239 0.6369495583193546 11
1745739566697 0.6318624028363401 12
1745739632098 0.5901058732802572 13
1745739698076 0.6023547508546333 14
1745739763425 0.6329838062111932 15
1745739828794 0.6336230253121757 16
1745739893630 0.6276724961005429 17
1745739958918 0.6357293522118137 18
1745740024056 0.6257275233477393 19
1745740088794 0.6289017096007888 20
1745740155114 0.6314978657545781 21
1745740220639 0.6327001640681094 22
1745740286218 0.6226973673963878 23
1745740353804 0.6265780353636146 24
1745740420535 0.623985454284785 25
1745740486026 0.6216046593582162 26
1745740551278 0.6285484819718887 27
1745740617406 0.6216147807812112 28
1745740683122 0.631124009747239 29
