1745738775504 0.5210449927430303 0
1745738842054 0.6175468483815487 1
1745738906993 0.6736292428197846 2
1745738973671 0.6960352422906876 3
1745739039556 0.6893617021276008 4
1745739105989 0.704641350210911 5
1745739172099 0.6720257234726148 6
1745739237664 0.7168989547037703 7
1745739304750 0.6918085969180299 8
1745739370806 0.7299205648719568 9
1745739437751 0.6985049833886463 10
1745739502239 0.7388127853880604 11
1745739566697 0.7372583479788456 12
1745739632098 0.6674641148324826 13
1745739698076 0.7061328790459365 14
1745739763425 0.709243697478932 15
1745739828794 0.7174468085105772 16
1745739893630 0.7070707070706476 17
1745739958918 0.7233676975944395 18
1745740024056 0.6931260229132002 19
1745740088794 0.7104377104376506 20
1745740155114 0.7094088259782922 21
1745740220639 0.7162276975360479 22
1745740286218 0.6961189099916848 23
1745740353804 0.7146507666098199 24
1745740420535 0.6955445544553881 25
1745740486026 0.7071307300508737 26
1745740551278 0.711993243243183 27
1745740617406 0.7046025104601921 28
1745740683122 0.709136630343612 29
