1745581936576 0.41961852856267245 0
1745582554520 0.6848614071995206 1
1745582625188 0.7600349039639273 2
1745583244052 0.76123128114819 3
1745583832538 0.770421324111663 4
1745584359627 0.7774891774391643 5
1745584880623 0.8019281331664285 6
1745585420423 0.7869134739060969 7
1745585951260 0.799297320986399 8
1745586492723 0.7840274795549964 9
1745587037207 0.7849415836799746 10
1745587578756 0.7841995841497718 11
1745588134921 0.7996582656484555 12
1745588698090 0.797285835403845 13
1745589259613 0.7993094518274227 14
1745589818661 0.7963525835366018 15
1745590382162 0.7945670627684027 16
1745590953049 0.8100172711071602 17
1745591521577 0.8059181896801687 18
1745592088150 0.8020609703235652 19
1745592646171 0.7895637296335215 20
1745593200964 0.7984595634930326 21
1745593753222 0.8010358221338534 22
1745594303317 0.8048359239569015 23
1745594844413 0.8003449762328786 24
1745595376820 0.801033591681269 25
1745595920795 0.8001730103306105 26
1745596356134 0.7975934679345407 27
1745596425984 0.8017167381474408 28
1745596881326 0.7987962166310069 29
