1745581936576 0.1331946000880872 0
1745582554520 0.5160398099142584 1
1745582625188 0.6024712534042653 2
1745583244052 0.7272707894536118 3
1745583832538 0.7235211956785257 4
1745584359627 0.6773465979070393 5
1745584880623 0.7610287657642201 6
1745585420423 0.7614169562291795 7
1745585951260 0.7300991241993506 8
1745586492723 0.7426113958294581 9
1745587037207 0.7374978756682279 10
1745587578756 0.7733246145429055 11
1745588134921 0.7633169905159274 12
1745588698090 0.7686798520041808 13
1745589259613 0.7503228994314889 14
1745589818661 0.760139616878294 15
1745590382162 0.7808854619514578 16
1745590953049 0.7801207215140897 17
1745591521577 0.7717705788062569 18
1745592088150 0.7741172381397546 19
1745592646171 0.7652772263979345 20
1745593200964 0.7765938694800839 21
1745593753222 0.7673718237767754 22
1745594303317 0.7752295122755809 23
1745594844413 0.7664187890396016 24
1745595376820 0.7694990679837923 25
1745595920795 0.7647956644154598 26
1745596356134 0.767757440568974 27
1745596425984 0.7697049067133157 28
1745596881326 0.7631434296603881 29
