1746696052098 0.0 0
1746696381183 0.4369025795838017 1
1746696712692 0.5731688166770809 2
1746697042585 0.6926808711418245 3
1746697371153 0.7820621695904921 4
1746697701094 0.9090469683727704 5
1746698028460 0.9344774601997072 6
1746698222110 0.9323329475206358 7
1746698390536 0.9568153943500762 8
1746698514712 0.9449965520083456 9
1746698824989 0.9564019818423423 10
1746699153926 0.946578769534992 11
1746699481169 0.9569818056729675 12
1746699808880 0.9755756204318409 13
1746700137776 0.9482933770820201 14
1746700466937 0.9639352485114363 15
1746700795830 0.9577729995233396 16
1746701061969 0.9770745279078975 17
1746701234414 0.9499098909653151 18
1746701360259 0.9780412520333347 19
