1745702019025 0.11833152375994407 0
1745702083946 0.4402586191285685 1
1745702150401 0.5365710027314209 2
1745702214776 0.6731805875941478 3
1745702279813 0.6788739577065558 4
1745702343268 0.6568219899574126 5
1745702406873 0.6935310375199867 6
1745702471150 0.7057835804035429 7
1745702536138 0.7161696689845972 8
1745702600837 0.710675431000761 9
1745702666785 0.683362842808033 10
1745702730907 0.7176650746088313 11
1745702795095 0.7227668818730479 12
1745702859247 0.7022611747327717 13
1745702922998 0.725940829708073 14
1745702986476 0.7187560548616247 15
1745703050634 0.6972289762199341 16
1745703114074 0.717132368760994 17
1745703177236 0.713170333246596 18
1745703241429 0.7071609212204392 19
1745703305408 0.7119233198754344 20
1745703368993 0.7225202257003344 21
1745703432852 0.7200611701150184 22
1745703496438 0.7195217683239252 23
1745703559774 0.7078909217154415 24
1745703623505 0.7059726662566734 25
1745703687381 0.7230822661974359 26
1745703751621 0.720658160499672 27
1745703815814 0.7274104881852632 28
1745703880233 0.7183432558162681 29
