1745702019025 0.5029850746267905 0
1745702083946 0.6751361161523888 1
1745702150401 0.7272727272726642 2
1745702214776 0.7803819444443767 3
1745702279813 0.7699570815449983 4
1745702343268 0.768644067796545 5
1745702406873 0.7678275290214952 6
1745702471150 0.7676518883414805 7
1745702536138 0.7731788079469558 8
1745702600837 0.7722772277227086 9
1745702666785 0.7412040656762516 10
1745702730907 0.795356835769493 11
1745702795095 0.7836938435939448 12
1745702859247 0.7599351175992896 13
1745702922998 0.7741935483870327 14
1745702986476 0.7889447236180244 15
1745703050634 0.7645590682195703 16
1745703114074 0.7857747671464195 17
1745703177236 0.7912457912457246 18
1745703241429 0.7662866449510777 19
1745703305408 0.7801831806826993 20
1745703368993 0.8006932409011438 21
1745703432852 0.7869127516777863 22
1745703496438 0.781561461793955 23
1745703559774 0.7770382695506841 24
1745703623505 0.7787021630614992 25
1745703687381 0.7942421676544628 26
1745703751621 0.7904442581726077 27
1745703815814 0.7949152542372208 28
1745703880233 0.7864321608039542 29
