1745702019025 0.11338410704718327 0
1745702083946 0.45845030184180197 1
1745702150401 0.5813446972436342 2
1745702214776 0.6917773809186245 3
1745702279813 0.7187884600854338 4
1745702343268 0.7014492362084397 5
1745702406873 0.761616888612888 6
1745702471150 0.7731551981307169 7
1745702536138 0.7788750043880928 8
1745702600837 0.7776414050729097 9
1745702666785 0.7804286315316803 10
1745702730907 0.7605155758831093 11
1745702795095 0.7832438905572056 12
1745702859247 0.777227329396205 13
1745702922998 0.7829064458501205 14
1745702986476 0.7839606341944363 15
1745703050634 0.7655439222013126 16
1745703114074 0.7670437135962561 17
1745703177236 0.7784359272738363 18
1745703241429 0.7870209567832455 19
1745703305408 0.7818828309403281 20
1745703368993 0.7770798790052276 21
1745703432852 0.7802854774576281 22
1745703496438 0.7829362763143201 23
1745703559774 0.7752751678774098 24
1745703623505 0.7764529271007639 25
1745703687381 0.781832958734407 26
1745703751621 0.7818594488023088 27
1745703815814 0.7795090090208046 28
1745703880233 0.7800408929370449 29
