1745702019025 0.30170098478063545 0
1745702083946 0.6660698299014622 1
1745702150401 0.7520143240822961 2
1745702214776 0.8048343777976003 3
1745702279813 0.8030438675021662 4
1745702343268 0.8119964189793364 5
1745702406873 0.8290062667859598 6
1745702471150 0.837063563115413 7
1745702536138 0.8361683079676959 8
1745702600837 0.83795881826313 9
1745702666785 0.8487018800357342 10
1745702730907 0.8281110116382427 11
1745702795095 0.8433303491494321 12
1745702859247 0.838854073410847 13
1745702922998 0.83795881826313 14
1745702986476 0.8433303491494321 15
1745703050634 0.8227394807519406 16
1745703114074 0.8307967770813938 17
1745703177236 0.8415398388539981 18
1745703241429 0.842435094001715 19
1745703305408 0.838854073410847 20
1745703368993 0.8272157564905257 21
1745703432852 0.839749328558564 22
1745703496438 0.842435094001715 23
1745703559774 0.8361683079676959 24
1745703623505 0.83795881826313 25
1745703687381 0.839749328558564 26
1745703751621 0.8442256042971491 27
1745703815814 0.839749328558564 28
1745703880233 0.840644583706281 29
