1746740734630 0.0 0
1746740886084 0.696508504923841 1
1746741040503 0.7994628469112981 2
1746741198694 0.8657117278423575 3
1746741364857 0.9167412712622276 4
1746741532623 0.9498657117277574 5
1746741695959 0.9650850492389467 6
1746741860944 0.9695613249775318 7
1746742027158 0.9615040286480786 8
1746742191333 0.9659803043866637 9
1746742359153 0.980304386750136 10
1746742521088 0.9749328558638339 11
1746742687939 0.983885407341004 12
1746742841924 0.977618621306985 13
1746742992841 0.980304386750136 14
1746743140822 0.977618621306985 15
1746743286228 0.983885407341004 16
1746743434253 0.9856759176364381 17
1746743582711 0.983885407341004 18
1746743734924 0.9901521933750232 19
