1745701637987 0.12368577379822507 0
1745701702540 0.4285117447337694 1
1745701767833 0.5381560662943572 2
1745701834518 0.5663657162209328 3
1745701899253 0.6107633443135196 4
1745701963955 0.6041015697302137 5
1745702028613 0.5917937519372285 6
1745702092648 0.622742534375472 7
1745702158465 0.6219008858336363 8
1745702222647 0.6256903060826093 9
1745702288071 0.6248816015015044 10
1745702353009 0.6285601866794353 11
1745702416873 0.6244536624482356 12
1745702480872 0.620664614089985 13
1745702544913 0.6200990675290489 14
1745702608988 0.6306034029426714 15
1745702673007 0.6127975127586949 16
1745702737054 0.625914698366053 17
1745702801106 0.6202432648782847 18
1745702865149 0.6261769380709125 19
1745702929185 0.6303478884050205 20
1745702993365 0.6191360834156588 21
1745703057292 0.6234297273309664 22
1745703121343 0.6214552537784405 23
1745703185505 0.6239502422579956 24
1745703249724 0.6261688935660993 25
1745703313810 0.6193953748363821 26
1745703377867 0.6308617668978946 27
1745703441956 0.6213218266385268 28
1745703506348 0.6309888264033028 29
