1745701637987 0.3231871083258439 0
1745701702540 0.649059982094839 1
1745701767833 0.7126230975827472 2
1745701834518 0.7224709042076345 3
1745701899253 0.7341092211279557 4
1745701963955 0.7520143240822961 5
1745702028613 0.7502238137868621 6
1745702092648 0.7394807520142579 7
1745702158465 0.7538048343777302 8
1745702222647 0.7475380483437111 9
1745702288071 0.749328558639145 10
1745702353009 0.7555953446731642 11
1745702416873 0.7394807520142579 12
1745702480872 0.7394807520142579 13
1745702544913 0.7448522829005599 14
1745702608988 0.748433303491428 15
1745702673007 0.749328558639145 16
1745702737054 0.7511190689345791 17
1745702801106 0.7448522829005599 18
1745702865149 0.7520143240822961 19
1745702929185 0.7520143240822961 20
1745702993365 0.746642793195994 21
1745703057292 0.745747538048277 22
1745703121343 0.749328558639145 23
1745703185505 0.7502238137868621 24
1745703249724 0.749328558639145 25
1745703313810 0.749328558639145 26
1745703377867 0.749328558639145 27
1745703441956 0.746642793195994 28
1745703506348 0.7529095792300131 29
