1745701636846 2e-05 0
1745701701854 2e-05 1
1745701766360 2e-05 2
1745701832537 8e-05 3
1745701896590 8e-05 4
1745701960663 8e-05 5
1745702025487 8e-05 6
1745702093180 8e-05 7
1745702158161 8e-05 8
1745702222298 8e-05 9
1745702287188 8e-05 10
1745702350689 8e-05 11
1745702414017 8e-05 12
1745702477535 8e-05 13
1745702541167 8e-05 14
1745702604693 6.400000000000001e-05 15
1745702668162 6.400000000000001e-05 16
1745702731706 5.120000000000001e-05 17
1745702795170 5.120000000000001e-05 18
1745702859914 4.0960000000000014e-05 19
1745702923484 4.0960000000000014e-05 20
1745702986795 3.276800000000001e-05 21
1745703050152 3.276800000000001e-05 22
1745703113946 2.6214400000000008e-05 23
1745703177999 2.6214400000000008e-05 24
1745703242332 2.097152000000001e-05 25
1745703306342 2.097152000000001e-05 26
1745703370222 1.6777216000000006e-05 27
1745703434014 1.6777216000000006e-05 28
1745703497895 1.3421772800000009e-05 29
