1745701639000 0.12345199444124157 0
1745701703306 0.4308715776024793 1
1745701767802 0.514742757346252 2
1745701833992 0.5606365953631184 3
1745701898069 0.6099116302596572 4
1745701963550 0.6119349156839973 5
1745702028330 0.6211689924983745 6
1745702094853 0.6131634983706967 7
1745702159896 0.6204688155638405 8
1745702223753 0.6304247968964347 9
1745702288640 0.6233147658845668 10
1745702352142 0.6209315079646507 11
1745702415468 0.6322741765062324 12
1745702478981 0.6238596138148187 13
1745702542621 0.6246929010328949 14
1745702606131 0.6232408884349929 15
1745702669606 0.6227590405434962 16
1745702733141 0.6311116305220644 17
1745702796610 0.6285359676785929 18
1745702861584 0.6208294829706733 19
1745702924943 0.6223848202354876 20
1745702988228 0.6299514720807876 21
1745703051601 0.6236058892032289 22
1745703115423 0.6260208016232276 23
1745703179746 0.6281200059831089 24
1745703243787 0.6250944470285594 25
1745703307784 0.6236794671148547 26
1745703371664 0.6316625698111644 27
1745703435692 0.6276579514425561 28
1745703499346 0.626990017541767 29
