1745701639000 0.4021505375863869 0
1745701703306 0.6389969735773269 1
1745701767802 0.6969829470422264 2
1745701833992 0.7112087911587449 3
1745701898069 0.7198612315198042 4
1745701963550 0.7184549355723407 5
1745702028330 0.7357917569998751 6
1745702094853 0.7259387138041231 7
1745702159896 0.7203032855440474 8
1745702223753 0.7371654233812842 9
1745702288640 0.7327847552553162 10
1745702352142 0.7290209789709431 11
1745702415468 0.7330396475270404 12
1745702478981 0.7257167308015539 13
1745702542621 0.7267188859377911 14
1745702606131 0.7215081404813067 15
1745702669606 0.7298123089853228 16
1745702733141 0.7317073170231434 17
1745702796610 0.7422497785150417 18
1745702861584 0.7244501939991638 19
1745702924943 0.724361748110962 20
1745702988228 0.7307525010374055 21
1745703051601 0.7255493321344111 22
1745703115423 0.7319185794216221 23
1745703179746 0.7301173402368106 24
1745703243787 0.7271164589100516 25
1745703307784 0.724063710668909 26
1745703371664 0.7357422724793596 27
1745703435692 0.7314533622059493 28
1745703499346 0.7295434969353665 29
