1745701639000 0.1301165014934045 0
1745701703306 0.4755226320948181 1
1745701767802 0.5556402188872827 2
1745701833992 0.5890576285847999 3
1745701898069 0.6576343981662075 4
1745701963550 0.6562695175951023 5
1745702028330 0.6725153170210957 6
1745702094853 0.6479114219906089 7
1745702159896 0.6796072595980331 8
1745702223753 0.6497555971138625 9
1745702288640 0.663495011885989 10
1745702352142 0.6505590521728334 11
1745702415468 0.654960661230192 12
1745702478981 0.672139118617552 13
1745702542621 0.6652589703033563 14
1745702606131 0.6796226065678268 15
1745702669606 0.6632505535067135 16
1745702733141 0.6710020856743958 17
1745702796610 0.6565299617500128 18
1745702861584 0.6652664895119675 19
1745702924943 0.6729075416655088 20
1745702988228 0.6698369935768702 21
1745703051601 0.6715998916228479 22
1745703115423 0.6725176190956069 23
1745703179746 0.6675029625449876 24
1745703243787 0.6749827681338749 25
1745703307784 0.6719747878170845 26
1745703371664 0.6736340572854072 27
1745703435692 0.6676579961125787 28
1745703499346 0.6753239360608275 29
