1745738897890 0.09586364407438265 0
1745738960479 0.447459127768308 1
1745739024330 0.6044595508140108 2
1745739086518 0.6477007680596798 3
1745739149470 0.7536659851697223 4
1745739212997 0.7595434028182608 5
1745739277633 0.7603847579807587 6
1745739340775 0.7794404795970861 7
1745739404578 0.7928046383795798 8
1745739467057 0.7850376515994578 9
1745739529258 0.785889078348754 10
1745739591469 0.777705564123641 11
1745739654307 0.7446650057275286 12
1745739716588 0.7620059789968212 13
1745739779378 0.7735424522569468 14
1745739841630 0.7697876962229182 15
1745739904063 0.7711875936795528 16
1745739966735 0.7784115497286199 17
1745740029129 0.7792636604158798 18
1745740093235 0.7538775000727254 19
1745740155471 0.7733013581617278 20
1745740218078 0.7871587950055228 21
1745740280347 0.7783413057155149 22
1745740342559 0.7850021196925252 23
1745740404819 0.7861712425825356 24
1745740467416 0.7921991065947884 25
1745740530254 0.7889259371960733 26
1745740592903 0.7892685779621249 27
1745740655143 0.7892201301513093 28
1745740717481 0.7910423425247397 29
