1745574707092 0.23284722811769956 0
1745574778829 0.5064126532056277 1
1745574850444 0.6327873535606205 2
1745574920226 0.6390802093132192 3
1745574989711 0.6701563966020854 4
1745575059116 0.6953314363591228 5
1745575129374 0.6907549844343102 6
1745575199286 0.6978767114432556 7
1745575269968 0.6767688230733264 8
1745575339835 0.6654754527795468 9
1745575409452 0.7017250204652774 10
1745575478778 0.6571270305862587 11
1745575548933 0.6783199487013956 12
1745575619608 0.6898563477827295 13
1745575689536 0.6976697654454654 14
1745575759967 0.6891387582347185 15
1745575829869 0.68129786859397 16
1745575899673 0.6810825501363682 17
1745575969334 0.6889903506682609 18
1745576039025 0.6965597748882254 19
1745576108682 0.685419701857223 20
1745576177871 0.6965073404707578 21
1745576247477 0.6890579059485389 22
1745576317615 0.6877988379312412 23
1745576387032 0.6909251841717664 24
1745576457879 0.6904126688121178 25
1745576527496 0.6890100726298406 26
1745576596881 0.6888642758248168 27
1745576666965 0.6902771639190679 28
1745576737329 0.6885581431604949 29
