1745574685166 0.7988500266659017 0
1745574770329 0.2958802976170365 1
1745574844407 0.2046881646526103 2
1745574914470 0.17211258882770733 3
1745574983730 0.13276611998373147 4
1745575053295 0.10478695656876175 5
1745575123538 0.08647057018717941 6
1745575193363 0.07555826513894967 7
1745575263494 0.05622860720875312 8
1745575333751 0.049877306199347486 9
1745575403636 0.053625875152647495 10
1745575473312 0.035882211480365724 11
1745575542709 0.02804186559111184 12
1745575612862 0.020508860675047855 13
1745575683683 0.0163709635428172 14
1745575754102 0.014308590232869801 15
1745575824301 0.013304752226424764 16
1745575893896 0.012201544111214426 17
1745575963697 0.01159245072274792 18
1745576033322 0.010712556165586017 19
1745576102944 0.010153549628294244 20
1745576172071 0.009836652411185965 21
1745576240986 0.009514862738017524 22
1745576311353 0.009022583602927625 23
1745576380924 0.008987374620379083 24
1745576451084 0.008847638983659598 25
1745576521152 0.008819425103197597 26
1745576591214 0.008574276055418412 27
1745576661027 0.008296870887849708 28
1745576731173 0.0083094312362753 29
