1745574707092 0.23897989298922187 0
1745574778829 0.5697533378295007 1
1745574850444 0.6886981219934761 2
1745574920226 0.7139753880051936 3
1745574989711 0.752156928763304 4
1745575059116 0.7154876832334612 5
1745575129374 0.7601806752669511 6
1745575199286 0.763430584615266 7
1745575269968 0.7475566128919838 8
1745575339835 0.7349159544536252 9
1745575409452 0.7587408558682475 10
1745575478778 0.7528608217846509 11
1745575548933 0.7488388107299344 12
1745575619608 0.759765302588572 13
1745575689536 0.755950506032844 14
1745575759967 0.7574034568267951 15
1745575829869 0.7558488688528556 16
1745575899673 0.753507997639001 17
1745575969334 0.7591737092175198 18
1745576039025 0.7641157873365505 19
1745576108682 0.7606419188497981 20
1745576177871 0.7629985412343961 21
1745576247477 0.7512047060054201 22
1745576317615 0.7570027536766755 23
1745576387032 0.7583314740266153 24
1745576457879 0.7608097162308808 25
1745576527496 0.7546923088534927 26
1745576596881 0.757757750118234 27
1745576666965 0.7540579697531242 28
1745576737329 0.7552795079139738 29
