1746747574235 0.4560439560439059 0
1746747639448 0.7321428571428003 1
1746747705620 0.778517901748478 2
1746747771332 0.8545611015489798 3
1746747837335 0.890212765957371 4
1746747904208 0.871666666666594 5
1746747969480 0.9210754553338316 6
1746748035530 0.9122657580919155 7
1746748100708 0.919795221842925 8
1746748167163 0.923605150214513 9
1746748233160 0.9483814523183772 10
1746748299413 0.9432314410479525 11
1746748365213 0.947460595446502 12
1746748430705 0.9332176929747672 13
1746748497679 0.9255136986300577 14
1746748563196 0.941840277777696 15
1746748628671 0.9364806866951986 16
1746748694115 0.94800693240893 17
1746748760418 0.9581151832459897 18
1746748828048 0.9734278122231201 19
