1746747574235 0.1589399394547581 0
1746747639448 0.747570268760155 1
1746747705620 0.7291898957278108 2
1746747771332 0.8398164563415708 3
1746747837335 0.9274039554318828 4
1746747904208 0.9049248499068087 5
1746747969480 0.9442490754283004 6
1746748035530 0.9468455537929135 7
1746748100708 0.9585617728157837 8
1746748167163 0.9592463730403742 9
1746748233160 0.9625278845747053 10
1746748299413 0.9674187523346637 11
1746748365213 0.9750994962410492 12
1746748430705 0.9461859344808369 13
1746748497679 0.9315877337599635 14
1746748563196 0.9704117063208858 15
1746748628671 0.9764014907705669 16
1746748694115 0.9788486346559856 17
1746748760418 0.9872643645556848 18
1746748828048 0.9881661033794816 19
