1745738898387 1.3479451397243811 0
1745738961621 0.5750199681033894 1
1745739026128 0.380208394053031 2
1745739088656 0.3054413065618398 3
1745739151933 0.2238916718990219 4
1745739215697 0.17592693545988627 5
1745739279176 0.1349442135922763 6
1745739342612 0.10632059008491282 7
1745739405747 0.08914417963551015 8
1745739468302 0.07644640236180655 9
1745739530925 0.06310795595375251 10
1745739593566 0.055228535979225925 11
1745739656192 0.044977170320189726 12
1745739719474 0.034558408133381485 13
1745739782370 0.031373786977587304 14
1745739845182 0.025917770540607826 15
1745739908001 0.02149846046516786 16
1745739970966 0.01691861898277183 17
1745740033980 0.014358139663402523 18
1745740097490 0.012588802872377694 19
1745740160207 0.010636778020927188 20
1745740222971 0.009668557011351293 21
1745740285638 0.008264659687743656 22
1745740348460 0.007757175984621352 23
1745740410998 0.007201432435754307 24
1745740473539 0.0064557165320848625 25
1745740536036 0.005993562624599709 26
1745740598860 0.00562787171434231 27
1745740661385 0.0054348679639551105 28
1745740724022 0.005152681083370913 29
