1745738899391 0.12794921114208832 0
1745738963334 0.4414829372729344 1
1745739027026 0.5635370583530084 2
1745739089571 0.6892328083680722 3
1745739152835 0.7433501589140844 4
1745739216637 0.7196256483379345 5
1745739280316 0.6920723487668733 6
1745739343885 0.731563355909927 7
1745739406664 0.6918535177562302 8
1745739469204 0.6819993005288091 9
1745739531834 0.704863290458725 10
1745739594462 0.7157684407992325 11
1745739657087 0.704174956014561 12
1745739720647 0.7100245336008272 13
1745739783361 0.6807215210348982 14
1745739846091 0.6890831447307779 15
1745739908896 0.675952309295027 16
1745739972142 0.684136329301585 17
1745740034871 0.7272833134193122 18
1745740098398 0.7032176783701678 19
1745740161124 0.7207061923277673 20
1745740223870 0.7273083137266708 21
1745740286679 0.684660184313577 22
1745740349357 0.702270465670282 23
1745740411908 0.6973647207968844 24
1745740474435 0.6848329000343902 25
1745740537181 0.7011739978726932 26
1745740599764 0.7092081092176118 27
1745740662305 0.7059550905691752 28
1745740724921 0.6809404887021671 29
