1745738899391 0.5274151436030643 0
1745738963334 0.6734006734006167 1
1745739027026 0.7408354646205677 2
1745739089571 0.7491749174916873 3
1745739152835 0.7862595419846661 4
1745739216637 0.7738985868661036 5
1745739280316 0.7523885350317872 6
1745739343885 0.7881646655230885 7
1745739406664 0.7523734177214595 8
1745739469204 0.777684563758324 9
1745739531834 0.7701711491441915 10
1745739594462 0.7963286713286016 11
1745739657087 0.7866215071972238 12
1745739720647 0.7709359605910697 13
1745739783361 0.7707477403450476 14
1745739846091 0.7610619469025937 15
1745739908896 0.7341673182172999 16
1745739972142 0.7801003344480952 17
1745740034871 0.7865546218486734 18
1745740098398 0.7709179528837716 19
1745740161124 0.7775020678245841 20
1745740223870 0.7784280936454199 21
1745740286679 0.7550362610797136 22
1745740349357 0.7733224222585292 23
1745740411908 0.7708674304418354 24
1745740474435 0.7575999999999393 25
1745740537181 0.7708850289494813 26
1745740599764 0.7681632653060597 27
1745740662305 0.7684210526315167 28
1745740724921 0.761674718196396 29
