1745738899391 0.36168307967767577 0
1745738963334 0.7162041181736154 1
1745739027026 0.7779767233660897 2
1745739089571 0.8128916741270534 3
1745739152835 0.8299015219336768 4
1745739216637 0.8334825425245449 5
1745739280316 0.8460161145925831 6
1745739343885 0.8227394807519406 7
1745739406664 0.8513876454788852 8
1745739469204 0.8299015219336768 9
1745739531834 0.8460161145925831 10
1745739594462 0.8155774395702045 11
1745739657087 0.8316920322291108 12
1745739720647 0.840644583706281 13
1745739783361 0.839749328558564 14
1745739846091 0.8469113697403001 15
1745739908896 0.840644583706281 16
1745739972142 0.8352730528199789 17
1745740034871 0.83795881826313 18
1745740098398 0.8495971351834513 19
1745740161124 0.8415398388539981 20
1745740223870 0.8334825425245449 21
1745740286679 0.838854073410847 22
1745740349357 0.8460161145925831 23
1745740411908 0.8433303491494321 24
1745740474435 0.8478066248880172 25
1745740537181 0.8343777976722618 26
1745740599764 0.842435094001715 27
1745740662305 0.8495971351834513 28
1745740724921 0.8469113697403001 29
