1746652618211 2e-05 0
1746652814740 4e-05 1
1746653009101 6.000000000000001e-05 2
1746653203242 8e-05 3
1746653394621 8e-05 4
1746653587678 8e-05 5
1746653779442 8e-05 6
1746653971383 8e-05 7
1746654163788 8e-05 8
1746654355703 8e-05 9
1746654547386 8e-05 10
1746654741654 8e-05 11
1746654934228 8e-05 12
1746655126074 8e-05 13
1746655317985 8e-05 14
1746655509710 6.400000000000001e-05 15
1746655701389 6.400000000000001e-05 16
1746655893275 5.120000000000001e-05 17
1746656084990 5.120000000000001e-05 18
1746656276688 4.0960000000000014e-05 19
1746656468475 4.0960000000000014e-05 20
1746656661018 3.276800000000001e-05 21
1746656852742 3.276800000000001e-05 22
1746657045037 2.6214400000000008e-05 23
1746657237134 2.6214400000000008e-05 24
1746657428852 2.097152000000001e-05 25
1746657621423 2.097152000000001e-05 26
1746657813124 1.6777216000000006e-05 27
1746658005307 1.6777216000000006e-05 28
1746658198235 1.3421772800000009e-05 29
