1745574522041 0.31321399108301595 0
1745574596819 0.5300599480101347 1
1745574669976 0.6492199238959689 2
1745574741791 0.6636244288602675 3
1745574813316 0.6815489522451801 4
1745574882831 0.7067317502639957 5
1745574956520 0.697996328585403 6
1745575025754 0.7179989035245105 7
1745575094892 0.7149755364099698 8
1745575165360 0.7325464226410264 9
1745575234809 0.704474659287519 10
1745575306606 0.6970020960081456 11
1745575375159 0.7056725836390144 12
1745575445904 0.7196202575968729 13
1745575517678 0.7066734552996163 14
1745575586415 0.7029224998636074 15
1745575655241 0.7103796562857406 16
1745575724077 0.7082844252554471 17
1745575793750 0.7159408653448873 18
1745575863559 0.7091960792219111 19
1745575932643 0.7112606782982085 20
1745576001626 0.712372769191534 21
1745576070593 0.7144260084823222 22
1745576139419 0.7104157425603904 23
1745576208052 0.706895993921369 24
1745576276631 0.7114257436235032 25
1745576345061 0.7093170658852326 26
1745576414589 0.7068737476446987 27
1745576483443 0.7094168369840573 28
1745576553052 0.7099646693002301 29
