1745574515170 1.008420197635281 0
1745574587389 0.36744719774139173 1
1745574662784 0.2577620439079343 2
1745574735346 0.2182885349861213 3
1745574806208 0.16577491597557553 4
1745574877174 0.13566227812243967 5
1745574950394 0.10838785509065706 6
1745575020230 0.08434395826592737 7
1745575089126 0.06835190507070142 8
1745575159892 0.059901850583145816 9
1745575228845 0.05154461434529144 10
1745575301293 0.043398457199183046 11
1745575369282 0.03529856089806678 12
1745575440387 0.025382234458336417 13
1745575512129 0.019363607745617628 14
1745575580825 0.01620779045363318 15
1745575649845 0.014595015848777732 16
1745575718556 0.013351781973235157 17
1745575787598 0.012698137438951098 18
1745575857190 0.01177497379177687 19
1745575926717 0.011237466788603639 20
1745575995828 0.010704665306993589 21
1745576064630 0.010133397095475574 22
1745576133577 0.00980971048928189 23
1745576202404 0.009551633258673305 24
1745576271046 0.009307094136899223 25
1745576339584 0.009299531847485627 26
1745576408090 0.009045400281379722 27
1745576477513 0.008934387661592692 28
1745576546914 0.008895648035163782 29
