1745574515170 4e-05 0
1745574587389 4e-05 1
1745574662784 4e-05 2
1745574735346 8e-05 3
1745574806208 8e-05 4
1745574877174 8e-05 5
1745574950394 8e-05 6
1745575020230 8e-05 7
1745575089126 8e-05 8
1745575159892 8e-05 9
1745575228845 8e-05 10
1745575301293 8e-05 11
1745575369282 8e-05 12
1745575440387 2.8e-05 13
1745575512129 2.8e-05 14
1745575580825 1.96e-05 15
1745575649845 1.96e-05 16
1745575718556 1.3719999999999997e-05 17
1745575787598 1.3719999999999997e-05 18
1745575857190 9.603999999999998e-06 19
1745575926717 9.603999999999998e-06 20
1745575995828 6.7227999999999986e-06 21
1745576064630 6.7227999999999986e-06 22
1745576133577 4.705959999999999e-06 23
1745576202404 4.705959999999999e-06 24
1745576271046 3.294171999999999e-06 25
1745576339584 3.294171999999999e-06 26
1745576408090 2.305920399999999e-06 27
1745576477513 2.305920399999999e-06 28
1745576546914 1.6141442799999992e-06 29
