1745574522041 0.5948434622467224 0
1745574596819 0.718828451882785 1
1745574669976 0.7593220338982407 2
1745574741791 0.7512355848434307 3
1745574813316 0.7481481481480865 4
1745574882831 0.7831632653060558 5
1745574956520 0.7843642611683175 6
1745575025754 0.7570850202428536 7
1745575094892 0.7888412017166705 8
1745575165360 0.7658333333332695 9
1745575234809 0.7959363957596469 10
1745575306606 0.7598039215685654 11
1745575375159 0.7838765008575657 12
1745575445904 0.7876480541454494 13
1745575517678 0.7819103972949466 14
1745575586415 0.7748953974894749 15
1745575655241 0.7773109243696825 16
1745575724077 0.766393442622888 17
1745575793750 0.7765869744434644 18
1745575863559 0.7802013422818137 19
1745575932643 0.7755610972567933 20
1745576001626 0.7761194029850103 21
1745576070593 0.7738193869096294 22
1745576139419 0.7706953642383467 23
1745576208052 0.7707641196012649 24
1745576276631 0.7741666666666022 25
1745576345061 0.7698675496688104 26
1745576414589 0.7682119205297377 27
1745576483443 0.7692307692307055 28
1745576553052 0.7746243739565296 29
