1745574522041 0.33257614808816327 0
1745574596819 0.5042990990375347 1
1745574669976 0.6451306106451313 2
1745574741791 0.6360874880804926 3
1745574813316 0.6782085252368812 4
1745574882831 0.7242740428278894 5
1745574956520 0.6953633812538887 6
1745575025754 0.6897202278252508 7
1745575094892 0.7154185112988688 8
1745575165360 0.7368322297619349 9
1745575234809 0.715313805916774 10
1745575306606 0.6858157170172198 11
1745575375159 0.7086770827219975 12
1745575445904 0.7071600508999938 13
1745575517678 0.692833444872993 14
1745575586415 0.683828638422839 15
1745575655241 0.6956123404346692 16
1745575724077 0.6872549862126667 17
1745575793750 0.6957787911464979 18
1745575863559 0.6945435007183977 19
1745575932643 0.6942590455923514 20
1745576001626 0.6955282817213553 21
1745576070593 0.699134323073837 22
1745576139419 0.6922763022647741 23
1745576208052 0.6890511682168972 24
1745576276631 0.6960348018060757 25
1745576345061 0.6908375562245447 26
1745576414589 0.6883182079433021 27
1745576483443 0.6908201619436517 28
1745576553052 0.6930045239966225 29
