1745574522041 0.5783348254251944 0
1745574596819 0.7690241718889195 1
1745574669976 0.8021486123544492 2
1745574741791 0.8164726947179215 3
1745574813316 0.8137869292747705 4
1745574882831 0.8245299910473747 5
1745574956520 0.8173679498656385 6
1745575025754 0.837063563115413 7
1745575094892 0.8227394807519406 8
1745575165360 0.8227394807519406 9
1745575234809 0.8066248880930343 10
1745575306606 0.8325872873768279 11
1745575375159 0.8182632050133556 12
1745575445904 0.8334825425245449 13
1745575517678 0.8281110116382427 14
1745575586415 0.8290062667859598 15
1745575655241 0.8281110116382427 16
1745575724077 0.837063563115413 17
1745575793750 0.8433303491494321 18
1745575863559 0.8325872873768279 19
1745575932643 0.8352730528199789 20
1745576001626 0.83795881826313 21
1745576070593 0.8361683079676959 22
1745576139419 0.8334825425245449 23
1745576208052 0.8307967770813938 24
1745576276631 0.8316920322291108 25
1745576345061 0.8325872873768279 26
1745576414589 0.8307967770813938 27
1745576483443 0.8325872873768279 28
1745576553052 0.8307967770813938 29
