1746628535211 0.26525821596241017 0
1746628601711 0.6993355481726994 1
1746628668417 0.7091454272863036 2
1746628736186 0.7788057190916081 3
1746628803874 0.7498045347927482 4
1746628869382 0.7913851351350683 5
1746628935275 0.7898305084745093 6
1746629000918 0.7760942760942108 7
1746629066898 0.7666941467435476 8
1746629133333 0.7610114192495301 9
1746629199471 0.7409733124018256 10
1746629264852 0.7654723127035207 11
1746629330141 0.7591240875911793 12
1746629395593 0.767499999999936 13
1746629461060 0.7604501607716431 14
1746629526493 0.772100567720943 15
1746629592560 0.7688524590163304 16
1746629658806 0.7754763877381295 17
1746629724760 0.7751677852348343 18
1746629790601 0.769808173477834 19
1746629856490 0.7668308702790831 20
1746629922331 0.7775919732440821 21
1746629988482 0.7677261613691305 22
1746630054652 0.7811194653299264 23
1746630121084 0.7664473684209896 24
1746630187502 0.7670221493026442 25
1746630255859 0.7732558139534241 26
1746630322021 0.7692939244662751 27
1746630388696 0.7675941080195771 28
1746630455441 0.7669111654441102 29
