1744405199751 0.2436627457434023 0
1744405233329 0.6451646516537025 1
1744405267325 0.6459082231551668 2
1744405300540 0.7121197489524232 3
1744405334953 0.6753445917881429 4
1744405368389 0.7094009590890822 5
1744405401952 0.7026984139879898 6
1744405435735 0.7233779264916996 7
1744405469576 0.7038987224369103 8
1744405503409 0.7134746836421745 9
1744405537439 0.7380125392476033 10
1744405572508 0.7312477521063016 11
1744405606392 0.7199954575950429 12
1744405640255 0.7371624354930324 13
1744405675731 0.7283505629755124 14
1744405710087 0.7096051840643756 15
1744405744182 0.7210147556993659 16
1744405778098 0.7153650370806148 17
1744405812252 0.6992786893670117 18
1744405846122 0.7197681235254835 19
1744405879952 0.7293507003342311 20
1744405913537 0.7053293992341303 21
1744405947101 0.7088918126145262 22
1744405980581 0.7261806843516061 23
1744406013972 0.738199973053479 24
1744406048508 0.7331227769443871 25
1744406082384 0.7119167347813584 26
1744406116198 0.7304142266568593 27
1744406150075 0.7263887899081056 28
1744406183876 0.7362217548087159 29
1744406217546 0.732163561594574 30
1744406251219 0.7241768218222248 31
