1746777789024 2e-05 0
1746777993809 4e-05 1
1746778201319 6.000000000000001e-05 2
1746778403458 8e-05 3
1746778604820 8e-05 4
1746778806032 8e-05 5
1746779006849 8e-05 6
1746779208222 8e-05 7
1746779408282 8e-05 8
1746779607863 8e-05 9
1746779810846 8e-05 10
1746780012338 8e-05 11
1746780214489 8e-05 12
1746780415190 8e-05 13
1746780615721 8e-05 14
1746780816175 6.400000000000001e-05 15
1746781018209 6.400000000000001e-05 16
1746781218931 5.120000000000001e-05 17
1746781418622 5.120000000000001e-05 18
1746781619314 4.0960000000000014e-05 19
1746781819633 4.0960000000000014e-05 20
1746782020268 3.276800000000001e-05 21
1746782220167 3.276800000000001e-05 22
1746782419952 2.6214400000000008e-05 23
1746782621038 2.6214400000000008e-05 24
1746782822339 2.097152000000001e-05 25
1746783022942 2.097152000000001e-05 26
1746783223486 1.6777216000000006e-05 27
1746783424160 1.6777216000000006e-05 28
1746783625942 1.3421772800000009e-05 29
