1746777792653 0.7370242214032804 0
1746777997861 0.8094199737833684 1
1746778204966 0.7924528301386995 2
1746778407256 0.8005126014024068 3
1746778608709 0.7875108412335884 4
1746778809196 0.7953468332115269 5
1746779010951 0.7628781683885797 6
1746779211812 0.791159224126747 7
1746779411482 0.788546255456551 8
1746779612532 0.7418371788790108 9
1746779814967 0.7482206405193302 10
1746780015849 0.741523557853955 11
1746780217964 0.7923179990566735 12
1746780418819 0.0 13
1746780619317 0.0 14
1746780820016 0.0 15
1746781021855 0.0 16
1746781222172 0.0 17
1746781422229 0.0 18
1746781622743 0.0 19
1746781822901 0.0 20
1746782023638 0.0 21
1746782223627 0.0 22
1746782423460 0.0 23
1746782624763 0.0 24
1746782825912 0.0 25
1746783026393 0.0 26
1746783226988 0.0 27
1746783428112 0.0 28
1746783630170 0.0 29
