1746777792653 0.5463082041149017 0
1746777997861 0.7246301574462455 1
1746778204966 0.6780898282719012 2
1746778407256 0.6948450449588546 3
1746778608709 0.6280265605191677 4
1746778809196 0.692745037783723 5
1746779010951 0.6229364279457563 6
1746779211812 0.7296366839624262 7
1746779411482 0.6698696984448913 8
1746779612532 0.6452042277965847 9
1746779814967 0.6582372813718922 10
1746780015849 0.6560489834987746 11
1746780217964 0.7405731689664525 12
1746780418819 0.0 13
1746780619317 0.0 14
1746780820016 0.0 15
1746781021855 0.0 16
1746781222172 0.0 17
1746781422229 0.0 18
1746781622743 0.0 19
1746781822901 0.0 20
1746782023638 0.0 21
1746782223627 0.0 22
1746782423460 0.0 23
1746782624763 0.0 24
1746782825912 0.0 25
1746783026393 0.0 26
1746783226988 0.0 27
1746783428112 0.0 28
1746783630170 0.0 29
