1745750936780 1.2041967740425696 0
1745750968763 0.5184072508261754 1
1745751001031 0.33285764776743376 2
1745751033521 0.28229093809540456 3
1745751066197 0.20794977949788937 4
1745751099040 0.1626447020814969 5
1745751131415 0.1322546138499792 6
1745751163894 0.10404429505937375 7
1745751196429 0.08432798381321706 8
1745751229744 0.07419478363142563 9
1745751262474 0.04913143104372116 10
1745751295071 0.037394986452104956 11
1745751329051 0.028241153806447983 12
1745751361886 0.022246397127254076 13
1745751394523 0.016822157159017827 14
1745751427773 0.01352837027158015 15
1745751460545 0.011391583991308626 16
1745751493128 0.009395289700478315 17
1745751525742 0.0077942628279113425 18
1745751558713 0.007526568327403556 19
