1745750936780 2e-05 0
1745750968763 2e-05 1
1745751001031 2e-05 2
1745751033521 8e-05 3
1745751066197 8e-05 4
1745751099040 8e-05 5
1745751131415 8e-05 6
1745751163894 8e-05 7
1745751196429 8e-05 8
1745751229744 8e-05 9
1745751262474 8e-05 10
1745751295071 8e-05 11
1745751329051 6.400000000000001e-05 12
1745751361886 6.400000000000001e-05 13
1745751394523 5.120000000000001e-05 14
1745751427773 5.120000000000001e-05 15
1745751460545 4.0960000000000014e-05 16
1745751493128 4.0960000000000014e-05 17
1745751525742 3.276800000000001e-05 18
1745751558713 3.276800000000001e-05 19
