1745750937685 0.0787273976552457 0
1745750969677 0.4255794723241157 1
1745751001971 0.6005196475729279 2
1745751034422 0.6060467245616028 3
1745751067111 0.683888448248429 4
1745751099941 0.6412232321670845 5
1745751132313 0.6438920959887999 6
1745751164798 0.6254303522212658 7
1745751197426 0.7067529551960661 8
1745751230701 0.6569502156301762 9
1745751263390 0.6635345101523208 10
1745751296637 0.6952488025747399 11
1745751330164 0.663611816395036 12
1745751362800 0.6832296726697127 13
1745751395427 0.6937549236902677 14
1745751428771 0.6687815467231715 15
1745751461436 0.6815832350532965 16
1745751494034 0.6821985662182123 17
1745751526939 0.6738387123390512 18
1745751559632 0.6649471921004343 19
