1746766265288 408.4294779560353 0
1746766390092 173.59403085236502 1
1746766511044 93.13127536584835 2
1746766630463 64.31129667074373 3
1746766752592 48.187718325322216 4
1746766878955 36.272449247907886 5
1746767001944 27.617646283442433 6
1746767126991 22.16150660562043 7
1746767239541 18.864014719972516 8
1746767359944 16.298738602364416 9
1746767478773 13.53490143011112 10
1746767606548 10.578372917552986 11
1746767734905 9.392624685079744 12
1746767863105 8.418216983870705 13
1746767991359 6.902021554437014 14
1746768119767 5.1554380100552395 15
1746768249144 4.001158936188952 16
1746768377330 3.243191690728216 17
1746768505699 2.7399946510201634 18
1746768634207 2.260021723142945 19
