1746766269288 0.010220548682079998 0
1746766394109 0.1937390648527222 1
1746766513955 0.49010159894063443 2
1746766632562 0.7097320969603805 3
1746766754546 0.7867102871764037 4
1746766882399 0.8100967987555323 5
1746767005862 0.9183833357235477 6
1746767130049 0.9513672604960888 7
1746767242544 0.938136657275728 8
1746767362636 0.9126053388215405 9
1746767481818 0.919432854120498 10
1746767609155 0.9227171346909327 11
1746767737785 0.9457676229018271 12
1746767865796 0.9328751373135883 13
1746767993943 0.9661329854993084 14
1746768122431 0.9771607178096121 15
1746768251987 0.9730139839693126 16
1746768380153 0.970301412568327 17
1746768508606 0.9739118176068277 18
1746768636920 0.971912537587812 19
