1746610733363 2e-05 0
1746610819040 4e-05 1
1746610900207 6.000000000000001e-05 2
1746610974146 8e-05 3
1746611096342 8e-05 4
1746611216161 8e-05 5
1746611343052 8e-05 6
1746611470695 8e-05 7
1746611599283 8e-05 8
1746611717328 8e-05 9
1746611838617 8e-05 10
1746611955311 8e-05 11
1746612081480 8e-05 12
1746612207762 8e-05 13
1746612328254 8e-05 14
1746612451793 6.400000000000001e-05 15
1746612575064 6.400000000000001e-05 16
1746612695061 5.120000000000001e-05 17
1746612803802 5.120000000000001e-05 18
1746612928893 4.0960000000000014e-05 19
1746613040304 4.0960000000000014e-05 20
1746613159642 3.276800000000001e-05 21
1746613284462 3.276800000000001e-05 22
1746613405455 2.6214400000000008e-05 23
1746613523870 2.6214400000000008e-05 24
1746613647545 2.097152000000001e-05 25
1746613776647 2.097152000000001e-05 26
1746613905140 1.6777216000000006e-05 27
1746614031800 1.6777216000000006e-05 28
1746614158008 1.3421772800000009e-05 29
