1746610733363 825.7365324059311 0
1746610819040 410.0506591796875 1
1746610900207 349.89098825260083 2
1746610974146 315.6922503101582 3
1746611096342 187.9036693183743 4
1746611216161 110.7605875754843 5
1746611343052 78.89113698686872 6
1746611470695 57.9915240346169 7
1746611599283 45.97573418519935 8
1746611717328 35.5171646196015 9
1746611838617 28.4588379957238 10
1746611955311 22.605564886209915 11
1746612081480 17.555932930537633 12
1746612207762 15.215292950065768 13
1746612328254 13.40686066296636 14
1746612451793 10.350632803780693 15
1746612575064 8.561921917662328 16
1746612695061 7.04947998572369 17
1746612803802 6.105010597073302 18
1746612928893 5.329729226170754 19
1746613040304 4.566358040790169 20
1746613159642 3.9775657872764434 21
1746613284462 3.598088894571577 22
1746613405455 3.285251573640473 23
1746613523870 3.0488977845834224 24
1746613647545 2.862353726309173 25
1746613776647 2.618802170364224 26
1746613905140 2.4633418613550613 27
1746614031800 2.354034983381933 28
1746614158008 2.1955282213736553 29
