1746610736424 0.0 0
1746610821716 0.0 1
1746610903285 0.0 2
1746610977583 0.0006464124111177502 3
1746611098866 0.2293424045768125 4
1746611219500 0.36321710729803824 5
1746611345952 0.47003583497311907 6
1746611473677 0.5396973809945866 7
1746611602434 0.5922912591769858 8
1746611720573 0.6225316612444188 9
1746611841648 0.6540336714283522 10
1746611957306 0.6860884635002727 11
1746612084034 0.6520769360768675 12
1746612210295 0.7315468954611888 13
1746612330920 0.6962429712307194 14
1746612454284 0.6850431570775565 15
1746612578026 0.693075274085706 16
1746612698524 0.6810767080272034 17
1746612806126 0.6793490509471659 18
1746612932097 0.6771412799410425 19
1746613043094 0.678342013519013 20
1746613161966 0.6800814345871776 21
1746613287916 0.6911267890023697 22
1746613408860 0.6843149434999186 23
1746613527016 0.7097348863519344 24
1746613651405 0.6885503240715262 25
1746613779432 0.6798606317310956 26
1746613907734 0.6829119998208986 27
1746614034587 0.6971137720942236 28
1746614160836 0.6975307497064988 29
