1745581735268 0.43085106382971083 0
1745582454233 0.6524938675387856 1
1745583144707 0.6885113268607856 2
1745583214176 0.7493897477623475 3
1745583842039 0.7406793703396238 4
1745584504147 0.7600657354148923 5
1745584959126 0.7872340425531245 6
1745585498735 0.7314017227877265 7
1745586042713 0.7607052896724802 8
1745586608321 0.7447833065809996 9
1745587178505 0.7461847389557633 10
1745587732799 0.7616279069766809 11
1745588307548 0.781302170283741 12
1745588892076 0.7824620573355158 13
1745589503844 0.7784330244312739 14
1745590135469 0.770954356846409 15
1745590768850 0.7651888341542885 16
1745591404692 0.7681518151814547 17
1745592049225 0.7754763877381295 18
1745592677824 0.7626016260161982 19
1745593303823 0.7697368421051999 20
1745593925263 0.7660438667749174 21
1745594561549 0.777684563758324 22
1745595187900 0.7666941467435476 23
1745595824301 0.7623355263157268 24
1745596461396 0.7627677100493605 25
1745597064403 0.7716666666666023 26
1745597690270 0.7604938271604312 27
1745598323899 0.7577996715927128 28
1745598826767 0.777684563758324 29
