1746197005557 0.9052551321837367 0
1746197070934 0.29655367713801717 1
1746197136127 0.2103375228387969 2
1746197202966 0.17097390367060292 3
1746197268786 0.13255447392560998 4
1746197334563 0.0992987224338006 5
1746197400293 0.07595092157015995 6
1746197465122 0.060570359439113916 7
1746197529948 0.04744486814858962 8
1746197595073 0.041695344603943585 9
1746197659921 0.03500173634336311 10
1746197725262 0.028292478936515292 11
1746197790067 0.026420192023245047 12
1746197855164 0.02405216357651718 13
1746197920038 0.0218221222962804 14
1746197985783 0.01913222328436618 15
1746198050706 0.0133990448928077 16
1746198115515 0.01045894581463416 17
1746198180403 0.007941765684577428 18
1746198245135 0.0063850967835977065 19
1746198310287 0.005541134721894121 20
1746198375051 0.0048415235502702395 21
1746198439766 0.004021049243735378 22
1746198504637 0.0038143032627199224 23
1746198569287 0.0035301915830837525 24
1746198634036 0.003327199942147245 25
1746198699415 0.0030661388591397554 26
1746198764049 0.002692243672327652 27
1746198828896 0.0023628254064681884 28
1746198893894 0.0022104394928628237 29
