1746197007378 0.3145466396660718 0
1746197072652 0.5498043233183925 1
1746197137581 0.6229892281333549 2
1746197204285 0.6141696224446813 3
1746197269814 0.7018793772002195 4
1746197335795 0.6993686118137655 5
1746197401305 0.6466654111751181 6
1746197466137 0.6356890503960797 7
1746197531285 0.6499903695727631 8
1746197596100 0.6892143881802084 9
1746197661511 0.6853517255828584 10
1746197726268 0.6701869900231652 11
1746197791307 0.657807112404999 12
1746197856190 0.6856191373435577 13
1746197921083 0.70895501270285 14
1746197986824 0.6917014724824244 15
1746198051715 0.6477864342469223 16
1746198116567 0.6857075931585308 17
1746198181403 0.6904360155880146 18
1746198246530 0.683307309620883 19
1746198311316 0.6545164635809007 20
1746198376047 0.6645325955997756 21
1746198441012 0.6616793336100899 22
1746198505636 0.667361168733119 23
1746198570305 0.644501046456006 24
1746198635731 0.6673565995178201 25
1746198700413 0.6479821046319911 26
1746198765214 0.6728313063209155 27
1746198830160 0.6636282494269127 28
1746198894913 0.661664784602361 29
