1745831022130 0.7256857854863548 0
1745831217143 0.77873811576676 1
1745831413902 0.790209790159749 2
1745831611620 0.7763605441677469 3
1745831805507 0.7732656513883261 4
1745831999713 0.7380759902495216 5
1745832194630 0.7909604519273746 6
1745832390811 0.7731520815133607 7
1745832585786 0.7805507744766859 8
1745832781245 0.7977862919892175 9
1745832978043 0.8106430154709967 10
1745833174421 0.7493356952555192 11
1745833369288 0.7504440496835068 12
1745833563646 0.7657453556363903 13
1745833758505 0.7465785747495104 14
1745833953515 0.7647855529973386 15
1745834146970 0.764168190077923 16
1745834340877 0.7757788503229219 17
1745834535710 0.7715555555054895 18
1745834729316 0.7711060947580605 19
1745834923226 0.7784810126081624 20
1745835117288 0.7759282970050996 21
1745835311325 0.793044953300368 22
1745835507063 0.8074588030722685 23
1745835702103 0.8088235293617516 24
1745835896454 0.7946735394689135 25
1745836090319 0.7831377661385879 26
1745836283452 0.7982532750591305 27
1745836476768 0.7930434782108419 28
1745836670535 0.7889750214831648 29
1745836864333 0.7926988265471051 30
1745837058432 0.7949389179255297 31
1745837252220 0.7922077921577777 32
1745837445791 0.7986111110610878 33
1745837639444 0.7924203272540518 34
