1745831022130 0.5363247758100491 0
1745831217143 0.6839165536537019 1
1745831413902 0.7164656092428239 2
1745831611620 0.6627305782797956 3
1745831805507 0.6662704884870261 4
1745831999713 0.6292321711558597 5
1745832194630 0.6931859414167312 6
1745832390811 0.6827391514614571 7
1745832585786 0.7011982835618121 8
1745832781245 0.7383056240548735 9
1745832978043 0.7491489306270164 10
1745833174421 0.6754384692100588 11
1745833369288 0.6805035522409194 12
1745833563646 0.6924175768327674 13
1745833758505 0.6640436806752619 14
1745833953515 0.6816408936996472 15
1745834146970 0.6865895067755583 16
1745834340877 0.6942778208865812 17
1745834535710 0.6836412037028435 18
1745834729316 0.7029350981514906 19
1745834923226 0.7038426580207925 20
1745835117288 0.6978810208468619 21
1745835311325 0.7147924384917174 22
1745835507063 0.7328362711765054 23
1745835702103 0.7366105919191985 24
1745835896454 0.7031605940313226 25
1745836090319 0.7135774883124059 26
1745836283452 0.7217896550024187 27
1745836476768 0.7078351920257936 28
1745836670535 0.6943207846063759 29
1745836864333 0.7014333344279217 30
1745837058432 0.7055011989986989 31
1745837252220 0.7102817657369068 32
1745837445791 0.7090187640572652 33
1745837639444 0.6981422848894504 34
