1745831022130 0.6152664010316842 0
1745831217143 0.7282661977159971 1
1745831413902 0.7672426918650176 2
1745831611620 0.7313835152680095 3
1745831805507 0.7398099734994179 4
1745831999713 0.7527317608468115 5
1745832194630 0.746192048426194 6
1745832390811 0.7487863376208903 7
1745832585786 0.7552861200148951 8
1745832781245 0.8027719191639741 9
1745832978043 0.7786330350860762 10
1745833174421 0.7218333690058274 11
1745833369288 0.7200049023069058 12
1745833563646 0.7121210538878662 13
1745833758505 0.6756083914765891 14
1745833953515 0.7109636804271037 15
1745834146970 0.6986105788123633 16
1745834340877 0.7306681039356968 17
1745834535710 0.7217795323651579 18
1745834729316 0.7214062069985231 19
1745834923226 0.7234586268570987 20
1745835117288 0.7596559404721859 21
1745835311325 0.7910483901772017 22
1745835507063 0.7741379366379579 23
1745835702103 0.7777494431831712 24
1745835896454 0.7595329062766095 25
1745836090319 0.7580989326904444 26
1745836283452 0.7622606800090215 27
1745836476768 0.7552368464625007 28
1745836670535 0.7508386257263664 29
1745836864333 0.7534809176504762 30
1745837058432 0.7502574869128915 31
1745837252220 0.7587666411465788 32
1745837445791 0.7578235841146296 33
1745837639444 0.7544972634277367 34
