1746693959115 467.34042451819596 0
1746694086555 253.34642215650908 1
1746694215911 116.80824871452488 2
1746694343980 70.78089702372648 3
1746694471270 49.59000291629713 4
1746694598324 36.55567272341981 5
1746694723620 27.893535789178344 6
1746694851915 21.711458828984476 7
1746694977598 17.419405489551778 8
1746695102787 13.93278981228264 9
1746695228191 11.241873624373456 10
1746695349497 10.023261328132785 11
1746695473353 9.589719431740898 12
1746695600334 7.626938265197131 13
1746695725971 6.658453148238513 14
1746695852805 4.760471587278405 15
1746695977451 3.7134238481521606 16
1746696095238 3.0118666254744237 17
1746696220843 2.5765595533409895 18
1746696347205 2.045971926377744 19
1746696472524 1.81715435154584 20
1746696596287 1.5807536207899755 21
1746696723495 1.4022563227585383 22
1746696846840 1.2766755588200627 23
1746696970869 1.199140124783224 24
1746697098302 1.0825895423791847 25
1746697194795 0.9917878441664637 26
1746697315387 0.9056335511256237 27
1746697434831 0.8013805357777343 28
1746697558415 0.736396790158992 29
