1745576203031 0.2043010752687074 0
1745576506318 0.6279863481228133 1
1745576550430 0.6653846153845642 2
1745576589654 0.7272727272726682 3
1745576629187 0.7109004739335931 4
1745576667901 0.7495840266222338 5
1745576709406 0.7536945812807263 6
1745576748478 0.7320574162678842 7
1745576787669 0.7582139848356564 8
1745576826825 0.7957931638912537 9
1745576866443 0.7348423605496577 10
1745576911237 0.7269789983844324 11
1745576951151 0.7292332268370024 12
1745576994937 0.7568464730289828 13
1745577035094 0.7453213995117376 14
1745577074152 0.7589063794531268 15
1745577381102 0.7530966143682285 16
1745577419694 0.7443181818181214 17
1745577459047 0.739870340356504 18
1745577731206 0.7537067545304157 19
1745577769677 0.7487804878048171 20
1745577808637 0.7457489878541906 21
1745577848281 0.7557565789473062 22
1745577887732 0.7453213995117376 23
1745577927534 0.7512234910276712 24
1745578100518 0.7499999999999389 25
1745578271907 0.7512234910276712 26
