1745576203031 0.035168707261662616 0
1745576506318 0.4114949310025224 1
1745576550430 0.4897519787809563 2
1745576589654 0.5388888806540784 3
1745576629187 0.5838895721937202 4
1745576667901 0.64259346976837 5
1745576709406 0.7054446315713883 6
1745576748478 0.6363996542379714 7
1745576787669 0.6780130341019853 8
1745576826825 0.7466843591263245 9
1745576866443 0.6606037426801981 10
1745576911237 0.6505322468976658 11
1745576951151 0.6648775228429531 12
1745576994937 0.6821060741610905 13
1745577035094 0.6797010946849724 14
1745577074152 0.6798503828528187 15
1745577381102 0.6872815386834097 16
1745577419694 0.6715922985901248 17
1745577459047 0.6666943462626918 18
1745577731206 0.6869068370183639 19
1745577769677 0.6779499170616716 20
1745577808637 0.6734832054849207 21
1745577848281 0.6820346454909433 22
1745577887732 0.6731169531713003 23
1745577927534 0.6790615057319136 24
1745578100518 0.6822365355519706 25
1745578271907 0.683037187295866 26
