1745576203031 0.03401969561324673 0
1745576506318 0.6589077887197261 1
1745576550430 0.7743957027752216 2
1745576589654 0.8021486123544492 3
1745576629187 0.8057296329453173 4
1745576667901 0.8066248880930343 5
1745576709406 0.8218442256042237 6
1745576748478 0.8218442256042237 7
1745576787669 0.8057296329453173 8
1745576826825 0.8128916741270534 9
1745576866443 0.8137869292747705 10
1745576911237 0.8057296329453173 11
1745576951151 0.8173679498656385 12
1745576994937 0.8164726947179215 13
1745577035094 0.8200537153087896 14
1745577074152 0.8200537153087896 15
1745577381102 0.8164726947179215 16
1745577419694 0.8209489704565066 17
1745577459047 0.8173679498656385 18
1745577731206 0.8191584601610725 19
1745577769677 0.8245299910473747 20
1745577808637 0.8245299910473747 21
1745577848281 0.8227394807519406 22
1745577887732 0.8200537153087896 23
1745577927534 0.8245299910473747 24
1745578100518 0.8245299910473747 25
1745578271907 0.8245299910473747 26
