1745576203031 0.01123955696051112 0
1745576506318 0.4306039691408573 1
1745576550430 0.640809461176191 2
1745576589654 0.6607702249520424 3
1745576629187 0.6952517911731123 4
1745576667901 0.6948956653188646 5
1745576709406 0.7208495418986547 6
1745576748478 0.736236438872128 7
1745576787669 0.7134217555906428 8
1745576826825 0.7574731882040047 9
1745576866443 0.7590421822182489 10
1745576911237 0.7452006056488967 11
1745576951151 0.7520613864987425 12
1745576994937 0.7589862457473088 13
1745577035094 0.764720850967045 14
1745577074152 0.763692025653839 15
1745577381102 0.7557644082160251 16
1745577419694 0.762189070915759 17
1745577459047 0.7623781695916154 18
1745577731206 0.7594651197185318 19
1745577769677 0.7655034334444293 20
1745577808637 0.7663126159297666 21
1745577848281 0.7639729005293711 22
1745577887732 0.7605188604982984 23
1745577927534 0.7645381134536108 24
1745578100518 0.7656211248105903 25
1745578271907 0.7655034334444293 26
