1746468237629 0.0 0
1746468307102 0.0 1
1746468360301 0.0 2
1746468417540 0.0 3
1746468544281 0.01960784313724209 4
1746468671799 0.07142857142854925 5
1746468799753 0.09903381642509686 6
1746468926459 0.11399711399709754 7
1746469053535 0.11284722222220263 8
1746469179200 0.10373443983401413 9
1746469306389 0.1126213592232791 10
1746469432743 0.05429864253392846 11
1746469558330 0.0844504021447608 12
1746469685565 0.12826603325414154 13
1746469811533 0.0944055944055834 14
1746469936391 0.1043376318874438 15
1746470061712 0.12499999999998437 16
1746470187984 0.11506524317910853 17
1746470312828 0.09880749574103938 18
1746470437976 0.10012836970473682 19
1746470562943 0.10773480662981937 20
1746470688311 0.06626506024095387 21
1746470813727 0.08844507845933117 22
1746470940380 0.09645390070920618 23
1746471066274 0.10999999999998428 24
1746471191533 0.09077809798269584 25
1746471315519 0.08636363636362328 26
1746471441603 0.09517766497460721 27
1746471566599 0.08433734939757766 28
1746471693375 0.09182209469152197 29
