1745830875974 0.5988125529611137 0
1745830936212 0.7814685314184909 1
1745830997917 0.7748460861416799 2
1745831058417 0.7684901531228241 3
1745831119280 0.7963206306989677 4
1745831180240 0.7824591573016877 5
1745831240722 0.7695560253200671 6
1745831301040 0.7957356076259503 7
1745831361980 0.7957805906673971 8
1745831422208 0.779265658697294 9
1745831482838 0.8061269146107859 10
1745831545359 0.7984661269206486 11
1745831605650 0.8091670338855951 12
1745831666564 0.7917205691608656 13
1745831727088 0.7926348092441209 14
1745831787302 0.7849740932142435 15
1745831847575 0.7980977085535345 16
1745831907924 0.7973626373125835 17
1745831968752 0.7975778546212682 18
1745832029311 0.7977479427823786 19
1745832089617 0.7974082072934048 20
1745832149960 0.7933104630718042 21
1745832210306 0.7932816536967735 22
1745832270660 0.8017241378810341 23
1745832331058 0.8034557234921084 24
1745832391394 0.8017391303847541 25
1745832451709 0.7981099655857518 26
1745832512051 0.800860215003771 27
1745832572356 0.8013757523145836 28
1745832633807 0.7996560618588657 29
