1745830875974 0.358692229696586 0
1745830936212 0.59870506533968 1
1745830997917 0.6260993309614222 2
1745831058417 0.6476555513375362 3
1745831119280 0.6898506724714276 4
1745831180240 0.6991180093838542 5
1745831240722 0.640542108000347 6
1745831301040 0.708576474424818 7
1745831361980 0.671539758395904 8
1745831422208 0.6863705814707649 9
1745831482838 0.7171838010048387 10
1745831545359 0.6697493962286883 11
1745831605650 0.7110602935500855 12
1745831666564 0.6846347147502964 13
1745831727088 0.7115076499399975 14
1745831787302 0.6773302946958872 15
1745831847575 0.6824553627763787 16
1745831907924 0.7073071176529132 17
1745831968752 0.7025849496903599 18
1745832029311 0.6965216431535917 19
1745832089617 0.7038749947358109 20
1745832149960 0.6841572050348219 21
1745832210306 0.6844380820507158 22
1745832270660 0.6958692852150334 23
1745832331058 0.697296293855464 24
1745832391394 0.7077913021809855 25
1745832451709 0.6878502908203343 26
1745832512051 0.6916947659817742 27
1745832572356 0.7030311948637148 28
1745832633807 0.6903470543912038 29
