1745830875974 0.4384002581856536 0
1745830936212 0.6928959273305739 1
1745830997917 0.7150633405591568 2
1745831058417 0.7234619545008545 3
1745831119280 0.765839678980953 4
1745831180240 0.7556301861290687 5
1745831240722 0.7557534612358693 6
1745831301040 0.7848810966252587 7
1745831361980 0.7856578359438553 8
1745831422208 0.755717561146545 9
1745831482838 0.7621296831290121 10
1745831545359 0.7571965331926057 11
1745831605650 0.7670294284033047 12
1745831666564 0.7661822407054413 13
1745831727088 0.7537114590872906 14
1745831787302 0.7293369726549657 15
1745831847575 0.761706008669188 16
1745831907924 0.734862613205344 17
1745831968752 0.7452789839540291 18
1745832029311 0.7481616328148658 19
1745832089617 0.7482509252777834 20
1745832149960 0.7532429441990941 21
1745832210306 0.7454852455603296 22
1745832270660 0.7527498024718553 23
1745832331058 0.7522043159325077 24
1745832391394 0.7725664944435499 25
1745832451709 0.7506661059438483 26
1745832512051 0.7536058705609014 27
1745832572356 0.7779222326791584 28
1745832633807 0.7494580429351039 29
