1746747771812 0.10889532518055839 0
1746747837762 0.5052718532714761 1
1746747904310 0.6651071776352911 2
1746747970482 0.7583284660266005 3
1746748036881 0.8781630021458949 4
1746748104035 0.8434018179024613 5
1746748170258 0.8817049619271331 6
1746748238263 0.925963612180869 7
1746748306224 0.9280887508614153 8
1746748373346 0.8649116700377377 9
1746748438847 0.9422957937253822 10
1746748506759 0.9231748981958166 11
1746748572846 0.9474165836066688 12
1746748638744 0.9390259682258036 13
1746748704341 0.9601875461369721 14
1746748771342 0.956762176231327 15
1746748837431 0.9578097364849492 16
1746748905046 0.9625363938298227 17
1746748971219 0.9635881109460155 18
1746749037163 0.9636961904150918 19
