1746747771812 0.39033124440462036 0
1746747837762 0.8084153983884683 1
1746747904310 0.8299015219336768 2
1746747970482 0.8997314234556043 3
1746748036881 0.9373321396597191 4
1746748104035 0.9274843330348319 5
1746748170258 0.9579230080572105 6
1746748238263 0.9650850492389467 7
1746748306224 0.9677708146820977 8
1746748373346 0.9695613249775318 9
1746748438847 0.977618621306985 10
1746748506759 0.980304386750136 11
1746748572846 0.977618621306985 12
1746748638744 0.978513876454702 13
1746748704341 0.9847806624887211 14
1746748771342 0.979409131602419 15
1746748837431 0.9883616830795892 16
1746748905046 0.9847806624887211 17
1746748971219 0.9874664279318721 18
1746749037163 0.9874664279318721 19
