1745701635726 0.8950618587586344 0
1745701699282 0.38046317882075603 1
1745701763012 0.25136000298115674 2
1745701827468 0.20104558317332852 3
1745701891658 0.14681887945958547 4
1745701955026 0.11499609733570595 5
1745702018378 0.09126150893161492 6
1745702083535 0.07520998596232764 7
1745702147667 0.05878434153463768 8
1745702210519 0.04780411678461396 9
1745702274197 0.040488927739159186 10
1745702336970 0.0340146974622443 11
1745702400043 0.028224679964537522 12
1745702462540 0.02231658309013868 13
1745702525916 0.021466298836606498 14
1745702588913 0.021602216604336793 15
1745702651806 0.015804817529433236 16
1745702714827 0.013270953187852033 17
1745702777596 0.010773399939798579 18
1745702840514 0.008843023144659035 19
1745702903088 0.007725142581597426 20
1745702965622 0.007138010537327856 21
1745703028802 0.005945423204565839 22
1745703091518 0.005442374906198559 23
1745703154760 0.00514330239063699 24
1745703217945 0.0046415393922611 25
1745703280799 0.004467645966523916 26
1745703343588 0.004404292573762715 27
1745703406361 0.0039686527476189845 28
1745703469362 0.0039008808231969574 29
