1745701637491 0.3776223775743715 0
1745701700713 0.629468177805254 1
1745701764447 0.6704795424048611 2
1745701829442 0.6940598480964322 3
1745701893108 0.7080260303187497 4
1745701956493 0.7160706591486297 5
1745702021113 0.7157446808011249 6
1745702084979 0.7309201918383251 7
1745702149107 0.7180805483647689 8
1745702211933 0.734838424031393 9
1745702275881 0.727741935433885 10
1745702338530 0.7354379723821288 11
1745702401473 0.7349762213075391 12
1745702463968 0.736570691827971 13
1745702527614 0.721166592968062 14
1745702590329 0.7249134947596828 15
1745702653474 0.7127303182081046 16
1745702716244 0.7351398600898236 17
1745702779280 0.7275922670852781 18
1745702841944 0.7309513559551761 19
1745702904522 0.7269580267782055 20
1745702967081 0.7367506515572776 21
1745703030228 0.7228400341673167 22
1745703093212 0.7258687258187502 23
1745703156483 0.730172413743109 24
1745703219363 0.7274283268648829 25
1745703282219 0.7252368647217577 26
1745703345008 0.7287694973503347 27
1745703408119 0.7273507942823522 28
1745703470821 0.7333619578718751 29
