1745701637491 0.12301347043829665 0
1745701700713 0.45052515301391893 1
1745701764447 0.5247437084757371 2
1745701829442 0.5667776069276421 3
1745701893108 0.6466099499995379 4
1745701956493 0.6462647981539912 5
1745702021113 0.6671873781346043 6
1745702084979 0.6661152946446347 7
1745702149107 0.6751355258275118 8
1745702211933 0.650398184252609 9
1745702275881 0.6643701910478848 10
1745702338530 0.6267137073161841 11
1745702401473 0.6705617989468362 12
1745702463968 0.675872357989184 13
1745702527614 0.658086364584713 14
1745702590329 0.6568233270106572 15
1745702653474 0.6779855257680419 16
1745702716244 0.6632194621989822 17
1745702779280 0.651367790873975 18
1745702841944 0.6688171541784592 19
1745702904522 0.6624894874572471 20
1745702967081 0.6687123668329265 21
1745703030228 0.6670801300261792 22
1745703093212 0.6671679821322318 23
1745703156483 0.6714898554950544 24
1745703219363 0.6683267211943787 25
1745703282219 0.666577982309358 26
1745703345008 0.6653347534180472 27
1745703408119 0.6670095040297633 28
1745703470821 0.6735207460157935 29
