1745574704906 0.5582457742761465 0
1745574774445 0.7570867858200063 1
1745574843763 0.7873739587399565 2
1745574912756 0.7827557057827185 3
1745574981219 0.7898581864562431 4
1745575099656 0.7943512797381129 5
1745575192928 0.8116969427944172 6
1745575261835 0.8017316016815864 7
1745575329858 0.7933450087065218 8
1745575398359 0.7886710239151082 9
1745575466374 0.7887201734857708 10
1745575534663 0.7677261613195323 11
1745575603025 0.7975830815209922 12
1745575671499 0.8114434329798889 13
1745575740050 0.8055196204760864 14
1745575808107 0.8013846819058494 15
1745575877069 0.8104347825586663 16
1745575944793 0.8074426654627507 17
1745576012758 0.8063683304147217 18
1745576080914 0.8121739129934488 19
1745576149305 0.8055555555055318 20
1745576217048 0.8065489012856321 21
1745576285224 0.8006887644786312 22
1745576353371 0.8034408601650612 23
1745576421661 0.8037947390616839 24
1745576489680 0.8030954427703015 25
1745576558052 0.8034482758120683 26
1745576625923 0.8062283736524091 27
1745576694889 0.8044788974521557 28
1745576763730 0.803633217943067 29
