1745574684295 0.8906866546188082 0
1745574766469 0.31924053600856234 1
1745574837726 0.2208521325065165 2
1745574906854 0.186249173341357 3
1745574974914 0.14822060865711192 4
1745575093735 0.11637917913648547 5
1745575187179 0.09348976429627866 6
1745575255609 0.07271192131602035 7
1745575324037 0.05785010076527085 8
1745575392010 0.047362200250583034 9
1745575460760 0.03829922812173561 10
1745575528720 0.039257965202690384 11
1745575597026 0.030254610671604773 12
1745575665477 0.0214658462518484 13
1745575733816 0.01641411797086499 14
1745575802353 0.014187950141994017 15
1745575870392 0.012612888304402634 16
1745575939251 0.011187516989148393 17
1745576007096 0.010600763791221745 18
1745576075550 0.009907560261460592 19
1745576143558 0.009412361057095078 20
1745576210917 0.009002713111172221 21
1745576279250 0.00866596807478642 22
1745576346982 0.008181586540874322 23
1745576415725 0.008027301730626091 24
1745576483651 0.007880401082469948 25
1745576551829 0.007625515767544204 26
1745576620415 0.007460942192535315 27
1745576688488 0.007355536189291398 28
1745576757377 0.007130866822767623 29
