1745574704906 0.3059427868748491 0
1745574774445 0.5301912573318173 1
1745574843763 0.6686909497070871 2
1745574912756 0.6246348184456851 3
1745574981219 0.6939567255698886 4
1745575099656 0.7346505600506611 5
1745575192928 0.7297462704071361 6
1745575261835 0.7017310819552214 7
1745575329858 0.7141632922777961 8
1745575398359 0.6970238190548661 9
1745575466374 0.6840331295488074 10
1745575534663 0.6395893263222364 11
1745575603025 0.7050626559956805 12
1745575671499 0.7191604815133681 13
1745575740050 0.7006415366204195 14
1745575808107 0.7071876813863935 15
1745575877069 0.7245653253161207 16
1745575944793 0.7111738309482103 17
1745576012758 0.7074209294594573 18
1745576080914 0.7217539082119997 19
1745576149305 0.7071910675026417 20
1745576217048 0.7082694623951203 21
1745576285224 0.6991848766922659 22
1745576353371 0.7014264242853543 23
1745576421661 0.6953131063469377 24
1745576489680 0.69848972187793 25
1745576558052 0.6998291428166971 26
1745576625923 0.7032155646226609 27
1745576694889 0.6973233395217507 28
1745576763730 0.6969306826751566 29
