1745574704906 0.29408003773242253 0
1745574774445 0.601033969844049 1
1745574843763 0.6886983626686332 2
1745574912756 0.7521621145111147 3
1745574981219 0.7450958498007374 4
1745575099656 0.7417059176123891 5
1745575192928 0.7511014894319359 6
1745575261835 0.7470905531676899 7
1745575329858 0.7413631442564115 8
1745575398359 0.7513576902257202 9
1745575466374 0.7529959685185142 10
1745575534663 0.7768936645240488 11
1745575603025 0.7591250962148101 12
1745575671499 0.775912152073012 13
1745575740050 0.7836684110300329 14
1745575808107 0.7706374195509925 15
1745575877069 0.777737909196159 16
1745575944793 0.7756154875042702 17
1745576012758 0.7811676819574239 18
1745576080914 0.781267119540144 19
1745576149305 0.7744184675154515 20
1745576217048 0.7761807004285153 21
1745576285224 0.7728906051696529 22
1745576353371 0.775774773901217 23
1745576421661 0.7727621216857838 24
1745576489680 0.7756289626563754 25
1745576558052 0.7752095609769771 26
1745576625923 0.7721927607469021 27
1745576694889 0.7725986872742006 28
1745576763730 0.7698144476318375 29
