1745750918311 2e-05 0
1745751112580 2e-05 1
1745751304818 2e-05 2
1745751497377 8e-05 3
1745751690514 8e-05 4
1745751882727 8e-05 5
1745752076262 8e-05 6
1745752267602 8e-05 7
1745752459210 8e-05 8
1745752651087 8e-05 9
1745752845033 8e-05 10
1745753038551 8e-05 11
1745753230420 8e-05 12
1745753422729 8e-05 13
1745753614433 8e-05 14
1745753806262 6.400000000000001e-05 15
1745754002916 6.400000000000001e-05 16
1745754195184 5.120000000000001e-05 17
1745754387971 5.120000000000001e-05 18
1745754580061 4.0960000000000014e-05 19
