1745750920514 0.5123371679808912 0
1745751114640 0.6600750873068695 1
1745751306872 0.6768282467856641 2
1745751499894 0.6972295662123239 3
1745751693340 0.6650794501423343 4
1745751885195 0.7204443972553657 5
1745752078410 0.6802853827795754 6
1745752269798 0.6903353551820806 7
1745752461463 0.6712180791771991 8
1745752653808 0.7021373010177847 9
1745752847111 0.7081324153340233 10
1745753040887 0.6649760009929496 11
1745753233132 0.6602802776116098 12
1745753424875 0.6883841430921795 13
1745753616737 0.7093936758249926 14
1745753809157 0.7309379810675305 15
1745754005315 0.7180887133283954 16
1745754197500 0.7225487382066388 17
1745754390230 0.7193995813384585 18
1745754582460 0.7024266410487644 19
1745754773993 0.7181148110770599 20
1745754967998 0.730614837892008 21
1745755159712 0.7167695563882511 22
