1745750920514 0.6634692246202507 0
1745751114640 0.7213647441104206 1
1745751306872 0.7570573139434768 2
1745751499894 0.7467213114753486 3
1745751693340 0.7259953161591939 4
1745751885195 0.7544715447153858 5
1745752078410 0.7345276872963571 6
1745752269798 0.7558528428093013 7
1745752461463 0.738731218697768 8
1745752653808 0.7715481171547471 9
1745752847111 0.7726510067113446 10
1745753040887 0.7582417582416942 11
1745753233132 0.776440240756597 12
1745753424875 0.7648535564852916 13
1745753616737 0.7728055077452003 14
1745753809157 0.7898799313892976 15
1745754005315 0.780508474576205 16
1745754197500 0.7847457627117979 17
1745754390230 0.7797468354429722 18
1745754582460 0.7805695142377905 19
