1745998068708 0.0 0
1745998161005 0.0 1
1745998253294 0.0 2
1745998345168 0.19999999999989745 3
1745998479860 0.43775933609953965 4
1745998614079 0.44778481012654686 5
1745998750042 0.5258255715494897 6
1745998886375 0.5403996524760608 7
1745999021437 0.5417743324719602 8
1745999155942 0.5278688524589731 9
1745999290358 0.5515418502202157 10
1745999427166 0.5257563368764901 11
1745999560263 0.5358931552587198 12
1745999694914 0.5031055900620727 13
1745999828733 0.5317527519051201 14
1745999963417 0.5188524590163509 15
1746000098396 0.531404958677642 16
1746000232462 0.5203583061888827 17
1746000365493 0.5315614617939758 18
1746000499048 0.5281923714759097 19
1746000632855 0.5260162601625589 20
1746000767236 0.5297569153394359 21
1746000901834 0.5260115606935981 22
1746001037368 0.5262295081966781 23
1746001171538 0.5316139767054466 24
1746001305480 0.5231895850284358 25
1746001438828 0.5139664804468863 26
1746001573215 0.5276630883566864 27
1746001707267 0.5260115606935981 28
1746001841307 0.5311720698253922 29
