1746746575660 1.1336321098969715 0
1746746645184 0.4176445352559042 1
1746746710056 0.25618473639582645 2
1746746776141 0.1934542013424458 3
1746746841186 0.15398853286953257 4
1746746906818 0.12308952477898928 5
1746746971936 0.09910961756906887 6
1746747041426 0.08089841917009637 7
1746747163203 0.06424129016623639 8
1746747280735 0.05025391667933747 9
1746747399017 0.041653834098931586 10
1746747490563 0.035565832758894064 11
1746747555905 0.030215604756359416 12
1746747620893 0.03093596724885525 13
1746747685163 0.027619152634155632 14
1746747752353 0.020363232452828107 15
1746747817505 0.021218520427805067 16
1746747882668 0.013890733490559724 17
1746747948645 0.011001128684913758 18
1746748013559 0.009391096332986461 19
