1746746576621 0.4277056276556448 0
1746746646217 0.7539882451222539 1
1746746711249 0.8011623079618203 2
1746746777100 0.8755878580090254 3
1746746842381 0.8909249563199368 4
1746746907739 0.9301712779473009 5
1746746973018 0.9312910283963327 6
1746747044244 0.9421560034556362 7
1746747173614 0.9496910855633419 8
1746747287512 0.9516270887801866 9
1746747402769 0.9657625610881999 10
1746747492104 0.9560246261592542 11
1746747556837 0.9668581528443108 12
1746747621867 0.9643014543351186 13
1746747686366 0.9681415928702749 14
1746747753269 0.9707964601269118 15
1746747819204 0.9703932832022424 16
1746747884325 0.9787610618968225 17
1746747950196 0.9782705099277446 18
1746748014488 0.9809312638080105 19
