1746780669268 0.45833333333327714 0
1746780915895 0.7201257861634653 1
1746781162515 0.7516286644950527 2
1746781409762 0.7528180354266705 3
1746781658070 0.7412974683543717 4
1746781905816 0.7600989282769365 5
1746782154777 0.745268138801203 6
1746782404458 0.7955894826123159 7
1746782655196 0.7870913663033707 8
1746782904033 0.784680851063763 9
1746783149364 0.7847457627117979 10
1746783393817 0.7314960629920684 11
1746783640962 0.7440570522978808 12
1746783893205 0.7530168946097544 13
1746784146537 0.7381507381506808 14
1746784403723 0.764072847682056 15
1746784658451 0.7833753148613951 16
1746784918398 0.7842639593907965 17
1746785175665 0.7560581583198097 18
1746785435204 0.7885425442290827 19
1746785676127 0.788638262322407 20
1746785929197 0.7902274641953841 21
1746786182299 0.7809917355371255 22
1746786434606 0.7801652892561338 23
1746786680789 0.7849999999999345 24
1746786933306 0.7818484596169207 25
1746787185176 0.781561461793955 26
1746787438746 0.78535773710476 27
1746787692553 0.7915966386553956 28
1746787941449 0.7870216306155751 29
