1746802153868 0.21314026908998007 0
1746802410945 0.6562662781516109 1
1746802672307 0.7413155928609747 2
1746802932294 0.8353531083826314 3
1746803190703 0.8809086746719793 4
1746803448653 0.9450530464052479 5
1746803709119 0.9606114133201094 6
1746803969468 0.9140415120917987 7
1746804226281 0.961629471740221 8
1746804482928 0.9718245741685874 9
1746804741178 0.9628444339966002 10
1746804997611 0.974184004554492 11
1746805257663 0.9779482065789437 12
1746805516433 0.9541963760262907 13
1746805777939 0.9543677884007287 14
1746806041171 0.9745098307536071 15
1746806301353 0.9776111427298789 16
1746806559897 0.983634011123625 17
1746806819904 0.9835418493171573 18
1746807077510 0.9821014627388378 19
