1746802153868 0.23566516012301617 0
1746802410945 0.7065241793755903 1
1746802672307 0.7994061802054991 2
1746802932294 0.8937707413973244 3
1746803190703 0.9417082513555878 4
1746803448653 0.9572205327257434 5
1746803709119 0.9657982653290438 6
1746803969468 0.9541053658627677 7
1746804226281 0.9711212956559534 8
1746804482928 0.9767341021157038 9
1746804741178 0.9774205426684551 10
1746804997611 0.9813064701692906 11
1746805257663 0.9853575899094811 12
1746805516433 0.9784642231818167 13
1746805777939 0.9567009586769076 14
1746806041171 0.9785183503389085 15
1746806301353 0.980114012796174 16
1746806559897 0.9897762607300132 17
1746806819904 0.9903819542490921 18
1746807077510 0.9903819542490921 19
