1746742243988 0.0 0
1746742401972 0.46955638063925087 1
1746742660243 0.6463598198082565 2
1746742885525 0.7611499857816271 3
1746743006952 0.8581583694322696 4
1746743137900 0.9274310055787917 5
1746743253236 0.9280993321822284 6
1746743374605 0.9556254461045329 7
1746743577970 0.9670986554069656 8
1746743921243 0.9535779405057414 9
1746744067584 0.9636759977276632 10
1746744191093 0.9405045882050064 11
1746744325839 0.958672907800726 12
1746744448537 0.9701731776637181 13
1746744571265 0.9640818633274358 14
1746744888295 0.9643257841042527 15
1746745154846 0.9590541309003595 16
1746745282885 0.9620477521562348 17
1746745420144 0.9772507408546912 18
1746745550901 0.9737104597740655 19
