1745751058167 0.5570250308635284 0
1745751254903 0.20542972443663343 1
1745751452004 0.15308909338651872 2
1745751649833 0.19296015358092833 3
1745751846930 0.14318697481435172 4
1745752040683 0.10470376806143596 5
1745752234298 0.07446926972847812 6
1745752427877 0.05512235743202725 7
1745752621846 0.049604300599621266 8
1745752815594 0.03368046788536772 9
1745753009770 0.027290923844034573 10
1745753208725 0.02169637230928151 11
1745753402855 0.0195939537631918 12
1745753600238 0.016876723151654005 13
1745753793179 0.029874099504050552 14
1745753987705 0.024193385444885612 15
1745754180576 0.015395199053217562 16
1745754374456 0.008774884277954698 17
1745754569545 0.006256800057005366 18
