1745751061209 0.7256857854863548 0
1745751257358 0.77873811576676 1
1745751454226 0.7879581151332092 2
1745751652400 0.7951910690783962 3
1745751849296 0.7557411272988059 4
1745752042991 0.7300040600396949 5
1745752236631 0.7801295895828232 6
1745752430452 0.7726098190714522 7
1745752624435 0.7911611784595148 8
1745752818492 0.7917398945017927 9
1745753012500 0.8086040385803251 10
1745753211116 0.7759282970050996 11
1745753405477 0.8116826503422913 12
1745753602477 0.7901444349543107 13
1745753795906 0.7855274628967835 14
1745753989907 0.7924366136156756 15
1745754182801 0.8110678771657254 16
1745754376712 0.8147186146685983 17
1745754572043 0.7977768276541797 18
1745754765812 0.8109280138268213 19
1745754959537 0.8152315014644809 20
1745755155449 0.8128249566224246 21
1745755348929 0.814298169086842 22
