1745751061209 0.6772692009309017 0
1745751257358 0.7527151211361108 1
1745751454226 0.7685106382978069 2
1745751652400 0.7640264026402009 3
1745751849296 0.7081377151799133 4
1745752042991 0.6679049034174838 5
1745752236631 0.7537562604339938 6
1745752430452 0.7443983402489008 7
1745752624435 0.766582703610347 8
1745752818492 0.7773943054356534 9
1745753012500 0.7932816537467017 10
1745753211116 0.7414355628058122 11
1745753405477 0.7909940526762285 12
1745753602477 0.7518189167339732 13
1745753795906 0.7655055225148032 14
1745753989907 0.7619834710743172 15
1745754182801 0.7842809364547839 16
1745754376712 0.7887678122379892 17
1745754572043 0.7635024549917542 18
