1745669822040 3.9999999999999996e-05 0
1745669822643 4.0028165064105725e-05 1
1745669823253 4.011265695112764e-05 2
1745669823860 4.0253465745568274e-05 3
1745669824473 4.045057492289112e-05 4
1745669825081 4.0703961351460575e-05 5
1745669825689 4.101359529525548e-05 6
1745669826295 4.137944041735994e-05 7
1745669826904 4.1801453784226614e-05 8
1745669827512 4.2279585870715866e-05 9
1745669828109 4.281378056590743e-05 10
1745669828722 4.3403975179685285e-05 11
1745669829335 4.4050100450094653e-05 12
1745669829946 4.475208055147045e-05 13
1745669830556 4.5509833103335234e-05 14
1745669831163 4.6323269180067366e-05 15
1745669831779 4.7192293321336666e-05 16
1745669832395 4.8116803543307154e-05 17
1745669833008 4.909669135060523e-05 18
1745669833617 5.013184174905189e-05 19
1745669834236 5.122213325915845e-05 20
1745669834856 5.236743793038184e-05 21
1745669835470 5.356762135614137e-05 22
1745669836083 5.482254268959015e-05 23
1745669836699 5.613205466014606e-05 24
1745669837315 5.749600359077306e-05 25
1745669837930 5.8914229416016646e-05 26
1745669838547 6.038656570078835e-05 27
1745669839168 6.191283965989685e-05 28
1745669839789 6.349287217832626e-05 29
1745669840403 6.512647783225487e-05 30
1745669841025 6.6813464910816e-05 31
1745669841643 6.855363543859644e-05 32
1745669842263 7.034678519886935e-05 33
1745669842887 7.219270375755961e-05 34
1745669843506 7.409117448794003e-05 35
1745669844127 7.604197459605327e-05 36
1745669844743 7.80448751468571e-05 37
1745669845374 8.009964109109149e-05 38
1745669845997 8.220603129286243e-05 39
1745669846613 8.436379855794054e-05 40
1745669847243 8.65726896627704e-05 41
1745669847868 8.883244538418662e-05 42
1745669848491 9.114280052983665e-05 43
1745669849119 9.350348396930017e-05 44
1745669849746 9.591421866590895e-05 45
1745669850371 9.837472170925771e-05 46
1745669851008 0.00010088470434840499 47
1745669851636 0.00010344387202575937 48
1745669852264 0.00010605192441164707 49
1745669852888 0.0001087085554395572 50
1745669853516 0.00011141345334205962 51
1745669854137 0.0001141663006873927 52
1745669854763 0.00011696677441671492 53
1745669855395 0.00011981454588201753 54
1745669856022 0.0001227092808846925 55
1745669856650 0.0001256506397147529 56
1745669857283 0.0001286382771906985 57
1745669857907 0.0001316718427000252 58
1745669858541 0.0001347509802403702 59
1745669859174 0.00013787532846129102 60
1745669859805 0.00014104452070667114 61
1745669860433 0.00014425818505774926 62
1745669861061 0.00014751594437676502 63
1745669861698 0.00015081741635121807 64
1745669862334 0.00015416221353873444 65
1745669862962 0.00015754994341253407 66
1745669863891 0.00016098020840749582 67
1745669864521 0.00016445260596681323 68
1745669865157 0.0001679667285892373 69
1745669865802 0.0001715221638768972 70
1745669866434 0.00017511849458369804 71
1745669867070 0.00017875529866428596 72
1745669867704 0.00018243214932357754 73
1745669868341 0.00018614861506684546 74
1745669868968 0.00018990425975035682 75
1745669869604 0.00019369864263255618 76
1745669870242 0.00019753131842578902 77
1745669870879 0.00020140183734855782 78
1745669871518 0.00020530974517830587 79
1745669872153 0.00020925458330472275 80
1745669872785 0.00021323588878356355 81
1745669873430 0.0002172531943909783 82
1745669874068 0.00022130602867834214 83
1745669874714 0.00022539391602758197 84
1745669875352 0.00022951637670699267 85
1745669875995 0.00023367292692753547 86
1745669876636 0.0002378630788996129 87
1745669877283 0.00024208634089031259 88
1745669877928 0.00024634221728111517 89
1745669878571 0.0002506302086260564 90
1745669879219 0.0002549498117103403 91
1745669879858 0.00025930051960939226 92
1745669880502 0.00026368182174835056 93
1745669881143 0.00026809320396198365 94
1745669881776 0.00027253414855502955 95
1745669882418 0.0002770041343629501 96
1745669891818 0.00028602912798624675 97
1745669892467 0.00029058307667860657 98
1745669893113 0.00029516394846410075 99
1745669893755 0.0002997712057571148 100
1745669894397 0.000304404307875578 101
1745669895035 0.00030906271110441464 102
1745669895678 0.00031374586875935117 103
1745669896314 0.000318453231251073 104
1745669896955 0.0003231842461497203 105
1745669897599 0.00032793835824971847 106
1745669898243 0.00033271500963493383 107
1745669898897 0.00033751363974414785 108
1745669899549 0.00034233368543684097 109
1745669900196 0.00034717458105928056 110
1745669900840 0.00035203575851090155 111
1745669901492 0.0003569166473109767 112
1745669902139 0.00036181667466556456 113
1745669902803 0.0003667352655347297 114
1745669903454 0.0003716718427000253 115
1745669904102 0.00037662582683223344 116
1745669904750 0.00038159663655935156 117
1745669905399 0.0003865836885348187 118
1745669906053 0.00039158639750597386 119
1745669906697 0.00039660417638273887 120
1745669907353 0.00040163643630651417 121
1745669907998 0.00040668258671928644 122
1745669908653 0.0004117420354329308 123
1745669909301 0.0004168141886987084 124
1745669909954 0.00042189845127694483 125
1745669910601 0.000426994226506884 126
1745669911256 0.00043210091637670904 127
1745669911919 0.00043721792159372196 128
1745669912569 0.00044234464165467287 129
1745669913220 0.000447480474916232 130
1745669913876 0.00045262481866559473 131
1745669914537 0.00045777706919121334 132
1745669915187 0.0004629366218536449 133
1745669915836 0.0004681028711565079 134
1745669916493 0.00047327521081754083 135
1745669917148 0.0004784530338397515 136
1745669917800 0.00048363573258265095 137
1745669918451 0.0004888226988335628 138
1745669919102 0.0004940133238789995 139
1745669919747 0.0004992069985760981 140
1745669920402 0.0005044031134241053 141
1745669921052 0.0005096010586359052 142
1745669921704 0.0005148002242095809 143
1745669922352 0.0005200000000000001 144
1745669923011 0.0005251997757904192 145
1745669923662 0.0005303989413640948 146
1745669924316 0.0005355968865758946 147
1745669924967 0.0005407930014239018 148
1745669925616 0.0005459866761210004 149
1745669926268 0.0005511773011664372 150
1745669926931 0.0005563642674173491 151
1745669927578 0.0005615469661602485 152
1745669928231 0.000566724789182459 153
1745669928890 0.0005718971288434919 154
1745669929553 0.000577063378146355 155
1745669930204 0.0005822229308087865 156
1745669930851 0.0005873751813344053 157
1745669931506 0.000592519525083768 158
1745669932155 0.000597655358345327 159
1745669932809 0.000602782078406278 160
1745669933454 0.000607899083623291 161
1745669934108 0.000613005773493116 162
1745669934747 0.0006181015487230551 163
1745669935389 0.0006231858113012916 164
1745669936044 0.0006282579645670691 165
1745669936689 0.0006333174132807137 166
1745669937355 0.0006383635636934857 167
1745669938014 0.0006433958236172613 168
1745669938660 0.0006484136024940259 169
1745669939302 0.0006534163114651812 170
1745669939949 0.0006584033634406483 171
1745669940599 0.0006633741731677665 172
1745669941239 0.0006683281572999747 173
1745669941883 0.0006732647344652703 174
1745669942537 0.0006781833253344353 175
1745669943187 0.0006830833526890233 176
1745669943839 0.0006879642414890985 177
1745669944484 0.0006928254189407193 178
1745669945139 0.0006976663145631589 179
1745669945784 0.0007024863602558522 180
1745669946436 0.0007072849903650662 181
1745669947086 0.0007120616417502815 182
1745669947737 0.0007168157538502797 183
1745669948379 0.000721546768748927 184
1745669949020 0.0007262541312406487 185
1745669949667 0.0007309372888955855 186
1745669950316 0.0007355956921244218 187
1745669950956 0.0007402287942428851 188
1745669951599 0.0007448360515358993 189
1745669952237 0.0007494169233213936 190
1745669952879 0.0007539708720137532 191
1745669953523 0.0007584973631869082 192
1745669954171 0.0007629958656370499 193
1745669962479 0.0007719067960380163 194
1745669963118 0.0007763181782516494 195
1745669963766 0.0007806994803906078 196
1745669964408 0.0007850501882896599 197
1745669965051 0.0007893697913739435 198
1745669965691 0.0007936577827188848 199
1745669966332 0.0007979136591096873 200
1745669966970 0.0008021369211003871 201
1745669967608 0.0008063270730724642 202
1745669968253 0.0008104836232930071 203
1745669968891 0.000814606083972418 204
1745669969531 0.000818693971321658 205
1745669970172 0.0008227468056090216 206
1745669970815 0.0008267641112164364 207
1745669971447 0.0008307454166952773 208
1745669972089 0.000834690254821694 209
1745669972731 0.0008385981626514421 210
1745669973377 0.0008424686815742109 211
1745669974027 0.0008463013573674438 212
1745669974677 0.0008500957402496432 213
1745669975331 0.0008538513849331545 214
1745669975977 0.0008575678506764224 215
1745669976625 0.0008612447013357138 216
1745669977269 0.000864881505416302 217
1745669977913 0.0008684778361231027 218
1745669978557 0.0008720332714107627 219
1745669979211 0.0008755473940331867 220
1745669979857 0.0008790197915925043 221
1745669980510 0.0008824500565874658 222
1745669981154 0.0008858377864612655 223
1745669981810 0.0008891825836487819 224
1745669982458 0.0008924840556232351 225
1745669983109 0.0008957418149422506 226
1745669983753 0.0008989554792933288 227
1745669984400 0.000902124671538709 228
1745669985048 0.0009052490197596298 229
1745669985693 0.0009083281572999747 230
1745669986349 0.0009113617228093014 231
1745669986998 0.000914349360285247 232
1745669987647 0.0009172907191153074 233
1745669988292 0.0009201854541179824 234
1745669988947 0.000923033225583285 235
1745669989595 0.0009258336993126072 236
1745669990253 0.0009285865466579404 237
1745669990912 0.0009312914445604428 238
1745669991568 0.0009339480755883529 239
1745669992213 0.0009365561279742406 240
1745669992868 0.000939115295651595 241
1745669993514 0.0009416252782907422 242
1745669994171 0.000944085781334091 243
1745669994834 0.0009464965160306998 244
1745669995487 0.0009488571994701634 245
1745669996134 0.0009511675546158133 246
1745669996789 0.0009534273103372297 247
1745669997446 0.0009556362014420594 248
1745669998093 0.0009577939687071375 249
1745669998746 0.0009599003589089085 250
1745669999402 0.0009619551248531428 251
1745670000049 0.0009639580254039466 252
1745670000708 0.0009659088255120599 253
1745670001361 0.0009678072962424404 254
1745670002010 0.0009696532148011307 255
1745670002672 0.0009714463645614036 256
1745670003324 0.000973186535089184 257
1745670003974 0.0009748735221677451 258
1745670004627 0.0009765071278216738 259
1745670005284 0.000978087160340103 260
1745670005942 0.0009796134342992119 261
1745670006590 0.0009810857705839834 262
1745670007317 0.000982503996409227 263
1745670007968 0.000983867945339854 264
1745670008627 0.0009851774573104099 265
1745670009286 0.0009864323786438586 266
1745670009944 0.000987632562069618 267
1745670010605 0.0009887778667408416 268
1745670011265 0.000989868158250948 269
1745670011921 0.000990903308649395 270
1745670012571 0.0009918831964566928 271
1745670013223 0.0009928077066786634 272
1745670013887 0.0009936767308199325 273
1745670014541 0.0009944901668966647 274
1745670015192 0.0009952479194485296 275
1745670015840 0.0009959498995499054 276
1745670016487 0.0009965960248203148 277
1745670017139 0.0009971862194340926 278
1745670017804 0.0009977204141292842 279
1745670018461 0.0009981985462157734 280
1745670019123 0.0009986205595826402 281
1745670019782 0.0009989864047047444 282
1745670020438 0.0009992960386485394 283
1745670021100 0.000999549425077109 284
1745670021762 0.0009997465342544319 285
1745670022421 0.0009998873430488724 286
1745670023076 0.0009999718349358944 287
1745670023724 0.001 288
1745670024380 0.0009999946482268844 289
1745670025037 0.0009999785930221038 290
1745670033384 0.0009999143739214574 291
1745670034028 0.0009998662114003413 292
1745670034668 0.0009998073481970304 293
1745670035306 0.0009997377855716194 294
1745670035955 0.000999657525013248 295
1745670036607 0.0009995665682400688 296
1745670037252 0.000999464917199209 297
1745670037892 0.0009993525740667308 298
1745670038529 0.0009992295412475836 299
1745670039175 0.0009990958213755526 300
1745670039821 0.0009989514173132034 301
1745670040472 0.0009987963321518192 302
1745670041121 0.0009986305692113358 303
1745670041771 0.0009984541320402697 304
1745670042416 0.000998267024415643 305
1745670043059 0.0009980692503429023 306
1745670043709 0.0009978608140558318 307
1745670044357 0.0009976417200164647 308
1745670045006 0.000997411972914986 309
1745670045654 0.0009971715776696324 310
1745670046310 0.0009969205394265883 311
1745670046970 0.0009966588635598739 312
1745670047620 0.0009963865556712307 313
1745670048272 0.000996103621590003 314
1745670048926 0.0009958100673730101 315
1745670049571 0.00099550589930442 316
1745670050229 0.0009951911238956126 317
1745670050876 0.0009948657478850414 318
1745670051525 0.000994529778238088 319
1745670052176 0.0009941832221469148 320
1745670052829 0.0009938260870303098 321
1745670053492 0.0009934583805335279 322
1745670054152 0.0009930801105281278 323
1745670054810 0.0009926912851118026 324
1745670055462 0.0009922919126082073 325
1745670056103 0.0009918820015667805 326
1745670056749 0.0009914615607625604 327
1745670057408 0.0009910305991959985 328
1745670058068 0.0009905891260927658 329
1745670058727 0.0009901371509035554 330
1745670059386 0.000989674683303881 331
1745670060050 0.0009892017331938683 332
1745670060705 0.0009887183106980454 333
1745670061365 0.000988224426165123 334
1745670062022 0.0009877200901677757 335
1745670062671 0.0009872053135024138 336
1745670063323 0.000986680107188953 337
1745670063971 0.0009861444824705787 338
1745670064627 0.0009855984508135042 339
1745670065283 0.0009850420239067266 340
1745670065932 0.000984475213661776 341
1745670066579 0.00098389803221246 342
1745670067222 0.000983310491914605 343
1745670067868 0.0009827126053457904 344
1745670068521 0.0009821043853050807 345
1745670069167 0.0009814858448127504 346
1745670069820 0.0009808569971100063 347
1745670070469 0.000980217855658703 348
1745670071124 0.0009795684341410552 349
1745670071782 0.0009789087464593452 350
1745670072428 0.0009782388067356247 351
1745670073081 0.0009775586293114126 352
1745670073728 0.000976868228747388 353
1745670074382 0.000976167619823079 354
1745670075035 0.0009754568175365456 355
1745670075685 0.0009747358371040588 356
1745670076342 0.0009740046939597752 357
1745670076986 0.0009732634037554062 358
1745670077644 0.0009725119823598834 359
1745670078301 0.0009717504458590183 360
1745670078963 0.0009709788105551584 361
1745670079618 0.000970197092966838 362
1745670080284 0.000969405309828425 363
1745670080943 0.0009686034780897617 364
1745670081600 0.0009677916149158031 365
1745670082247 0.0009669697376862489 366
1745670082902 0.0009661378639951712 367
1745670083558 0.0009652960116506382 368
1745670084216 0.0009644441986743329 369
1745670084864 0.0009635824433011675 370
1745670085520 0.0009627107639788927 371
1745670086180 0.0009618291793677031 372
1745670086826 0.0009609377083398373 373
1745670087475 0.0009600363699791746 374
1745670088126 0.0009591251835808256 375
1745670088778 0.0009582041686507197 376
1745670089436 0.0009572733449051879 377
1745670090088 0.0009563327322705396 378
1745670090738 0.000955382350882637 379
1745670091396 0.000954422221086464 380
1745670092042 0.0009534523634356898 381
1745670092692 0.00095247279869223 382
1745670093339 0.0009514835478258015 383
1745670093996 0.0009504846320134736 384
1745670094646 0.0009494760726392154 385
1745670095293 0.0009484578912934367 386
1745670095946 0.000947430109772527 387
1745670104059 0.0009453458344179647 388
1745670104707 0.0009442893852027657 389
1745670105347 0.000943223425048388 390
1745670105985 0.0009421479767740302 391
1745670106627 0.0009410630634020054 392
1745670107271 0.0009399687081572474 393
1745670107915 0.0009388649344668135 394
1745670108567 0.0009377517659593838 395
1745670109213 0.0009366292264647547 396
1745670109872 0.0009354973400133294 397
1745670110531 0.0009343561308356025 398
1745670111190 0.0009332056233616419 399
1745670111835 0.0009320458422205663 400
1745670112490 0.0009308768122400173 401
1745670113132 0.0009296985584456274 402
1745670113782 0.0009285111060604857 403
1745670114425 0.0009273144805045968 404
1745670115066 0.0009261087073943373 405
1745670115710 0.0009248938125419065 406
1745670116362 0.0009236698219547753 407
1745670117010 0.0009224367618351279 408
1745670117668 0.0009211946585793018 409
1745670118316 0.0009199435387772229 410
1745670118960 0.0009186834292118355 411
1745670119604 0.0009174143568585295 412
1745670120250 0.0009161363488845627 413
1745670120900 0.0009148494326484792 414
1745670121545 0.0009135536356995246 415
1745670122191 0.0009122489857770545 416
1745670122846 0.0009109355108099423 417
1745670123497 0.0009096132389159806 418
1745670124145 0.0009082821984012792 419
1745670124806 0.0009069424177596595 420
1745670125469 0.0009055939256720443 421
1745670126122 0.0009042367510058439 422
1745670126770 0.0009028709228143379 423
1745670127419 0.0009014964703360539 424
1745670128064 0.0009001134229941408 425
1745670128725 0.0008987218103957391 426
1745670129386 0.0008973216623313479 427
1745670130042 0.0008959130087741862 428
1745670130687 0.0008944958798795511 429
1745670131342 0.0008930703059841735 430
1745670131990 0.0008916363176055678 431
1745670132638 0.0008901939454413785 432
1745670133282 0.0008887432203687233 433
1745670133928 0.0008872841734435322 434
1745670134580 0.0008858168358998826 435
1745670135238 0.0008843412391493308 436
1745670135883 0.0008828574147802389 437
1745670136540 0.0008813653945570996 438
1745670137189 0.0008798652104198557 439
1745670137838 0.0008783568944832159 440
1745670138485 0.0008768404790359682 441
1745670139137 0.0008753159965402882 442
1745670139783 0.000873783479631044 443
1745670140441 0.0008722429611150983 444
1745670141100 0.000870694473970605 445
1745670141747 0.0008691380513463044 446
1745670142399 0.0008675737265608128 447
1745670143061 0.0008660015331019092 448
1745670143719 0.0008644215046258193 449
1745670144379 0.0008628336749564938 450
1745670145036 0.0008612380780848856 451
1745670145682 0.0008596347481682207 452
1745670146335 0.0008580237195292684 453
1745670146982 0.0008564050266556055 454
1745670147638 0.0008547787041988787 455
1745670148283 0.0008531447869740625 456
1745670148940 0.0008515033099587141 457
1745670149601 0.0008498543082922238 458
1745670150256 0.0008481978172750644 459
1745670150903 0.000846533872368034 460
1745670151553 0.0008448625091914976 461
1745670152200 0.000843183763524624 462
1745670152857 0.0008414976713046211 463
1745670153505 0.0008398042686259652 464
1745670154156 0.0008381035917396292 465
1745670154817 0.0008363956770523056 466
1745670155471 0.0008346805611256287 467
1745670156118 0.0008329582806753904 468
1745670156773 0.0008312288725707552 469
1745670157416 0.0008294923738334703 470
1745670158074 0.0008277488216370732 471
1745670158720 0.0008259982533060965 472
1745670159376 0.0008242407063152682 473
1745670160033 0.0008224762182887099 474
1745670160697 0.0008207048269991306 475
1745670161349 0.0008189265703670196 476
1745670161997 0.0008171414864598329 477
1745670162654 0.0008153496134911799 478
1745670163310 0.0008135509898200042 479
1745670163957 0.000811745653949763 480
1745670164608 0.0008099336445276029 481
1745670165249 0.0008081150003435324 482
1745670165893 0.0008062897603295912 483
1745670166548 0.0008044579635590175 484
1745670175091 0.0008007748567418934 485
1745670175732 0.0007989236255402666 486
1745670176370 0.0007970659952701666 487
1745670177023 0.0007952020056982153 488
1745670177666 0.0007933316967271694 489
1745670178320 0.0007914551083950663 490
1745670178961 0.0007895722808743665 491
1745670179610 0.000787683254471094 492
1745670180269 0.0007857880696239736 493
1745670180911 0.0007838867669035649 494
1745670181559 0.0007819793870113934 495
1745670182208 0.0007800659707790806 496
1745670182859 0.0007781465591674685 497
1745670183508 0.000776221193265743 498
1745670184150 0.0007742899142905551 499
1745670184799 0.0007723527635851378 500
1745670185441 0.0007704097826184211 501
1745670186084 0.0007684610129841446 502
1745670186729 0.0007665064963999668 503
1745670187385 0.0007645462747065725 504
1745670188029 0.0007625803898667768 505
1745670188669 0.000760608883964626 506
1745670189320 0.0007586317992044985 507
1745670189968 0.0007566491779101998 508
1745670190627 0.0007546610625240568 509
1745670191285 0.0007526674956060098 510
1745670191941 0.0007506685198327009 511
1745670192589 0.0007486641779965604 512
1745670193245 0.0007466545130048911 513
1745670193900 0.0007446395678789491 514
1745670194545 0.0007426193857530237 515
1745670195188 0.0007405940098735135 516
1745670195841 0.0007385634835980005 517
1745670196483 0.0007365278503943225 518
1745670197141 0.0007344871538396419 519
1745670197801 0.0007324414376195135 520
1745670198446 0.0007303907455269483 521
1745670199101 0.0007283351214614774 522
1745670199747 0.0007262746094282113 523
1745670200407 0.0007242092535368979 524
1745670201057 0.0007221390980009788 525
1745670201706 0.0007200641871366421 526
1745670202358 0.0007179845653618742 527
1745670203011 0.0007159002771955088 528
1745670203657 0.0007138113672562739 529
1745670204307 0.0007117178802618367 530
1745670204954 0.0007096198610278457 531
1745670205607 0.0007075173544669728 532
1745670206258 0.0007054104055879499 533
1745670206908 0.0007032990594946073 534
1745670207563 0.0007011833613849067 535
1745670208221 0.0006990633565499742 536
1745670208881 0.000696939090373131 537
1745670209539 0.0006948106083289214 538
1745670210202 0.0006926779559821397 539
1745670210859 0.0006905411789868542 540
1745670211523 0.000688400323085431 541
1745670212186 0.0006862554341075532 542
1745670212840 0.0006841065579692414 543
1745670213496 0.0006819537406718699 544
1745670214160 0.0006797970283011816 545
1745670214813 0.0006776364670263025 546
1745670215467 0.0006754721030987527 547
1745670216112 0.0006733039828514564 548
1745670216763 0.0006711321526977493 549
1745670217416 0.0006689566591303868 550
1745670218077 0.000666777548720547 551
1745670218731 0.0006645948681168344 552
1745670219379 0.0006624086640442814 553
1745670220034 0.0006602189833033481 554
1745670220682 0.0006580258727689199 555
1745670221330 0.0006558293793893046 556
1745670221975 0.0006536295501852273 557
1745670222637 0.0006514264322488234 558
1745670223300 0.0006492200727426311 559
1745670223950 0.0006470105188985812 560
1745670224629 0.0006447978180169862 561
1745670225275 0.0006425820174655281 562
1745670225928 0.0006403631646782438 563
1745670226569 0.0006381413071545102 564
1745670227219 0.0006359164924580269 565
1745670227871 0.0006336887682157985 566
1745670228518 0.000631458182117114 567
1745670229171 0.0006292247819125282 568
1745670229837 0.0006269886154128364 569
1745670230491 0.0006247497304880531 570
1745670231148 0.0006225081750663871 571
1745670231795 0.000620263997133214 572
1745670232448 0.0006180172447300507 573
1745670233093 0.0006157679659535259 574
1745670233746 0.0006135162089543511 575
1745670234397 0.0006112620219362892 576
1745670235065 0.0006090054531551233 577
1745670235714 0.0006067465509176233 578
1745670236366 0.0006044853635805115 579
1745670237006 0.0006022219395494278 580
1745670237650 0.0005999563272778938 581
1745670246042 0.0005954187320607418 582
1745670246686 0.0005931468462522329 583
1745670247329 0.0005908729664754118 584
1745670247980 0.0005885971414076282 585
1745670248620 0.0005863194197678744 586
1745670249264 0.0005840398503157432 587
1745670249908 0.000581758481850384 588
1745670250554 0.0005794753632094576 589
1745670251203 0.0005771905432680915 590
1745670251843 0.0005749040709378331 591
1745670252483 0.0005726159951656027 592
1745670253124 0.0005703263649326457 593
1745670253782 0.0005680352292534847 594
1745670254421 0.0005657426371748688 595
1745670255063 0.0005634486377747251 596
1745670255701 0.0005611532801611072 597
1745670256340 0.0005588566134711445 598
1745670256983 0.0005565586868699898 599
1745670257620 0.0005542595495497668 600
1745670258261 0.0005519592507285179 601
1745670258900 0.0005496578396491496 602
1745670259544 0.0005473553655783785 603
1745670260195 0.0005450518778056774 604
1745670260841 0.0005427474256422191 605
1745670261492 0.0005404420584198213 606
1745670262140 0.0005381358254898911 607
1745670262785 0.0005358287762223672 608
1745670263433 0.0005335209600046643 609
1745670264081 0.0005312124262406152 610
1745670264739 0.0005289032243494132 611
1745670265386 0.0005265934037645546 612
1745670266040 0.0005242830139327799 613
1745670266696 0.0005219721043130157 614
1745670267341 0.0005196607243753157 615
1745670267999 0.0005173489235998019 616
1745670268643 0.0005150367514756055 617
1745670269296 0.0005127242574998065 618
1745670269940 0.0005104114911763755 619
1745670270594 0.0005080985020151131 620
1745670271233 0.0005057853395305901 621
1745670271884 0.0005034720532410879 622
1745670272535 0.0005011586926675379 623
1745670273182 0.0004988453073324619 624
1745670273837 0.0004965319467589121 625
1745670274482 0.0004942186604694099 626
1745670275139 0.0004919054979848868 627
1745670275781 0.0004895925088236245 628
1745670276433 0.0004872797425001936 629
1745670277077 0.0004849672485243946 630
1745670277726 0.00048265507640019815 631
1745670278379 0.00048034327562468447 632
1745670279039 0.00047803189568698445 633
1745670279696 0.00047572098606722023 634
1745670280355 0.0004734105962354453 635
1745670281019 0.0004711007756505867 636
1745670281677 0.0004687915737593847 637
1745670282335 0.0004664830399953356 638
1745670282977 0.0004641752237776328 639
1745670283636 0.0004618681745101089 640
1745670284295 0.00045956194158017867 641
1745670284951 0.00045725657435778097 642
1745670285598 0.00045495212219432264 643
1745670286255 0.0004526486344216215 644
1745670286899 0.0004503461603508504 645
1745670287550 0.0004480447492714821 646
1745670288190 0.00044574445045023325 647
1745670288828 0.0004434453131300103 648
1745670289481 0.0004411473865288555 649
1745670290130 0.0004388507198388928 650
1745670290774 0.00043655536222527493 651
1745670291431 0.00043426136282513124 652
1745670292080 0.00043196877074651546 653
1745670292725 0.0004296776350673542 654
1745670293379 0.0004273880048343975 655
1745670294027 0.0004250999290621669 656
1745670294678 0.00042281345673190844 657
1745670295328 0.0004205286367905423 658
1745670295981 0.000418245518149616 659
1745670296626 0.00041596414968425675 660
1745670297275 0.0004136845802321255 661
1745670297932 0.0004114068585923718 662
1745670298586 0.0004091310335245882 663
1745670299226 0.0004068571537477671 664
1745670299878 0.0004045852679392581 665
1745670300528 0.0004023154247337253 666
1745670301171 0.00040004767272210616 667
1745670301830 0.00039778206045057224 668
1745670302475 0.00039551863641948854 669
1745670303125 0.0003932574490823767 670
1745670303772 0.0003909985468448766 671
1745670304429 0.00038874197806371076 672
1745670305075 0.000386487791045649 673
1745670305727 0.0003842360340464742 674
1745670306372 0.00038198675526994935 675
1745670307023 0.00037974000286678607 676
1745670307670 0.00037749582493361273 677
1745670308328 0.0003752542695119466 678
1745670316139 0.00037077921808747165 679
1745670316785 0.00036854581788288573 680
1745670317433 0.00036631523178420157 681
1745670318079 0.000364087507541973 682
1745670318717 0.0003618626928454898 683
1745670319360 0.0003596408353217561 684
1745670320009 0.0003574219825344718 685
1745670320658 0.0003552061819830138 686
1745670321302 0.0003529934811014187 687
1745670321944 0.0003507839272573688 688
1745670322596 0.0003485775677511765 689
1745670323237 0.0003463744498147726 690
1745670323886 0.00034417462061069536 691
1745670324540 0.0003419781272310802 692
1745670325183 0.00033978501669665204 693
1745670325836 0.0003375953359557187 694
1745670326481 0.0003354091318831658 695
1745670327139 0.0003332264512794531 696
1745670327788 0.00033104734086961303 697
1745670328434 0.00032887184730225055 698
1745670329079 0.0003267000171485436 699
1745670329723 0.00032453189690124704 700
1745670330382 0.0003223675329736974 701
1745670331042 0.0003202069716988183 702
1745670331701 0.0003180502593281302 703
1745670332349 0.00031589744203075856 704
1745670333000 0.0003137485658924467 705
1745670333647 0.0003116036769145691 706
1745670334296 0.0003094628210131457 707
1745670334941 0.0003073260440178603 708
1745670335593 0.00030519339167107854 709
1745670336240 0.000303064909626869 710
1745670336901 0.0003009406434500257 711
1745670337560 0.00029882063861509336 712
1745670338219 0.00029670494050539276 713
1745670338871 0.0002945935944120501 714
1745670339515 0.0002924866455330274 715
1745670340161 0.00029038413897215434 716
1745670340816 0.0002882861197381636 717
1745670341462 0.000286192632743726 718
1745670342114 0.0002841037228044912 719
1745670342761 0.0002820194346381258 720
1745670343407 0.0002799398128633578 721
1745670344057 0.00027786490199902106 722
1745670344712 0.000275794746463102 723
1745670345365 0.0002737293905717887 724
1745670346016 0.00027166887853852245 725
1745670346671 0.00026961325447305177 726
1745670347308 0.0002675625623804866 727
1745670347958 0.00026551684616035786 728
1745670348612 0.00026347614960567747 729
1745670349255 0.0002614405164019994 730
1745670349912 0.00025940999012648644 731
1745670350580 0.00025738461424697635 732
1745670351228 0.00025536443212105097 733
1745670351875 0.00025334948699510894 734
1745670352536 0.0002513398220034396 735
1745670353191 0.0002493354801672991 736
1745670353834 0.00024733650439399014 737
1745670354490 0.00024534293747594335 738
1745670355134 0.00024335482208980033 739
1745670355790 0.00024137220079550143 740
1745670356436 0.0002393951160353739 741
1745670357095 0.00023742361013322314 742
1745670357753 0.0002354577252934274 743
1745670358409 0.0002334975036000331 744
1745670359051 0.00023154298701585539 745
1745670359709 0.000229594217381579 746
1745670360357 0.0002276512364148622 747
1745670361008 0.0002257140857094448 748
1745670361670 0.00022378280673425682 749
1745670362318 0.00022185744083253153 750
1745670362964 0.00021993802922091928 751
1745670363610 0.00021802461298860642 752
1745670364270 0.00021611723309643518 753
1745670364926 0.00021421593037602632 754
1745670365577 0.0002123207455289059 755
1745670366227 0.00021043171912563357 756
1745670366874 0.0002085488916049337 757
1745670367524 0.00020667230327283054 758
1745670368174 0.00020480199430178485 759
1745670368823 0.00020293800472983347 760
1745670369473 0.00020108037445973331 761
1745670370126 0.00019922914325810648 762
1745670370777 0.00019738435075458894 763
1745670371429 0.00019554603644098248 764
1745670372088 0.00019371423967040876 765
1745670372753 0.00019188899965646752 766
1745670373407 0.0001900703554723971 767
1745670374066 0.00018825834605023698 768
1745670374717 0.00018645301017999584 769
1745670375362 0.0001846543865088202 770
1745670376001 0.0001828625135401671 771
1745670376660 0.00018107742963298042 772
1745670377309 0.00017929917300086941 773
1745670377963 0.0001775277817112902 774
1745670378609 0.00017576329368473176 775
1745670386916 0.0001722551783629269 776
1745670387561 0.00017051162616652985 777
1745670388259 0.00016877512742924478 778
1745670388908 0.00016704571932460959 779
1745670389562 0.00016532343887437127 780
1745670390218 0.00016360832294769434 781
1745670390863 0.00016190040826037083 782
1745670391519 0.00016019973137403458 783
1745670392167 0.0001585063286953788 784
1745670392818 0.0001568202364753759 785
1745670393463 0.0001551414908085024 786
1745670394117 0.00015347012763196604 787
1745670394768 0.00015180618272493551 788
1745670395416 0.00015014969170777607 789
1745670396063 0.000148500690041286 790
1745670396717 0.0001468592130259374 791
1745670397365 0.00014522529580112122 792
1745670398016 0.0001435989733443946 793
1745670398661 0.00014198028047073167 794
1745670399319 0.00014036925183177928 795
1745670399977 0.0001387659219151145 796
1745670400629 0.0001371703250435061 797
1745670401277 0.00013558249537418073 798
1745670401924 0.00013400246689809086 799
1745670402575 0.00013243027343918734 800
1745670403221 0.00013086594865369558 801
1745670403873 0.0001293095260293949 802
1745670404522 0.00012776103888490164 803
1745670405175 0.0001262205203689558 804
1745670405820 0.00012468800345971176 805
1745670406473 0.0001231635209640317 806
1745670407120 0.00012164710551678396 807
1745670407773 0.00012013878958014428 808
1745670408419 0.00011863860544290027 809
1745670409075 0.00011714658521976098 810
1745670409736 0.00011566276085066928 811
1745670410396 0.00011418716410011731 812
1745670411050 0.00011271982655646772 813
1745670411691 0.0001112607796312768 814
1745670412336 0.00010981005455862152 815
1745670412994 0.00010836768239443209 816
