1746631205329 2e-05 0
1746631455443 4e-05 1
1746631706517 6.000000000000001e-05 2
1746631957727 8e-05 3
1746632208430 8e-05 4
1746632459984 8e-05 5
1746632711468 8e-05 6
1746632965508 8e-05 7
1746633217086 8e-05 8
1746633468405 8e-05 9
1746633720416 8e-05 10
1746633973085 8e-05 11
1746634226255 8e-05 12
1746634479900 8e-05 13
1746634731312 8e-05 14
1746634981361 6.400000000000001e-05 15
1746635234391 6.400000000000001e-05 16
1746635485650 5.120000000000001e-05 17
1746635737174 5.120000000000001e-05 18
1746635990082 4.0960000000000014e-05 19
1746636240414 4.0960000000000014e-05 20
1746636490497 3.276800000000001e-05 21
1746636740590 3.276800000000001e-05 22
1746636992289 2.6214400000000008e-05 23
1746637241840 2.6214400000000008e-05 24
1746637492116 2.097152000000001e-05 25
1746637742055 2.097152000000001e-05 26
1746637992686 1.6777216000000006e-05 27
1746638242704 1.6777216000000006e-05 28
1746638492586 1.3421772800000009e-05 29
