1746631209327 0.0 0
1746631458729 0.10749613171220708 1
1746631709715 0.46712740970314776 2
1746631960831 0.6108340327598545 3
1746632211974 0.6352486284922065 4
1746632463463 0.664686531515384 5
1746632715152 0.7142398909825557 6
1746632968947 0.7252221775784997 7
1746633220214 0.7062581730872335 8
1746633471520 0.6951997564373471 9
1746633724071 0.6937391603090002 10
1746633976228 0.7282738951909186 11
1746634230212 0.7391901925060913 12
1746634483368 0.7450124783171908 13
1746634735006 0.6940303543556309 14
1746634985135 0.7378667243472681 15
1746635237562 0.7416513181848222 16
1746635488765 0.7234064105524747 17
1746635740847 0.7081924043180626 18
1746635993354 0.7115994701282631 19
1746636243972 0.7223583350074428 20
1746636493955 0.6904443567737991 21
1746636744129 0.7031198650168329 22
1746636995497 0.6933874948421163 23
1746637245462 0.6904782541625744 24
1746637495462 0.7089031627828446 25
1746637745200 0.6871951651403071 26
1746637995813 0.6822677945410145 27
1746638245914 0.7068602431749793 28
1746638496002 0.7005108937563094 29
