1746631209327 0.0 0
1746631458729 0.3106535362578057 1
1746631709715 0.7215756490599174 2
1746631960831 0.793196060877279 3
1746632211974 0.8146821844224874 4
1746632463463 0.8245299910473747 5
1746632715152 0.8299015219336768 6
1746632968947 0.8272157564905257 7
1746633220214 0.8155774395702045 8
1746633471520 0.8236347358996576 9
1746633724071 0.8307967770813938 10
1746633976228 0.8316920322291108 11
1746634230212 0.8200537153087896 12
1746634483368 0.8442256042971491 13
1746634735006 0.8442256042971491 14
1746634985135 0.8460161145925831 15
1746635237562 0.8442256042971491 16
1746635488765 0.8567591763651874 17
1746635740847 0.8460161145925831 18
1746635993354 0.8487018800357342 19
1746636243972 0.8460161145925831 20
1746636493955 0.837063563115413 21
1746636744129 0.839749328558564 22
1746636995497 0.83795881826313 23
1746637245462 0.8343777976722618 24
1746637495462 0.839749328558564 25
1746637745200 0.8478066248880172 26
1746637995813 0.840644583706281 27
1746638245914 0.8451208594448661 28
1746638496002 0.8433303491494321 29
