1745738769876 1.3498857921483565 0
1745738834598 0.5582422945572405 1
1745738900354 0.3710879951107259 2
1745738966238 0.29986055286563174 3
1745739031456 0.21617131376144838 4
1745739097095 0.17104080866794197 5
1745739162638 0.13474832406761694 6
1745739227696 0.11196888827395682 7
1745739294664 0.09074104307409452 8
1745739360510 0.07565788137821519 9
1745739426351 0.059248841880839696 10
1745739491742 0.049811637428190024 11
1745739556879 0.04119586465614183 12
1745739622014 0.033926338413540195 13
1745739687377 0.031560114622876355 14
1745739752589 0.03126022040996016 15
1745739817671 0.02250410242443334 16
1745739882767 0.018495044428665116 17
1745739947888 0.015045709309301205 18
1745740013027 0.012581536779180169 19
1745740077486 0.011582999806185918 20
1745740141621 0.00997804398458375 21
1745740206220 0.008658964883022922 22
1745740271222 0.007794678980978776 23
1745740335931 0.007154831270763308 24
1745740400553 0.006514596828848732 25
1745740465564 0.006152251801852669 26
1745740530392 0.006132764387780762 27
1745740595297 0.005454671046487531 28
1745740659920 0.005316249351492342 29
