1745738771613 0.49731903485248025 0
1745738836072 0.6184100418409524 1
1745738902566 0.6821305841923813 2
1745738967669 0.6948717948717354 3
1745739032915 0.7044877222692036 4
1745739098568 0.7008264462809338 5
1745739164086 0.6978653530377095 6
1745739229381 0.7181663837011275 7
1745739296769 0.6995884773661976 8
1745739362362 0.6959737058339609 9
1745739428051 0.6963394342761484 10
1745739493200 0.6961189099916848 11
1745739558322 0.7093723129836019 12
1745739623481 0.6912251655628566 13
1745739688804 0.6895397489539171 14
1745739754013 0.6849315068492599 15
1745739819108 0.6902218570254157 16
1745739884202 0.6783960720130378 17
1745739949397 0.7004184100417824 18
1745740014460 0.6975772765245867 19
1745740078918 0.6924355777223031 20
1745740143051 0.7136788445199054 21
1745740207654 0.6981605351169985 22
1745740272668 0.6943986820427764 23
1745740337363 0.702109704641291 24
1745740401982 0.6956521739129853 25
1745740467088 0.6944673823285966 26
1745740531826 0.7000835421887468 27
1745740596731 0.6970711297070546 28
1745740661349 0.6868356500408269 29
