1745738771613 0.12950761170245684 0
1745738836072 0.4755226320948181 1
1745738902566 0.5804878859314545 2
1745738967669 0.5949982255551011 3
1745739032915 0.659953380199694 4
1745739098568 0.6557784878483642 5
1745739164086 0.667489323736885 6
1745739229381 0.674344424611646 7
1745739296769 0.6680705195074952 8
1745739362362 0.6702720256805972 9
1745739428051 0.6678323863768182 10
1745739493200 0.6710126307348344 11
1745739558322 0.6487756785956873 12
1745739623481 0.6619572786836627 13
1745739688804 0.656819158011011 14
1745739754013 0.6787222860280253 15
1745739819108 0.6728761704051149 16
1745739884202 0.6515290557286246 17
1745739949397 0.654310534370149 18
1745740014460 0.6583319604406992 19
1745740078918 0.6550076520680755 20
1745740143051 0.6684521689105668 21
1745740207654 0.6581187243152494 22
1745740272668 0.6690320512854888 23
1745740337363 0.6556854133497725 24
1745740401982 0.6576422429495111 25
1745740467088 0.6666577536209319 26
1745740531826 0.6581118606510478 27
1745740596731 0.6566514869044459 28
1745740661349 0.663358589914779 29
