1746779918675 0.3436504450374494 0
1746780208570 0.695961141569443 1
1746780500168 0.7328899421424911 2
1746780790645 0.6648278513338032 3
1746781077871 0.7716669344126988 4
1746781367358 0.77584778286602 5
1746781654004 0.7736045283454238 6
1746781942294 0.7557240135071808 7
1746782227107 0.7152310764554868 8
1746782514601 0.7486263378302365 9
1746782800526 0.7678845869102466 10
1746783087014 0.7641898744491127 11
1746783374241 0.7653322192830304 12
1746783665346 0.756756835811199 13
1746783952417 0.7742812468137406 14
1746784233825 0.7617223325188334 15
1746784508518 0.7715660777238498 16
1746784771214 0.7662659151748267 17
1746785036966 0.780850359267685 18
1746785308551 0.7722477260597527 19
1746785581915 0.7891384994315449 20
1746785863124 0.7960233451828613 21
1746786150357 0.7799531458275177 22
1746786436185 0.7863623723932514 23
1746786719951 0.7811700070859288 24
1746787003368 0.7918804160511125 25
1746787289179 0.7877319673024348 26
1746787575145 0.7810938465451175 27
1746787859597 0.7802688823738888 28
1746788145808 0.7898626797266602 29
