1746198836878 733.5185142049984 0
1746198961262 398.42173704809073 1
1746199087112 297.73918494399715 2
1746199213843 232.5766937878667 3
1746199532576 105.19492881152095 4
1746199778876 57.4731153955265 5
1746200026849 43.21631198026696 6
1746200274779 32.166841643197195 7
1746200520832 23.422750862277283 8
1746200767032 20.656039578574045 9
1746201013885 15.257061286848419 10
1746201260720 10.885119355454737 11
1746201509881 8.45640162059239 12
1746201758580 7.18390881771944 13
1746202007006 9.565043634297897 14
1746202255809 8.060793433870588 15
1746202504445 5.468829094147195 16
1746202753037 3.5580069605185063 17
1746203001312 2.3359178852061837 18
1746203249684 2.0159996310058905 19
1746203498361 1.7681151932599593 20
1746203747069 1.276396197932107 21
1746203996553 0.9356396173944279 22
1746204246401 0.9027188274325156 23
1746204495684 0.6907075999342666 24
1746204746413 0.6428107710517182 25
1746204995559 0.6877392378388619 26
1746205243731 0.5832416807510414 27
1746205494361 0.526524441582816 28
1746205744442 0.4346119858780686 29
