1746198836878 2e-05 0
1746198961262 4e-05 1
1746199087112 6.000000000000001e-05 2
1746199213843 8e-05 3
1746199532576 8e-05 4
1746199778876 8e-05 5
1746200026849 8e-05 6
1746200274779 8e-05 7
1746200520832 8e-05 8
1746200767032 8e-05 9
1746201013885 8e-05 10
1746201260720 8e-05 11
1746201509881 8e-05 12
1746201758580 8e-05 13
1746202007006 8e-05 14
1746202255809 6.400000000000001e-05 15
1746202504445 6.400000000000001e-05 16
1746202753037 5.120000000000001e-05 17
1746203001312 5.120000000000001e-05 18
1746203249684 4.0960000000000014e-05 19
1746203498361 4.0960000000000014e-05 20
1746203747069 3.276800000000001e-05 21
1746203996553 3.276800000000001e-05 22
1746204246401 2.6214400000000008e-05 23
1746204495684 2.6214400000000008e-05 24
1746204746413 2.097152000000001e-05 25
1746204995559 2.097152000000001e-05 26
1746205243731 1.6777216000000006e-05 27
1746205494361 1.6777216000000006e-05 28
1746205744442 1.3421772800000009e-05 29
