1746198841205 0.0 0
1746198964828 0.0 1
1746199090230 0.05363395225458678 2
1746199216985 0.11169726766436708 3
1746199536349 0.5665382987868869 4
1746199782684 0.6964098752371518 5
1746200030452 0.7261738746940953 6
1746200278148 0.6686482024889658 7
1746200524412 0.7003804902122949 8
1746200770627 0.7101561917755568 9
1746201017491 0.6853236001178904 10
1746201264313 0.6709395479636218 11
1746201513186 0.6753368013931674 12
1746201762944 0.6789302267467467 13
1746202010716 0.7192335778328475 14
1746202259751 0.7102584501707485 15
1746202507940 0.6873784343736437 16
1746202756267 0.699072415109176 17
1746203004623 0.6947928910095567 18
1746203252916 0.6928318701688598 19
1746203501762 0.693472728497425 20
1746203750753 0.6984519056677224 21
1746204000206 0.6980043768268286 22
1746204250176 0.6838118352018937 23
1746204499999 0.6867231493093754 24
1746204749852 0.6815368425754001 25
1746204998851 0.6967111901448954 26
1746205247137 0.6725510819251229 27
1746205497747 0.6987453369408958 28
1746205747713 0.6846675161979314 29
