1746198841205 0.0 0
1746198964828 0.0 1
1746199090230 0.07520143240822962 2
1746199216985 0.26051924798565257 3
1746199536349 0.7860340196955429 4
1746199782684 0.8173679498656385 5
1746200030452 0.8442256042971491 6
1746200278148 0.8182632050133556 7
1746200524412 0.8290062667859598 8
1746200770627 0.838854073410847 9
1746201017491 0.842435094001715 10
1746201264313 0.8316920322291108 11
1746201513186 0.8325872873768279 12
1746201762944 0.842435094001715 13
1746202010716 0.8200537153087896 14
1746202259751 0.8316920322291108 15
1746202507940 0.8290062667859598 16
1746202756267 0.8316920322291108 17
1746203004623 0.839749328558564 18
1746203252916 0.8299015219336768 19
1746203501762 0.8272157564905257 20
1746203750753 0.8361683079676959 21
1746204000206 0.8307967770813938 22
1746204250176 0.839749328558564 23
1746204499999 0.83795881826313 24
1746204749852 0.8316920322291108 25
1746204998851 0.8343777976722618 26
1746205247137 0.837063563115413 27
1746205497747 0.8325872873768279 28
1746205747713 0.8361683079676959 29
