1745751024680 2e-05 0
1745751128640 2e-05 1
1745751234633 2e-05 2
1745751341685 8e-05 3
1745751446074 8e-05 4
1745751552318 8e-05 5
1745751656086 8e-05 6
1745751762604 8e-05 7
1745751866670 8e-05 8
1745751970771 8e-05 9
1745752074813 8e-05 10
1745752178924 8e-05 11
1745752284255 8e-05 12
1745752388390 8e-05 13
1745752491959 8e-05 14
1745752595682 6.400000000000001e-05 15
1745752699253 6.400000000000001e-05 16
1745752802988 5.120000000000001e-05 17
1745752907956 5.120000000000001e-05 18
1745753014175 4.0960000000000014e-05 19
1745753118622 4.0960000000000014e-05 20
1745753222296 3.276800000000001e-05 21
1745753327795 3.276800000000001e-05 22
