1745751024680 1.0252870997557273 0
1745751128640 0.3921157677586262 1
1745751234633 0.27553701085539967 2
1745751341685 0.26568379826270616 3
1745751446074 0.20849611696142417 4
1745751552318 0.14965400300346887 5
1745751656086 0.13526486820326403 6
1745751762604 0.11032525872668394 7
1745751866670 0.08661887415039998 8
1745751970771 0.06456346777625956 9
1745752074813 0.04614280898553821 10
1745752178924 0.0393712053505274 11
1745752284255 0.03396993406260243 12
1745752388390 0.02635450639690344 13
1745752491959 0.029903622093395546 14
1745752595682 0.02696849635014167 15
1745752699253 0.01736232335679233 16
1745752802988 0.012942929205914529 17
1745752907956 0.01494047805093802 18
1745753014175 0.010122645359772902 19
1745753118622 0.006819867734940579 20
1745753222296 0.005089335042822103 21
1745753327795 0.004369322971727412 22
