1746650917711 0.6884512085943878 0
1746650978779 0.8245299910473747 1
1746651040705 0.7896150402864109 2
1746651103808 0.8137869292747705 3
1746651166865 0.8361683079676959 4
1746651228479 0.837063563115413 5
1746651289578 0.8146821844224874 6
1746651349961 0.8218442256042237 7
1746651411974 0.8272157564905257 8
1746651473245 0.8343777976722618 9
1746651534474 0.7967770814681471 10
1746651594964 0.8316920322291108 11
1746651655755 0.8111011638316193 12
1746651716335 0.8102059086839024 13
1746651776847 0.8254252461950917 14
1746651837363 0.8146821844224874 15
1746651897718 0.8155774395702045 16
1746651958100 0.8263205013428088 17
1746652018584 0.8299015219336768 18
1746652079715 0.8227394807519406 19
1746652140103 0.8245299910473747 20
1746652200534 0.8272157564905257 21
1746652260931 0.8254252461950917 22
1746652321360 0.8227394807519406 23
1746652381747 0.8209489704565066 24
1746652443521 0.8236347358996576 25
1746652504221 0.8236347358996576 26
1746652564797 0.8218442256042237 27
1746652625174 0.8218442256042237 28
1746652685550 0.8218442256042237 29
