1746650917711 0.47859812819920716 0
1746650978779 0.7238783496327028 1
1746651040705 0.7449002219826298 2
1746651103808 0.7677475946418256 3
1746651166865 0.7729881919261989 4
1746651228479 0.7806611963785808 5
1746651289578 0.7564822025280379 6
1746651349961 0.7382524716864594 7
1746651411974 0.7733544461533348 8
1746651473245 0.7565023069631629 9
1746651534474 0.7076813872683327 10
1746651594964 0.7308053462604007 11
1746651655755 0.7109215494910822 12
1746651716335 0.7468087652531068 13
1746651776847 0.7673164212598265 14
1746651837363 0.7471805041780003 15
1746651897718 0.7559362106852963 16
1746651958100 0.761229669792903 17
1746652018584 0.7681178741518896 18
1746652079715 0.759583952617196 19
1746652140103 0.7593158639416049 20
1746652200534 0.7627047140081813 21
1746652260931 0.7657510439586537 22
1746652321360 0.7648402242933282 23
1746652381747 0.7630298995976024 24
1746652443521 0.763543951916524 25
1746652504221 0.7653543904551667 26
1746652564797 0.7607053643140603 27
1746652625174 0.7594658392001816 28
1746652685550 0.7571402239478144 29
