1746747499280 2e-05 0
1746747563055 4e-05 1
1746747627971 6.000000000000001e-05 2
1746747692375 8e-05 3
1746747758231 8e-05 4
1746747823954 8e-05 5
1746747888853 8e-05 6
1746747954042 8e-05 7
1746748019450 8e-05 8
1746748084150 8e-05 9
1746748148809 8e-05 10
1746748214018 8e-05 11
1746748279165 8e-05 12
1746748343865 8e-05 13
1746748407372 8e-05 14
1746748472683 6.400000000000001e-05 15
1746748535636 6.400000000000001e-05 16
1746748601895 5.120000000000001e-05 17
1746748665456 5.120000000000001e-05 18
1746748730207 4.0960000000000014e-05 19
