1745744987284 2e-05 0
1745745048014 2e-05 1
1745745109407 2e-05 2
1745745170972 8e-05 3
1745745232417 8e-05 4
1745745293618 8e-05 5
1745745356059 8e-05 6
1745745416769 8e-05 7
1745745478203 8e-05 8
1745745538697 8e-05 9
1745745599280 8e-05 10
1745745659735 8e-05 11
1745745720221 6.400000000000001e-05 12
1745745781074 6.400000000000001e-05 13
1745745843244 5.120000000000001e-05 14
1745745903703 5.120000000000001e-05 15
1745745964970 4.0960000000000014e-05 16
1745746025482 4.0960000000000014e-05 17
1745746085984 3.276800000000001e-05 18
1745746146508 3.276800000000001e-05 19
