1745744989011 0.11732949899650415 0
1745745049760 0.41518834395646986 1
1745745110625 0.5728674384105894 2
1745745172262 0.6012076726736713 3
1745745233437 0.6647477347449016 4
1745745295648 0.711763707137721 5
1745745357079 0.6963024718981747 6
1745745418571 0.6897557080287678 7
1745745479221 0.6969122804958011 8
1745745539800 0.7002269499093833 9
1745745600303 0.7012928220786532 10
1745745660759 0.7091460917897945 11
1745745721229 0.6917836961243283 12
1745745783037 0.7073070396038506 13
1745745844284 0.714718851540641 14
1745745905443 0.71195763781231 15
1745745965998 0.7149308534668106 16
1745746026541 0.7179447472611968 17
1745746087025 0.7254675109457835 18
1745746147654 0.7336416678120148 19
