1745744989011 0.1350417147116964 0
1745745049760 0.46103498903817947 1
1745745110625 0.6346397847918704 2
1745745172262 0.6821228119680249 3
1745745233437 0.7509999875576832 4
1745745295648 0.7676957513246682 5
1745745357079 0.7589540238018985 6
1745745418571 0.7683181277286264 7
1745745479221 0.7831931700242734 8
1745745539800 0.7780260412604932 9
1745745600303 0.7601919522103684 10
1745745660759 0.7597845801739361 11
1745745721229 0.7466114184349966 12
1745745783037 0.7784412712273882 13
1745745844284 0.7934833237787872 14
1745745905443 0.7651614730838264 15
1745745965998 0.7797512648921432 16
1745746026541 0.7809603843874852 17
1745746087025 0.7881769492846774 18
1745746147654 0.7902112154729527 19
