1745750936401 1.429166784653297 0
1745750967504 0.7567870508019741 1
1745750999530 0.46024051709817004 2
1745751031932 0.3226398547681478 3
1745751064385 0.23818241546933466 4
1745751096347 0.18592968898323867 5
1745751128886 0.1519477913299432 6
1745751161641 0.11947074718773365 7
1745751194630 0.09602719094031133 8
1745751227062 0.09368394988660629 9
1745751259426 0.06796438841579053 10
1745751291782 0.051733911592656605 11
1745751324763 0.04029834499725929 12
1745751357094 0.03263704997236626 13
1745751389507 0.025435044636161856 14
1745751422496 0.020982090312127884 15
1745751454815 0.01796174463099585 16
1745751487811 0.015063058235682547 17
1745751520101 0.014236520268381216 18
1745751552451 0.012647070724946948 19
