1745750937415 0.0 0
1745750968406 0.3330349149507311 1
1745751000452 0.6678603401968963 2
1745751032863 0.7851387645478258 3
1745751065321 0.7967770814681471 4
1745751097678 0.8111011638316193 5
1745751130308 0.7887197851386939 6
1745751162601 0.8146821844224874 7
1745751195556 0.8442256042971491 8
1745751227994 0.839749328558564 9
1745751260370 0.8200537153087896 10
1745751292699 0.8227394807519406 11
1745751325681 0.8236347358996576 12
1745751358087 0.8209489704565066 13
1745751390434 0.8307967770813938 14
1745751423411 0.8155774395702045 15
1745751456438 0.8245299910473747 16
1745751488723 0.8218442256042237 17
1745751521009 0.8316920322291108 18
1745751553391 0.8200537153087896 19
