1746766384873 0.27221651213543746 0
1746766633381 0.6588578478155788 1
1746766884723 0.7632308848146726 2
1746767131175 0.8191760695407014 3
1746767375826 0.8479208808882512 4
1746767625954 0.904728695547084 5
1746767876368 0.9333333689029685 6
1746768125144 0.9244240313293159 7
1746768371591 0.9141281447587131 8
1746768619527 0.9221252734529956 9
1746768869437 0.9484301790264074 10
1746769117675 0.9446910245270098 11
1746769365741 0.9526371165635742 12
1746769612107 0.9625317161975375 13
1746769858203 0.9589265078401386 14
1746770102493 0.9257157617206347 15
1746770347267 0.9802748981031447 16
1746770595449 0.9786674135228479 17
1746770841766 0.9841621568526341 18
1746771090733 0.9849693903370492 19
