1746766384873 0.2983190276415146 0
1746766633381 0.5969658808605881 1
1746766884723 0.7890499459648497 2
1746767131175 0.7806709716553678 3
1746767375826 0.8006065995736886 4
1746767625954 0.9011877359103356 5
1746767876368 0.9082927445539506 6
1746768125144 0.9123810379975427 7
1746768371591 0.8834040508779014 8
1746768619527 0.9112319116242793 9
1746768869437 0.9450319948562522 10
1746769117675 0.9254270420332399 11
1746769365741 0.9400898817098422 12
1746769612107 0.9510868333653963 13
1746769858203 0.9508416985650044 14
1746770102493 0.9048264429320215 15
1746770347267 0.9755746903904472 16
1746770595449 0.969567151120837 17
1746770841766 0.979193573872428 18
1746771090733 0.9782369482555536 19
