1746766384873 0.5854968666069306 0
1746766633381 0.8567591763651874 1
1746766884723 0.8907788719784341 2
1746767131175 0.9024171888987553 3
1746767375826 0.9400179051028702 4
1746767625954 0.936436884512002 5
1746767876368 0.9668755595343808 6
1746768125144 0.9355416293642851 7
1746768371591 0.9615040286480786 8
1746768619527 0.9561324977617764 9
1746768869437 0.9668755595343808 10
1746769117675 0.9740376007161169 11
1746769365741 0.9713518352729659 12
1746769612107 0.978513876454702 13
1746769858203 0.9668755595343808 14
1746770102493 0.9615040286480786 15
1746770347267 0.9856759176364381 16
1746770595449 0.9847806624887211 17
1746770841766 0.9901521933750232 18
1746771090733 0.9892569382273062 19
