1746766384873 0.32123484173033023 0
1746766633381 0.747707143586227 1
1746766884723 0.8212965104013948 2
1746767131175 0.8767328378443137 3
1746767375826 0.9254932496100505 4
1746767625954 0.9160538139756045 5
1746767876368 0.9639442404173063 6
1746768125144 0.9391797485123831 7
1746768371591 0.9539791169866627 8
1746768619527 0.9464673973566808 9
1746768869437 0.952845083412902 10
1746769117675 0.9683312385042018 11
1746769365741 0.9664152432273458 12
1746769612107 0.9758084103038132 13
1746769858203 0.9685201894209545 14
1746770102493 0.9567624716139398 15
1746770347267 0.9851914524463964 16
1746770595449 0.9881662340138709 17
1746770841766 0.9894329500362125 18
1746771090733 0.9919660563522463 19
