1746746155354 0.1850751313635057 0
1746746218463 0.6033032945257726 1
1746746283024 0.7184398737407045 2
1746746348217 0.8324002003681011 3
1746746414422 0.8820090499566624 4
1746746479654 0.8973462964810411 5
1746746545171 0.9531063665894778 6
1746746610967 0.9675262004995494 7
1746746676806 0.9792353566159301 8
1746746741735 0.977977419449712 9
1746746804696 0.9808117029239974 10
1746746869138 0.9857900713979822 11
1746746933646 0.989202971371173 12
1746746998226 0.9897800193089675 13
1746747063768 0.9821701932164797 14
1746747128469 0.9869679796904087 15
1746747192377 0.9729403330470514 16
1746747256221 0.9847518963904022 17
1746747321881 0.9850302911766048 18
1746747385620 0.9883910615635247 19
