1746694933119 0.4333034914950373 0
1746695224603 0.8200537153087896 1
1746695517682 0.8290062667859598 2
1746695813593 0.8343777976722618 3
1746696105373 0.8209489704565066 4
1746696394859 0.837063563115413 5
1746696685013 0.8334825425245449 6
1746696975745 0.837063563115413 7
1746697268507 0.8290062667859598 8
1746697557305 0.8549686660697533 9
1746697844864 0.8334825425245449 10
1746698134086 0.8352730528199789 11
1746698420007 0.83795881826313 12
1746698706738 0.8451208594448661 13
1746698991949 0.8218442256042237 14
1746699279183 0.83795881826313 15
1746699566312 0.840644583706281 16
1746699859342 0.83795881826313 17
1746700145363 0.8361683079676959 18
1746700437554 0.8325872873768279 19
1746700727812 0.8307967770813938 20
1746701016649 0.8361683079676959 21
1746701303668 0.837063563115413 22
1746701590403 0.838854073410847 23
1746701882967 0.8415398388539981 24
1746702171068 0.8361683079676959 25
1746702457339 0.840644583706281 26
1746702749171 0.842435094001715 27
1746703036297 0.842435094001715 28
1746703324690 0.8442256042971491 29
