1745738892415 1.1023584555606454 0
1745738953919 0.5033188728349549 1
1745739016681 0.3284390378667384 2
1745739079975 0.26176675720786563 3
1745739142982 0.18936707292284286 4
1745739207359 0.14921664522618663 5
1745739270550 0.11521543151870066 6
1745739333880 0.09219808108648475 7
1745739397425 0.07253807623471532 8
1745739460324 0.05727962569846791 9
1745739523331 0.045592650923193714 10
1745739586356 0.03725638739498598 11
1745739649560 0.030183951693529984 12
1745739712177 0.027180202808991378 13
1745739774932 0.028393806471508378 14
1745739839080 0.023714720414077142 15
1745739902107 0.017658955493599783 16
1745739964646 0.013617842182593078 17
1745740028208 0.011820696674439371 18
1745740091517 0.010221203596673297 19
1745740154668 0.008407794129179448 20
1745740217343 0.007986457277165383 21
1745740279873 0.006796735429147981 22
1745740342784 0.006117825182534906 23
1745740406782 0.006103219067658849 24
1745740469351 0.0054236230991628704 25
1745740531897 0.004951257016319706 26
1745740594338 0.004704587914676843 27
1745740656882 0.004290452773435687 28
1745740719380 0.004121150315397096 29
