1745738893350 0.47548291233276735 0
1745738954816 0.6642201834861776 1
1745739017595 0.7300347222221588 2
1745739080883 0.7814451382693326 3
1745739144534 0.7774914089346411 4
1745739208263 0.756688963210639 5
1745739272150 0.74183266932265 6
1745739334873 0.7709213863059365 7
1745739398368 0.7596774193547774 8
1745739461482 0.7455716586150768 9
1745739524230 0.7497995188451684 10
1745739587255 0.7898866608543339 11
1745739650458 0.762214983713293 12
1745739713262 0.7564516129031648 13
1745739776351 0.7994746059543958 14
1745739840499 0.7859007832897488 15
1745739903009 0.7692307692307055 16
1745739965548 0.7770437654830077 17
1745740029877 0.7842639593907965 18
1745740092418 0.7871621621620957 19
1745740155584 0.7832345469940065 20
1745740218234 0.7799163179915665 21
1745740281125 0.7785234899328206 22
1745740343686 0.7919863597612282 23
1745740407688 0.7866215071972238 24
1745740470281 0.7826086956521084 25
1745740532811 0.7928082191780143 26
1745740595239 0.7823529411764049 27
1745740657777 0.7852916314454111 28
1745740720285 0.7786131996657661 29
