1745738893350 0.28648164726944614 0
1745738954816 0.6481647269471219 1
1745739017595 0.7529095792300131 2
1745739080883 0.7842435094001088 3
1745739144534 0.8102059086839024 4
1745739208263 0.8102059086839024 5
1745739272150 0.8334825425245449 6
1745739334873 0.8164726947179215 7
1745739398368 0.8433303491494321 8
1745739461482 0.8290062667859598 9
1745739524230 0.837063563115413 10
1745739587255 0.8111011638316193 11
1745739650458 0.83795881826313 12
1745739713262 0.839749328558564 13
1745739776351 0.8173679498656385 14
1745739840499 0.8084153983884683 15
1745739903009 0.8325872873768279 16
1745739965548 0.842435094001715 17
1745740029877 0.8299015219336768 18
1745740092418 0.8343777976722618 19
1745740155584 0.8281110116382427 20
1745740218234 0.8343777976722618 21
1745740281125 0.8307967770813938 22
1745740343686 0.8316920322291108 23
1745740407688 0.8316920322291108 24
1745740470281 0.83795881826313 25
1745740532811 0.8290062667859598 26
1745740595239 0.8334825425245449 27
1745740657777 0.8316920322291108 28
1745740720285 0.8343777976722618 29
