1746694324956 2e-05 0
1746694450442 4e-05 1
1746694574843 6.000000000000001e-05 2
1746694700653 8e-05 3
1746694825019 8e-05 4
1746694949102 8e-05 5
1746695073178 8e-05 6
1746695197747 8e-05 7
1746695323304 8e-05 8
1746695447185 8e-05 9
1746695571543 8e-05 10
1746695695869 8e-05 11
1746695820533 8e-05 12
1746695944961 8e-05 13
1746696069036 8e-05 14
1746696192801 6.400000000000001e-05 15
1746696318984 6.400000000000001e-05 16
1746696442953 5.120000000000001e-05 17
1746696567245 5.120000000000001e-05 18
1746696691477 4.0960000000000014e-05 19
1746696815140 4.0960000000000014e-05 20
1746696938553 3.276800000000001e-05 21
1746697060393 3.276800000000001e-05 22
1746697182960 2.6214400000000008e-05 23
1746697305738 2.6214400000000008e-05 24
1746697427742 2.097152000000001e-05 25
1746697534192 2.097152000000001e-05 26
1746697655825 1.6777216000000006e-05 27
1746697779082 1.6777216000000006e-05 28
1746697900684 1.3421772800000009e-05 29
