1746694324956 419.68938212492026 0
1746694450442 175.81898607526506 1
1746694574843 83.73714291319556 2
1746694700653 57.47782495070477 3
1746694825019 42.861688477652415 4
1746694949102 32.175252953354196 5
1746695073178 25.266283288293955 6
1746695197747 21.485388006482804 7
1746695323304 16.289316537428874 8
1746695447185 12.693512478653265 9
1746695571543 10.36034465322689 10
1746695695869 8.85390678230597 11
1746695820533 7.756275074822562 12
1746695944961 6.596659601951132 13
1746696069036 5.656421101823145 14
1746696192801 4.716884586275841 15
1746696318984 3.6533936858177185 16
1746696442953 3.0985730229591835 17
1746696567245 2.4341718858602097 18
1746696691477 2.062714118130353 19
1746696815140 1.8445612800364592 20
1746696938553 1.586529160032467 21
1746697060393 1.3723928843225752 22
1746697182960 1.187549148287092 23
1746697305738 1.0094320953500515 24
1746697427742 1.0201702628816878 25
1746697534192 0.9090464997048281 26
1746697655825 0.8603244703643176 27
1746697779082 0.7949131511303843 28
1746697900684 0.7378393046709956 29
