1746694327698 0.008158731558505702 0
1746694452822 0.4439797344714475 1
1746694577447 0.6424367111711773 2
1746694702986 0.6527254962498994 3
1746694827384 0.6825391586123695 4
1746694951415 0.7120867114957878 5
1746695075885 0.7181493797059406 6
1746695201016 0.7279937993905707 7
1746695325626 0.6944203543994344 8
1746695449891 0.7217580460271285 9
1746695573845 0.7309208414444043 10
1746695698752 0.7160141504393244 11
1746695822845 0.7456575044027232 12
1746695947502 0.7208449080437463 13
1746696071625 0.7334131956402128 14
1746696195838 0.7375051302275358 15
1746696321291 0.7102951690832248 16
1746696445403 0.7153573710539661 17
1746696569732 0.7252218856067524 18
1746696693605 0.7247771670208656 19
1746696817587 0.7314208022463424 20
1746696940966 0.7301432144578739 21
1746697062791 0.7335338818603552 22
1746697185565 0.739872358231766 23
1746697308027 0.7282876424678746 24
1746697430372 0.7366948033131795 25
1746697536514 0.7247473404234065 26
1746697659434 0.7343527598482523 27
1746697781509 0.7321013972671383 28
1746697902989 0.7358929066169092 29
