1746694327698 0.022015241310659815 0
1746694452822 0.7085404427877172 1
1746694577447 0.7914346894575204 2
1746694702986 0.7855060391005305 3
1746694827384 0.7874947190037457 4
1746694951415 0.8065489012856321 5
1746695075885 0.794947368371162 6
1746695201016 0.8069414316202594 7
1746695325626 0.8044596912021633 8
1746695449891 0.7979626485069423 9
1746695573845 0.8076923076423412 10
1746695698752 0.8084555650923599 11
1746695822845 0.8158123370481483 12
1746695947502 0.8034482758120683 13
1746696071625 0.7983086680261957 14
1746696195838 0.8174061432947501 15
1746696321291 0.812152331999664 16
1746696445403 0.8108340498210317 17
1746696569732 0.8171306209350342 18
1746696693605 0.8075439347978562 19
1746696817587 0.8103962504826416 20
1746696940966 0.8148148147648164 21
1746697062791 0.8154506437268388 22
1746697185565 0.8156424580505685 23
1746697308027 0.8169257339741717 24
1746697430372 0.8143041791830893 25
1746697536514 0.8093816630630495 26
1746697659434 0.8133848133348303 27
1746697781509 0.812152331999664 28
1746697902989 0.8132245598469647 29
