1746610567489 832.507306780134 0
1746610643688 363.69742848921794 1
1746610738282 312.0256447305485 2
1746610842123 258.6607793691207 3
1746610985285 150.78962684164242 4
1746611130903 93.62237027226662 5
1746611278289 69.48994796130123 6
1746611425803 51.70060391328773 7
1746611571670 40.90884771152418 8
1746611716172 33.3788311432819 9
1746611861066 25.895930621088766 10
1746612005146 21.159049968330226 11
1746612148264 17.686870477637466 12
1746612292461 15.40247715735922 13
1746612438171 13.146286828177315 14
1746612583326 10.25246170588902 15
1746612727334 8.394016840020004 16
1746612871274 6.760435464430828 17
1746613015458 5.699482402023004 18
1746613158184 4.9843487788219845 19
1746613302383 4.359014897930379 20
1746613446410 3.8716671393842113 21
1746613591195 3.5755462573499095 22
1746613733856 3.1376561437334334 23
1746613879508 3.000850619102011 24
1746614024983 2.7000502153318755 25
1746614168427 2.492330845521421 26
1746614314943 2.38522435937609 27
1746614459470 2.1861135181115596 28
1746614602670 2.111285476052031 29
