1746610570702 0.0 0
1746610645783 0.0 1
1746610741874 0.0 2
1746610845695 0.14381022977134997 3
1746610989188 0.6432970155825104 4
1746611135324 0.7346570396611283 5
1746611283127 0.799999999949978 6
1746611429884 0.8015530629353287 7
1746611575424 0.7913793102948281 8
1746611719827 0.7967479674297038 9
1746611864752 0.8097896092243804 10
1746612009390 0.803633217943067 11
1746612151763 0.7925170067527795 12
1746612296664 0.8080548414238872 13
1746612442315 0.8053059477463482 14
1746612587520 0.803250641524025 15
1746612730983 0.8102031992582459 16
1746612875066 0.809931506799341 17
1746613019282 0.8069114470342248 18
1746613161927 0.8084012001214738 19
1746613306408 0.7981220656777396 20
1746613450616 0.8040885859807138 21
1746613594884 0.8104184457228808 22
1746613737351 0.7986434929555835 23
1746613883191 0.8005093378108471 24
1746614028741 0.8022118247054787 25
1746614172728 0.8063274903305364 26
1746614318765 0.8069876437506436 27
1746614463561 0.8085836909371399 28
1746614606271 0.8028948488219118 29
