1746610570702 0.0 0
1746610645783 0.0 1
1746610741874 0.0 2
1746610845695 0.41810344827568185 3
1746610989188 0.683098591549227 4
1746611135324 0.7406733393993866 5
1746611283127 0.7760942760942108 6
1746611429884 0.773522064945814 7
1746611575424 0.7630922693266198 8
1746611719827 0.7631147540982981 9
1746611864752 0.7780528052804638 10
1746612009390 0.7774058577405207 11
1746612151763 0.754655870445283 12
1746612296664 0.7748562037797226 13
1746612442315 0.7713114754097729 14
1746612587520 0.7690417690417061 15
1746612730983 0.7834448160534462 16
1746612875066 0.77604593929444 17
1746613019282 0.7796327212019383 18
1746613161927 0.7754934210525678 19
1746613306408 0.7626427406198399 20
1746613450616 0.7668562144597265 21
1746613594884 0.7746938775509571 22
1746613737351 0.7584541062801321 23
1746613883191 0.7610976594026827 24
1746614028741 0.7641815235007484 25
1746614172728 0.7716857610473999 26
1746614318765 0.7699186991869292 27
1746614463561 0.7765869744434644 28
1746614606271 0.7654220779220158 29
