1746610570702 0.0 0
1746610645783 0.0 1
1746610741874 0.0 2
1746610845695 0.06758647973678035 3
1746610989188 0.37823125790490497 4
1746611135324 0.4828485606407341 5
1746611283127 0.6124285870903938 6
1746611429884 0.605002034055732 7
1746611575424 0.6082311519575735 8
1746611719827 0.6524891482544801 9
1746611864752 0.7319373837902726 10
1746612009390 0.69867342229459 11
1746612151763 0.7023920938268687 12
1746612296664 0.703989191565937 13
1746612442315 0.7105377873876233 14
1746612587520 0.6956674199265938 15
1746612730983 0.7148013633851149 16
1746612875066 0.6991867648112873 17
1746613019282 0.7042542255830236 18
1746613161927 0.6975375783564084 19
1746613306408 0.6925965195671632 20
1746613450616 0.6970875460843075 21
1746613594884 0.7019781786544181 22
1746613737351 0.689139257383258 23
1746613883191 0.6821905903258316 24
1746614028741 0.6851520900156735 25
1746614172728 0.6995289434776922 26
1746614318765 0.6987993890797217 27
1746614463561 0.7069074499103116 28
1746614606271 0.6967179794399825 29
