1745701638694 0.4905422446405434 0
1745701703500 0.6298811544990977 1
1745701768951 0.6861063464836461 2
1745701836861 0.6883876357559993 3
1745701902114 0.7043330501273828 4
1745701966996 0.7108843537414361 5
1745702032326 0.6814159292034849 6
1745702098196 0.722316865417315 7
1745702165799 0.6995951417003482 8
1745702229890 0.7055837563451179 9
1745702293975 0.6987551867219337 10
1745702358126 0.7142857142856539 11
1745702422017 0.7111299915037629 12
1745702486065 0.722659667541494 13
1745702550133 0.684640522875761 14
1745702614210 0.6977704376547731 15
1745702678526 0.685761047463119 16
1745702742569 0.7050420168066635 17
1745702806616 0.7111299915037629 18
1745702870975 0.6749999999999455 19
1745702935241 0.6993355481726994 20
1745702999623 0.6992481203006934 21
1745703063621 0.688524590163878 22
1745703127695 0.6978476821191475 23
1745703191756 0.7126050420167468 24
1745703255889 0.7005838198498164 25
1745703319946 0.6972704714639621 26
1745703384017 0.7081939799330511 27
1745703448083 0.7141652613827391 28
1745703512211 0.702410640066442 29
