1746751613870 0.0 0
1746751744157 0.0 1
1746751942970 0.49149507609664356 2
1746752308412 0.6678603401968963 3
1746752467396 0.8522829006266023 4
1746752598441 0.8925693822738682 5
1746752734467 0.9185317815576617 6
1746752852581 0.9247985675916808 7
1746752979044 0.9561324977617764 8
1746753225702 0.9704565801252488 9
1746753603400 0.9668755595343808 10
1746753750600 0.9695613249775318 11
1746753889664 0.9713518352729659 12
1746754014486 0.9668755595343808 13
1746754144338 0.9722470904206828 14
1746754275861 0.979409131602419 15
1746754635553 0.983885407341004 16
1746754967026 0.9767233661592679 17
1746755098469 0.983885407341004 18
1746755228676 0.979409131602419 19
