1746751613870 0.0 0
1746751744157 0.0 1
1746751942970 0.22817921906115318 2
1746752308412 0.41734504361167946 3
1746752467396 0.6941558020746446 4
1746752598441 0.773584465725489 5
1746752734467 0.8474244858077149 6
1746752852581 0.8572421514286046 7
1746752979044 0.9407030085109823 8
1746753225702 0.9562104288473132 9
1746753603400 0.9577597886997238 10
1746753750600 0.9655874923903126 11
1746753889664 0.9686083437165155 12
1746754014486 0.9595020141496159 13
1746754144338 0.9739941748560261 14
1746754275861 0.9765981977083039 15
1746754635553 0.9803685140577104 16
1746754967026 0.9741798545134864 17
1746755098469 0.9781681807539425 18
1746755228676 0.9777783087949353 19
