1745701634717 0.9244726047832139 0
1745701699923 0.39554937183856964 1
1745701764987 0.2656715830065766 2
1745701830721 0.21631191754523588 3
1745701896114 0.15864920486905137 4
1745701960171 0.12359889976832332 5
1745702025918 0.09528869432302153 6
1745702092053 0.07911441805867517 7
1745702160793 0.06427093815742707 8
1745702225716 0.05101904904051703 9
1745702291649 0.042280743430767743 10
1745702358017 0.0356799006196005 11
1745702422059 0.0333265002474797 12
1745702487393 0.02769908856372444 13
1745702552156 0.02141347459080268 14
1745702617106 0.016326104932255586 15
1745702681205 0.01383094555622309 16
1745702745236 0.010866141208086391 17
1745702810896 0.009556846892727273 18
1745702877132 0.008009963569098286 19
1745702942152 0.0072226316135908875 20
1745703006193 0.006254121176518348 21
1745703071993 0.005747203507261085 22
1745703136020 0.0051738289565 23
1745703200793 0.004784677412874084 24
1745703265574 0.004499456077833109 25
1745703329766 0.004475269067500319 26
1745703395541 0.004463659992622097 27
1745703460176 0.004055423268867771 28
1745703524920 0.003815339125065627 29
