1745701636173 0.3982823402632659 0
1745701701347 0.6265164644214009 1
1745701766411 0.682096069818966 2
1745701832736 0.7148558757814264 3
1745701897527 0.7130434782108487 4
1745701962297 0.7223183390503405 5
1745702028245 0.7042490533788133 6
1745702094970 0.7264808361869068 7
1745702163114 0.7141652613329084 8
1745702228515 0.7173820653984307 9
1745702294242 0.7282986110610941 10
1745702359559 0.7242123434976926 11
1745702424649 0.7259062775803591 12
1745702489518 0.7087749045706823 13
1745702553656 0.7292387542752534 14
1745702618603 0.7098156879054514 15
1745702682704 0.7142857142356884 16
1745702746719 0.7297180042883789 17
1745702812603 0.7306852902162265 18
1745702879544 0.7189655171913861 19
1745702943567 0.7225806451113047 20
1745703008260 0.7314533622059493 21
1745703073413 0.7217204300575415 22
1745703138207 0.7250755286509079 23
1745703202917 0.7238999136687262 24
1745703267027 0.7211291701810039 25
1745703331815 0.732870771849378 26
1745703397532 0.7275086504690251 27
1745703462288 0.722436722386747 28
1745703526343 0.7234226447209565 29
