1745701636173 0.12163418397653215 0
1745701701347 0.3999344913285206 1
1745701766411 0.4770295759939206 2
1745701832736 0.5601540798911332 3
1745701897527 0.5936362533513496 4
1745701962297 0.5802292579433381 5
1745702028245 0.5730166733006672 6
1745702094970 0.6088405189157049 7
1745702163114 0.5943777771745878 8
1745702228515 0.5790758147208211 9
1745702294242 0.610954950849176 10
1745702359559 0.6029457825582911 11
1745702424649 0.6255649441435657 12
1745702489518 0.579493270549242 13
1745702553656 0.6144431927541419 14
1745702618603 0.5804641417328741 15
1745702682704 0.5998043074676693 16
1745702746719 0.6107487948900082 17
1745702812603 0.6108787161456792 18
1745702879544 0.588583735464548 19
1745702943567 0.5948229200653683 20
1745703008260 0.6121302431252882 21
1745703073413 0.5970982515053446 22
1745703138207 0.5981453664886358 23
1745703202917 0.603410530792401 24
1745703267027 0.5939180706553281 25
1745703331815 0.6150746646918136 26
1745703397532 0.6073004484054595 27
1745703462288 0.5858929525977865 28
1745703526343 0.6044612191183028 29
