1745701636173 0.33213965980301413 0
1745701701347 0.6472694717994049 1
1745701766411 0.699194270366992 2
1745701832736 0.7215756490599174 3
1745701897527 0.7341092211279557 4
1745701962297 0.7475380483437111 5
1745702028245 0.749328558639145 6
1745702094970 0.746642793195994 7
1745702163114 0.7582811101163153 8
1745702228515 0.7555953446731642 9
1745702294242 0.7511190689345791 10
1745702359559 0.7511190689345791 11
1745702424649 0.7350044762756728 12
1745702489518 0.748433303491428 13
1745702553656 0.7547000895254472 14
1745702618603 0.7412712623096919 15
1745702682704 0.7341092211279557 16
1745702746719 0.7529095792300131 17
1745702812603 0.749328558639145 18
1745702879544 0.746642793195994 19
1745702943567 0.7520143240822961 20
1745703008260 0.7547000895254472 21
1745703073413 0.7511190689345791 22
1745703138207 0.7520143240822961 23
1745703202917 0.7511190689345791 24
1745703267027 0.7547000895254472 25
1745703331815 0.7564905998208812 26
1745703397532 0.7529095792300131 27
1745703462288 0.7538048343777302 28
1745703526343 0.749328558639145 29
