1746611494732 825.2435122120137 0
1746611617334 428.7325806909678 1
1746611741626 316.73319088682837 2
1746611867326 249.98833169742505 3
1746612111450 112.91935535353058 4
1746612356173 60.47263090951102 5
1746612600781 44.21924846026362 6
1746612847882 32.93098765003438 7
1746613090782 23.36589512533071 8
1746613333140 17.905075238675487 9
1746613574947 15.618368499133052 10
1746613815270 12.815534299733688 11
1746614063409 10.639740739549909 12
1746614308215 8.55454902259671 13
1746614549446 6.710077441468531 14
1746614792838 5.130440488153575 15
1746615035842 3.5779205706654764 16
1746615278704 3.188361474445888 17
1746615519904 2.1462027588669135 18
1746615760755 1.8676915922943427 19
1746616001645 1.4579505312199494 20
1746616242212 1.0641543816547006 21
1746616485820 0.8932982756167042 22
1746616729537 0.7572398356028965 23
1746616975282 0.6633492683877751 24
1746617215367 0.6191029366181822 25
1746617455228 0.5874292236201617 26
1746617696047 0.5113841246585457 27
1746617937233 0.44733987535749165 28
1746618176064 0.4077803705419813 29
