1746611494732 2e-05 0
1746611617334 4e-05 1
1746611741626 6.000000000000001e-05 2
1746611867326 8e-05 3
1746612111450 8e-05 4
1746612356173 8e-05 5
1746612600781 8e-05 6
1746612847882 8e-05 7
1746613090782 8e-05 8
1746613333140 8e-05 9
1746613574947 8e-05 10
1746613815270 8e-05 11
1746614063409 8e-05 12
1746614308215 8e-05 13
1746614549446 8e-05 14
1746614792838 6.400000000000001e-05 15
1746615035842 6.400000000000001e-05 16
1746615278704 5.120000000000001e-05 17
1746615519904 5.120000000000001e-05 18
1746615760755 4.0960000000000014e-05 19
1746616001645 4.0960000000000014e-05 20
1746616242212 3.276800000000001e-05 21
1746616485820 3.276800000000001e-05 22
1746616729537 2.6214400000000008e-05 23
1746616975282 2.6214400000000008e-05 24
1746617215367 2.097152000000001e-05 25
1746617455228 2.097152000000001e-05 26
1746617696047 1.6777216000000006e-05 27
1746617937233 1.6777216000000006e-05 28
1746618176064 1.3421772800000009e-05 29
