1746611497811 0.0 0
1746611620396 0.0 1
1746611744721 0.11553473846321319 2
1746611870421 0.31815747183191934 3
1746612114997 0.7769784172162704 4
1746612359329 0.7804466919012225 5
1746612604881 0.8020390823629759 6
1746612850847 0.8055555555055318 7
1746613093775 0.7849686847100769 8
1746613336411 0.8077900084174788 9
1746613578239 0.7905803195464164 10
1746613818763 0.8029259896229836 11
1746614067151 0.7920034027573725 12
1746614311430 0.804114873503386 13
1746614552878 0.7946157185778525 14
1746614796076 0.7998281786441708 15
1746615039044 0.7977768276541797 16
1746615281620 0.7887802804430486 17
1746615522890 0.8070628767803211 18
1746615763780 0.8039215685774963 19
1746616004576 0.7926464300483657 20
1746616245145 0.8079071765722708 21
1746616488716 0.8090948090448262 22
1746616733185 0.8068376067876405 23
1746616978695 0.8051502145422904 24
1746617218624 0.8045977010994765 25
1746617458036 0.8085836909371399 26
1746617700398 0.8018747336526466 27
1746617940403 0.7979626485069423 28
1746618178888 0.8042643922741372 29
