1746611497811 0.0 0
1746611620396 0.0 1
1746611744721 0.05511613122600348 2
1746611870421 0.11182023743396763 3
1746612114997 0.5568109595208155 4
1746612359329 0.658956139053056 5
1746612604881 0.7281979816989936 6
1746612850847 0.6907130809708011 7
1746613093775 0.6499890394913334 8
1746613336411 0.7016191949713881 9
1746613578239 0.6860002142891423 10
1746613818763 0.7119352187881449 11
1746614067151 0.678160541611002 12
1746614311430 0.6967358949116154 13
1746614552878 0.688132471713683 14
1746614796076 0.6913017680999084 15
1746615039044 0.6852400226014197 16
1746615281620 0.6901910139833998 17
1746615522890 0.707537093727521 18
1746615763780 0.702657286241608 19
1746616004576 0.7023239772206478 20
1746616245145 0.7257570387196157 21
1746616488716 0.7141968710936102 22
1746616733185 0.7134054620156753 23
1746616978695 0.712135443387348 24
1746617218624 0.7035442624048585 25
1746617458036 0.7087263965143246 26
1746617700398 0.7053219749998759 27
1746617940403 0.6920589453481312 28
1746618178888 0.7027519829567864 29
