1746611497811 0.0 0
1746611620396 0.0 1
1746611744721 0.45121951219484685 2
1746611870421 0.39599999999994717 3
1746612114997 0.7367576243980147 4
1746612359329 0.7372611464967566 5
1746612604881 0.7631366208568502 6
1746612850847 0.7818028643638768 7
1746613093775 0.7355242566509597 8
1746613336411 0.7662650602409022 9
1746613578239 0.7454401268833667 10
1746613818763 0.7729908864953792 11
1746614067151 0.7544570502430507 12
1746614311430 0.771381578947305 13
1746614552878 0.7715008431702554 14
1746614796076 0.7687861271675666 15
1746615039044 0.7635024549917542 16
1746615281620 0.7508090614886124 17
1746615522890 0.777593360995786 18
1746615763780 0.7672904800650311 19
1746616004576 0.7585924713583667 20
1746616245145 0.7768595041321672 21
1746616488716 0.7767710049422754 22
1746616733185 0.7718724448077864 23
1746616978695 0.7732893652101588 24
1746617218624 0.7670454545453923 25
1746617458036 0.7765869744434644 26
1746617700398 0.7650406504064419 27
1746617940403 0.7586763518966296 28
1746618178888 0.7679153094461915 29
