1746611497811 0.0 0
1746611620396 0.0 1
1746611744721 0.06624888093105942 2
1746611870421 0.2658907788719547 3
1746612114997 0.8218442256042237 4
1746612359329 0.8290062667859598 5
1746612604881 0.8451208594448661 6
1746612850847 0.8307967770813938 7
1746613093775 0.8415398388539981 8
1746613336411 0.8540734109220363 9
1746613578239 0.8415398388539981 10
1746613818763 0.8352730528199789 11
1746614067151 0.8334825425245449 12
1746614311430 0.839749328558564 13
1746614552878 0.8191584601610725 14
1746614796076 0.8334825425245449 15
1746615039044 0.8352730528199789 16
1746615281620 0.8307967770813938 17
1746615522890 0.838854073410847 18
1746615763780 0.8442256042971491 19
1746616004576 0.8299015219336768 20
1746616245145 0.8415398388539981 21
1746616488716 0.8442256042971491 22
1746616733185 0.8451208594448661 23
1746616978695 0.839749328558564 24
1746617218624 0.8460161145925831 25
1746617458036 0.8433303491494321 26
1746617700398 0.842435094001715 27
1746617940403 0.8415398388539981 28
1746618178888 0.8442256042971491 29
