1745574684735 4e-05 0
1745574987170 4e-05 1
1745575112778 4e-05 2
1745575319534 8e-05 3
1745575497529 8e-05 4
1745575725550 8e-05 5
1745575911088 8e-05 6
1745576209441 8e-05 7
1745576540168 8e-05 8
1745576611446 8e-05 9
1745576679964 8e-05 10
1745576748217 8e-05 11
1745576816547 8e-05 12
1745576885690 2.8e-05 13
1745576954615 2.8e-05 14
1745577023151 1.96e-05 15
1745577094044 1.96e-05 16
1745577162947 1.3719999999999997e-05 17
1745577470715 1.3719999999999997e-05 18
1745577708379 9.603999999999998e-06 19
1745577817808 9.603999999999998e-06 20
1745577888270 6.7227999999999986e-06 21
1745577961679 6.7227999999999986e-06 22
1745578245770 4.705959999999999e-06 23
