1745574924512 0.36093164361361746 0
1745575049801 0.5144729082629337 1
1745575256118 0.6636250219830943 2
1745575435154 0.5992510077284676 3
1745575662740 0.7003215871488938 4
1745575846594 0.7201725000313423 5
1745576146755 0.6892932914254731 6
1745576477770 0.6816101497260382 7
1745576548592 0.6702160445979293 8
1745576617373 0.6587530804372914 9
1745576685761 0.6673262480645245 10
1745576753624 0.6844352214580713 11
1745576822876 0.6816394697089225 12
1745576891885 0.6897387196697722 13
1745576960295 0.6760113435010641 14
1745577031277 0.6874485720633287 15
1745577100096 0.6834463295596922 16
1745577408418 0.6865644132365791 17
1745577646048 0.6882806726882689 18
1745577754530 0.6882575238132512 19
1745577825545 0.6801716280263465 20
1745577899003 0.6838697168649512 21
1745578183334 0.6905579086855256 22
