1745574924512 0.30047959706153693 0
1745575049801 0.6027715428048226 1
1745575256118 0.6842612082736618 2
1745575435154 0.7562008689444188 3
1745575662740 0.7681560252698906 4
1745575846594 0.7510313712122952 5
1745576146755 0.7518907611702664 6
1745576477770 0.7600143413170557 7
1745576548592 0.7757162095201693 8
1745576617373 0.7377509716903242 9
1745576685761 0.7542686442621586 10
1745576753624 0.7582015383854023 11
1745576822876 0.764713378135519 12
1745576891885 0.7619025892638551 13
1745576960295 0.7493786815822528 14
1745577031277 0.7580451212022451 15
1745577100096 0.7589683859968832 16
1745577408418 0.759712818122842 17
1745577646048 0.7674061655475879 18
1745577754530 0.7538783987979903 19
1745577825545 0.7588035385917415 20
1745577899003 0.7574455558048346 21
1745578183334 0.758902751498398 22
