1745702595284 0.1248945849757715 0
1745702660438 0.45970691747316295 1
1745702727045 0.574957555241591 2
1745702792988 0.6689640998335621 3
1745702860233 0.6812525274637049 4
1745702925773 0.6835203285671476 5
1745702991748 0.6904938393319606 6
1745703057643 0.7406163463782127 7
1745703123590 0.7165193942609697 8
1745703188877 0.6934808328115072 9
1745703254308 0.6949314712364261 10
1745703320293 0.7249009231415507 11
1745703386466 0.7428771252712458 12
1745703451922 0.7159321262394174 13
1745703517649 0.7021969599752519 14
1745703582971 0.7246628513669102 15
1745703648403 0.7042778929703459 16
1745703713733 0.7168660111016503 17
1745703779059 0.718620903040176 18
1745703844393 0.7189225914905109 19
1745703910231 0.7256334227526667 20
1745703975404 0.717855311033476 21
1745704040671 0.7212738757166475 22
1745704105933 0.72806906721795 23
1745704171334 0.7218252023738738 24
1745704237572 0.7333243499852463 25
1745704303643 0.7275440478080172 26
1745704368983 0.7268005259924476 27
1745704434315 0.7256431696551645 28
1745704499712 0.7191794095442972 29
