1745702595284 0.4060968970671522 0
1745702660438 0.6796380089997182 1
1745702727045 0.7496700395451974 2
1745702792988 0.7899603698310533 3
1745702860233 0.7865168538825761 4
1745702925773 0.7953063884767008 5
1745702991748 0.7965517240879311 6
1745703057643 0.8144640550511654 7
1745703123590 0.8056027164186566 8
1745703188877 0.7868576242129551 9
1745703254308 0.8001722652385472 10
1745703320293 0.8152414709291089 11
1745703386466 0.8137254901460068 12
1745703451922 0.7983050846958376 13
1745703517649 0.7991323209911927 14
1745703582971 0.8099027408871596 15
1745703648403 0.7946014339441952 16
1745703713733 0.8113940439724369 17
1745703779059 0.8126079446822896 18
1745703844393 0.8174363400449438 19
1745703910231 0.8156521738630137 20
1745703975404 0.8117443868239131 21
1745704040671 0.8161859663727322 22
1745704105933 0.8172323759290799 23
1745704171334 0.807993049472128 24
1745704237572 0.8189318280003428 25
1745704303643 0.8166089964897787 26
1745704368983 0.8152976966036003 27
1745704434315 0.8164146867750446 28
1745704499712 0.8130640308911359 29
