1745702595284 0.12707078491911278 0
1745702660438 0.47114480999486497 1
1745702727045 0.6199590301932886 2
1745702792988 0.6867446695994661 3
1745702860233 0.732192384035244 4
1745702925773 0.7204087901462574 5
1745702991748 0.757732715012372 6
1745703057643 0.789193291502193 7
1745703123590 0.7879349567213586 8
1745703188877 0.7705372444253327 9
1745703254308 0.7570330976506272 10
1745703320293 0.7546015742111046 11
1745703386466 0.7608353117607408 12
1745703451922 0.7762929057833904 13
1745703517649 0.7579732084094281 14
1745703582971 0.7560087638519294 15
1745703648403 0.7705154070393726 16
1745703713733 0.7749186940802939 17
1745703779059 0.7748683758544405 18
1745703844393 0.7821905482800402 19
1745703910231 0.774972524746232 20
1745703975404 0.7741881342744504 21
1745704040671 0.783165022336826 22
1745704105933 0.7798379635207492 23
1745704171334 0.772703328736058 24
1745704237572 0.781222426429906 25
1745704303643 0.7855573406664832 26
1745704368983 0.777603111310527 27
1745704434315 0.7820260855042052 28
1745704499712 0.7843991045123802 29
