1745702595284 0.33393017009844816 0
1745702660438 0.6723366159354814 1
1745702727045 0.7627573858549004 2
1745702792988 0.8030438675021662 3
1745702860233 0.8146821844224874 4
1745702925773 0.8191584601610725 5
1745702991748 0.8272157564905257 6
1745703057643 0.8469113697403001 7
1745703123590 0.8495971351834513 8
1745703188877 0.8361683079676959 9
1745703254308 0.8316920322291108 10
1745703320293 0.8236347358996576 11
1745703386466 0.8173679498656385 12
1745703451922 0.8433303491494321 13
1745703517649 0.8245299910473747 14
1745703582971 0.8200537153087896 15
1745703648403 0.8433303491494321 16
1745703713733 0.8415398388539981 17
1745703779059 0.842435094001715 18
1745703844393 0.8478066248880172 19
1745703910231 0.839749328558564 20
1745703975404 0.8415398388539981 21
1745704040671 0.8487018800357342 22
1745704105933 0.840644583706281 23
1745704171334 0.8325872873768279 24
1745704237572 0.8442256042971491 25
1745704303643 0.8451208594448661 26
1745704368983 0.839749328558564 27
1745704434315 0.8460161145925831 28
1745704499712 0.8469113697403001 29
