1745747008431 0.48697916666660324 0
1745747068675 0.7076796036333024 1
1745747131063 0.7602441150827585 2
1745747192606 0.731112916328129 3
1745747252950 0.7625418060200031 4
1745747314042 0.7780548628428281 5
1745747376626 0.749393694421928 6
1745747437577 0.7815126050419511 7
1745747498887 0.7683024939661489 8
1745747561077 0.7642276422763606 9
1745747622048 0.7518189167339732 10
1745747682703 0.7716150081565439 11
1745747743419 0.7698607698607067 12
1745747804097 0.7614091273017805 13
1745747865201 0.7882845188283859 14
