1746654351888 2e-05 0
1746654606141 4e-05 1
1746654861858 6.000000000000001e-05 2
1746655116033 8e-05 3
1746655375113 8e-05 4
1746655633246 8e-05 5
1746655891978 8e-05 6
1746656151782 8e-05 7
1746656410199 8e-05 8
1746656668104 8e-05 9
1746656924609 8e-05 10
1746657183186 8e-05 11
1746657439847 8e-05 12
1746657696118 8e-05 13
1746657952259 8e-05 14
1746658210282 6.400000000000001e-05 15
1746658454204 6.400000000000001e-05 16
1746658713622 5.120000000000001e-05 17
1746658968540 5.120000000000001e-05 18
1746659228047 4.0960000000000014e-05 19
1746659486791 4.0960000000000014e-05 20
1746659740864 3.276800000000001e-05 21
1746659993704 3.276800000000001e-05 22
1746660249993 2.6214400000000008e-05 23
1746660509334 2.6214400000000008e-05 24
1746660767073 2.097152000000001e-05 25
1746661023338 2.097152000000001e-05 26
1746661284036 1.6777216000000006e-05 27
1746661538758 1.6777216000000006e-05 28
1746661794219 1.3421772800000009e-05 29
