1746654355813 0.0 0
1746654609267 0.4774266365221936 1
1746654864956 0.7160148975291568 2
1746655119845 0.7619834710246126 3
1746655379501 0.8031088082401487 4
1746655636795 0.8003457216440268 5
1746655895815 0.8061617457780128 6
1746656154959 0.807792207742192 7
1746656414234 0.8059440558940133 8
1746656671265 0.792548687503001 9
1746656927859 0.8121425428447959 10
1746657187129 0.7880320269201853 11
1746657443411 0.8015170669538967 12
1746657699419 0.8109495294624331 13
1746657955270 0.8020743301142083 14
1746658213715 0.8034782608195364 15
1746658458026 0.803896653910263 16
1746658716730 0.8052401746224487 17
1746658972274 0.8001704302866477 18
1746659232305 0.8092983210864652 19
1746659490299 0.8008528784148624 20
1746659744362 0.8080721339130882 21
1746659998006 0.8052833403846446 22
1746660253881 0.8102697997759039 23
1746660513195 0.8166089964897787 24
1746660770330 0.8139534883220946 25
1746661027464 0.8096261280118925 26
1746661287550 0.8158689089625022 27
1746661542632 0.8129870129369966 28
1746661797972 0.8077419354338782 29
