1745738769467 2e-05 0
1745738836003 2e-05 1
1745738900536 2e-05 2
1745738966385 8e-05 3
1745739031017 8e-05 4
1745739096088 8e-05 5
1745739161078 8e-05 6
1745739226128 8e-05 7
1745739293083 8e-05 8
1745739358458 8e-05 9
1745739422803 8e-05 10
1745739488075 8e-05 11
1745739553168 8e-05 12
1745739617129 8e-05 13
1745739682160 8e-05 14
1745739746639 6.400000000000001e-05 15
1745739810864 6.400000000000001e-05 16
1745739876235 5.120000000000001e-05 17
1745739941040 5.120000000000001e-05 18
1745740005377 4.0960000000000014e-05 19
1745740069369 4.0960000000000014e-05 20
1745740134005 3.276800000000001e-05 21
1745740198110 3.276800000000001e-05 22
1745740262757 2.6214400000000008e-05 23
1745740326972 2.6214400000000008e-05 24
1745740393026 2.097152000000001e-05 25
1745740457232 2.097152000000001e-05 26
1745740522429 1.6777216000000006e-05 27
1745740586570 1.6777216000000006e-05 28
1745740650751 1.3421772800000009e-05 29
