1745738772004 0.3768898487641815 0
1745738837584 0.6359244619613805 1
1745738902748 0.6920384951380667 2
1745738967877 0.7130894666753788 3
1745739032474 0.7194055943555593 4
1745739098241 0.7269534679043006 5
1745739163648 0.7190435524692592 6
1745739228479 0.7427568041641763 7
1745739294781 0.7351538794471688 8
1745739360007 0.730214254431817 9
1745739425548 0.7239316238816647 10
1745739490655 0.7263157894236408 11
1745739554596 0.7368884970852488 12
1745739619605 0.7272727272226635 13
1745739683966 0.726329442232745 14
1745739748097 0.7118353344268712 15
1745739813094 0.7261592300462002 16
1745739878546 0.724525043127893 17
1745739942483 0.7322594688224161 18
1745740006867 0.7326388888388714 19
1745740071429 0.7263249347892508 20
1745740135444 0.735371178989267 21
1745740200144 0.724167378259182 22
1745740264261 0.7298578198552206 23
1745740329567 0.733333333283324 24
1745740394479 0.7244767193007473 25
1745740459841 0.7241229969183745 26
1745740523888 0.7203098106212694 27
1745740588095 0.7280587980477039 28
1745740652439 0.7205503008958459 29
