1745738772004 0.12418147601552113 0
1745738837584 0.46412086491936805 1
1745738902748 0.5782362332656298 2
1745738967877 0.5909493017802914 3
1745739032474 0.6500523226690864 4
1745739098241 0.6507609229031395 5
1745739163648 0.6526963293243091 6
1745739228479 0.6702377630622697 7
1745739294781 0.6709312597906215 8
1745739360007 0.6539379828592489 9
1745739425548 0.6661538719047458 10
1745739490655 0.6442068185646163 11
1745739554596 0.656321743768108 12
1745739619605 0.6450005544330272 13
1745739683966 0.6623776337746446 14
1745739748097 0.6550853427508986 15
1745739813094 0.6532770749321433 16
1745739878546 0.654940431335723 17
1745739942483 0.6654160623575709 18
1745740006867 0.6631652632821545 19
1745740071429 0.66163015480221 20
1745740135444 0.6696188473597672 21
1745740200144 0.6713181086821671 22
1745740264261 0.6697789628233163 23
1745740329567 0.6725734499272515 24
1745740394479 0.671211350124893 25
1745740459841 0.6603987982684092 26
1745740523888 0.6619949308069148 27
1745740588095 0.664085474041169 28
1745740652439 0.6620617082458052 29
