1745738893309 0.4216216215737302 0
1745738955973 0.6998700735749379 1
1745739019819 0.7616126204582814 2
1745739084010 0.7854356306391888 3
1745739148387 0.803633217943067 4
1745739213109 0.8016949152043119 5
1745739276982 0.7827170751475344 6
1745739342071 0.808510638247847 7
1745739406517 0.7994934571050126 8
1745739470201 0.8041237112902185 9
1745739533971 0.8068230276685934 10
1745739597937 0.8022452503817723 11
1745739661870 0.8163086365128607 12
1745739726453 0.8184961105809311 13
1745739790704 0.8116067561214853 14
1745739854355 0.8066866694742386 15
1745739917966 0.8113450794515141 16
1745739981533 0.8058671267834733 17
1745740045421 0.8056628056128231 18
1745740109276 0.8103962504826416 19
1745740173111 0.8099956914622798 20
1745740237025 0.8111827956489315 21
1745740300932 0.803397027550913 22
1745740364815 0.8122308354366513 23
1745740428693 0.8184165231858048 24
1745740492612 0.8084925689521865 25
1745740558032 0.814623655863985 26
1745740621786 0.8180242633815229 27
1745740685401 0.816239316189349 28
1745740749045 0.818456231084106 29
