1745738893309 0.13461729372580014 0
1745738955973 0.520340693215575 1
1745739019819 0.6188105961674335 2
1745739084010 0.6839542823491891 3
1745739148387 0.7707914338872828 4
1745739213109 0.7805414788404187 5
1745739276982 0.7756814278139122 6
1745739342071 0.7740016202005984 7
1745739406517 0.7894458604565746 8
1745739470201 0.7716056746816372 9
1745739533971 0.7830083846787664 10
1745739597937 0.7713307452951341 11
1745739661870 0.7693830117885204 12
1745739726453 0.7829920898727892 13
1745739790704 0.7686961614886871 14
1745739854355 0.7725017651514399 15
1745739917966 0.7812185431574181 16
1745739981533 0.7742122557584918 17
1745740045421 0.778033763206567 18
1745740109276 0.7899054304224257 19
1745740173111 0.7798404057447141 20
1745740237025 0.7830149305467486 21
1745740300932 0.7838608423981801 22
1745740364815 0.7819728234164299 23
1745740428693 0.7868078703449779 24
1745740492612 0.7901238494292488 25
1745740558032 0.7871889316009372 26
1745740621786 0.7822890997347585 27
1745740685401 0.7894116980103154 28
1745740749045 0.7850555012555276 29
