1745738893309 0.3491495076096375 0
1745738955973 0.7233661593553515 1
1745739019819 0.7779767233660897 2
1745739084010 0.8111011638316193 3
1745739148387 0.8316920322291108 4
1745739213109 0.8469113697403001 5
1745739276982 0.8433303491494321 6
1745739342071 0.8334825425245449 7
1745739406517 0.8478066248880172 8
1745739470201 0.83795881826313 9
1745739533971 0.8469113697403001 10
1745739597937 0.8316920322291108 11
1745739661870 0.8334825425245449 12
1745739726453 0.8478066248880172 13
1745739790704 0.838854073410847 14
1745739854355 0.842435094001715 15
1745739917966 0.8451208594448661 16
1745739981533 0.8361683079676959 17
1745740045421 0.840644583706281 18
1745740109276 0.8513876454788852 19
1745740173111 0.8415398388539981 20
1745740237025 0.8442256042971491 21
1745740300932 0.8469113697403001 22
1745740364815 0.8442256042971491 23
1745740428693 0.8513876454788852 24
1745740492612 0.8522829006266023 25
1745740558032 0.8478066248880172 26
1745740621786 0.8451208594448661 27
1745740685401 0.8549686660697533 28
1745740749045 0.8495971351834513 29
