1745703559286 2e-05 0
1745703623664 2e-05 1
1745703687600 2e-05 2
1745703751456 8e-05 3
1745703814882 8e-05 4
1745703878523 8e-05 5
1745703941752 8e-05 6
1745704004251 8e-05 7
1745704067545 8e-05 8
1745704130120 8e-05 9
1745704192933 8e-05 10
1745704256250 8e-05 11
1745704319897 8e-05 12
1745704382833 8e-05 13
1745704445456 8e-05 14
1745704508069 6.400000000000001e-05 15
1745704570689 6.400000000000001e-05 16
1745704633300 5.120000000000001e-05 17
1745704695906 5.120000000000001e-05 18
1745704758487 4.0960000000000014e-05 19
1745704821097 4.0960000000000014e-05 20
1745704883707 3.276800000000001e-05 21
1745704946270 3.276800000000001e-05 22
1745705008935 2.6214400000000008e-05 23
1745705071506 2.6214400000000008e-05 24
1745705134160 2.097152000000001e-05 25
1745705196710 2.097152000000001e-05 26
1745705259583 1.6777216000000006e-05 27
1745705322106 1.6777216000000006e-05 28
1745705384752 1.3421772800000009e-05 29
