1745703560208 0.11564239051737074 0
1745703624562 0.47876228247531843 1
1745703688771 0.6204697203409436 2
1745703752353 0.6949270536269356 3
1745703816115 0.7095397156430377 4
1745703879420 0.7127962679434316 5
1745703942649 0.7109309950922112 6
1745704005152 0.7279679425538144 7
1745704068445 0.7203384284829031 8
1745704131290 0.71649199127049 9
1745704193843 0.7258333898707783 10
1745704257437 0.7350439396157962 11
1745704320874 0.7031817610333572 12
1745704383763 0.7085744331624811 13
1745704446349 0.7217721995814151 14
1745704508965 0.708547331268451 15
1745704571584 0.7316561407428933 16
1745704634203 0.7123084312399668 17
1745704696804 0.7194115863147482 18
1745704759399 0.7027759865335967 19
1745704822026 0.7199827637559125 20
1745704884603 0.714086474865656 21
1745704947176 0.7095978710436681 22
1745705009840 0.7159554191175345 23
1745705072443 0.7207161123645502 24
1745705135075 0.7172036260877047 25
1745705197883 0.726086724553261 26
1745705260477 0.7303981555644229 27
1745705323003 0.73242033414885 28
1745705385651 0.732679185751669 29
