1745703560208 0.12050696714448766 0
1745703624562 0.4645117347474024 1
1745703688771 0.5878683479036978 2
1745703752353 0.7022752035978215 3
1745703816115 0.7316985319503081 4
1745703879420 0.716806896195611 5
1745703942649 0.7085737902293084 6
1745704005152 0.7224724985440143 7
1745704068445 0.6923400575140042 8
1745704131290 0.7059284451694512 9
1745704193843 0.7382198349548212 10
1745704257437 0.743787237221412 11
1745704320874 0.6941071088506298 12
1745704383763 0.695437239109103 13
1745704446349 0.7294742477321509 14
1745704508965 0.6884076532884686 15
1745704571584 0.7023677131749593 16
1745704634203 0.702264604911994 17
1745704696804 0.7205826230263838 18
1745704759399 0.6842095483408084 19
1745704822026 0.7120675415017316 20
1745704884603 0.7016415314436185 21
1745704947176 0.6855912882633012 22
1745705009840 0.703831042991208 23
1745705072443 0.710592309571873 24
1745705135075 0.7030086249782366 25
1745705197883 0.71491222734717 26
1745705260477 0.7271337257471268 27
1745705323003 0.7248724776704722 28
1745705385651 0.7177114530322511 29
