1745703560208 0.5132743362831101 0
1745703624562 0.6861063464836461 1
1745703688771 0.773286467486751 2
1745703752353 0.7734241908006155 3
1745703816115 0.7903780068727843 4
1745703879420 0.7871621621620957 5
1745703942649 0.7677841373670672 6
1745704005152 0.7935702199660919 7
1745704068445 0.748815165876718 8
1745704131290 0.7715231788078831 9
1745704193843 0.7895174708817978 10
1745704257437 0.8169136878813585 11
1745704320874 0.7869269949065546 12
1745704383763 0.7928082191780143 13
1745704446349 0.8022648083622994 14
1745704508965 0.7691069991954329 15
1745704571584 0.7682437850841405 16
1745704634203 0.7758620689654535 17
1745704696804 0.7989821882950976 18
1745704759399 0.7722448979591207 19
1745704822026 0.7863036303629714 20
1745704884603 0.7874999999999344 21
1745704947176 0.7669902912620739 22
1745705009840 0.7793388429751422 23
1745705072443 0.7873227689740794 24
1745705135075 0.7816091954022346 25
1745705197883 0.793450881612024 26
1745705260477 0.8020477815698974 27
1745705323003 0.7881567973310435 28
1745705385651 0.7833607907742353 29
