1745703560208 0.11396059267788708 0
1745703624562 0.514625881327748 1
1745703688771 0.6719856706276884 2
1745703752353 0.740859585019315 3
1745703816115 0.765885661918187 4
1745703879420 0.765491351631683 5
1745703942649 0.7770617478942398 6
1745704005152 0.7769902557093518 7
1745704068445 0.784701876708541 8
1745704131290 0.7722964593394803 9
1745704193843 0.7818417854107529 10
1745704257437 0.7706449973379765 11
1745704320874 0.7530245875097781 12
1745704383763 0.7552679384106207 13
1745704446349 0.7662066257365895 14
1745704508965 0.7945376838393619 15
1745704571584 0.7970606196353723 16
1745704634203 0.7816161905580127 17
1745704696804 0.7790316464629292 18
1745704759399 0.7783800197268284 19
1745704822026 0.7867655956652315 20
1745704884603 0.7789776278451185 21
1745704947176 0.7856097940736549 22
1745705009840 0.7793654847794967 23
1745705072443 0.7831427050294629 24
1745705135075 0.7870998915517594 25
1745705197883 0.7840366519067199 26
1745705260477 0.7793227283144865 27
1745705323003 0.7830931612507288 28
1745705385651 0.7881571967495593 29
