1746195221946 0.0 0
1746195333316 0.0 1
1746195447743 0.10055921509246005 2
1746195564290 0.3438698246875292 3
1746195675179 0.4924667491048318 4
1746195785960 0.6042841057585986 5
1746195897704 0.6385738566418732 6
1746196010906 0.6662537973891555 7
1746196124961 0.7053161783343156 8
1746196239046 0.6938614592947956 9
1746196357823 0.7070924353017187 10
1746196474523 0.7158908818448982 11
1746196593172 0.703584784450685 12
1746196710362 0.7039879133166033 13
1746196826175 0.7037662021117712 14
1746196939627 0.7091197148963434 15
1746197050002 0.7022489970550646 16
1746197159613 0.7058172906979185 17
1746197268696 0.7087297522175499 18
1746197379976 0.7077867173780732 19
1746197490783 0.7101958525750214 20
1746197600348 0.71106999947123 21
1746197710945 0.7113712495458887 22
1746197823033 0.714459505412302 23
1746197937266 0.7083436766934204 24
1746198050546 0.7130783296574842 25
1746198163436 0.7048905421151873 26
1746198278966 0.7154389238668964 27
1746198395382 0.7151978182132475 28
1746198513303 0.7120486552313803 29
