1746195221946 0.0 0
1746195333316 0.0 1
1746195447743 0.5197657393849897 2
1746195564290 0.6559337626494337 3
1746195675179 0.6889438943893821 4
1746195785960 0.735742971887491 5
1746195897704 0.7574750830564154 6
1746196010906 0.7790994052675634 7
1746196124961 0.7583947583946963 8
1746196239046 0.7657284768211287 9
1746196357823 0.7576985413289499 10
1746196474523 0.768032786885183 11
1746196593172 0.7878528656971097 12
1746196710362 0.7670454545453923 13
1746196826175 0.7585924713583667 14
1746196939627 0.7576736672051084 15
1746197050002 0.7693574958813204 16
1746197159613 0.7550689375506281 17
1746197268696 0.7610474631750604 18
1746197379976 0.7679603633360225 19
1746197490783 0.7710944026732856 20
1746197600348 0.7700578990900935 21
1746197710945 0.7757475083055834 22
1746197823033 0.7815899581589304 23
1746197937266 0.772539288668257 24
1746198050546 0.7678424938473529 25
1746198163436 0.7639344262294455 26
1746198278966 0.7810158201498101 27
1746198395382 0.781302170283741 28
1746198513303 0.7849915682967298 29
