1746195221946 0.0 0
1746195333316 0.0 1
1746195447743 0.10888718002650048 2
1746195564290 0.3751096812047919 3
1746195675179 0.5327118685461039 4
1746195785960 0.6647535474192693 5
1746195897704 0.682909016428678 6
1746196010906 0.74150195119525 7
1746196124961 0.7631067909169265 8
1746196239046 0.7639751799823868 9
1746196357823 0.7737496396532128 10
1746196474523 0.7838386137867176 11
1746196593172 0.7652721235392299 12
1746196710362 0.7802645344664231 13
1746196826175 0.7790935857122463 14
1746196939627 0.7833145905020749 15
1746197050002 0.778653111532869 16
1746197159613 0.7768240834523817 17
1746197268696 0.7802005591902516 18
1746197379976 0.7759958502906911 19
1746197490783 0.7765468345698737 20
1746197600348 0.7777871890213421 21
1746197710945 0.775762926820205 22
1746197823033 0.7775551690499527 23
1746197937266 0.7750684158615496 24
1746198050546 0.7798254158368152 25
1746198163436 0.7747183335821308 26
1746198278966 0.7798637125249428 27
1746198395382 0.7778464932570096 28
1746198513303 0.7745141517452899 29
