1745738769673 0.7665294110774994 0
1745738834934 0.3267532462368206 1
1745738899779 0.21876075955069796 2
1745738964487 0.17732434826237814 3
1745739029167 0.1304324217216701 4
1745739094226 0.10556851745564111 5
1745739158970 0.08231119305959769 6
1745739223529 0.06516909426344293 7
1745739288810 0.05105325412385318 8
1745739353447 0.04210919236802325 9
1745739417970 0.034013760846336276 10
1745739482888 0.029923325889192675 11
1745739549066 0.025638804210311904 12
1745739613968 0.020874010275441165 13
1745739678432 0.01804742964022622 14
1745739742959 0.013770054294062513 15
1745739807245 0.011716646455912565 16
1745739871476 0.009810948473572428 17
1745739935792 0.007965483831013647 18
1745740000382 0.006460649704997789 19
1745740064422 0.005973576525302261 20
1745740128424 0.005110601295850107 21
1745740192456 0.004518337721214154 22
1745740256692 0.004043408947502624 23
1745740320865 0.0036827464521463427 24
1745740385709 0.0035729721635199933 25
1745740449831 0.0034268210328431154 26
1745740513952 0.0033104706588866456 27
1745740578656 0.0030842370992735482 28
1745740642696 0.0028808299269128057 29
