1745738772213 0.1248023466816802 0
1745738836375 0.4424132824374704 1
1745738901222 0.5109248555617368 2
1745738965906 0.5648606675858269 3
1745739030855 0.6131213272840992 4
1745739095672 0.604109980130107 5
1745739160725 0.5962735696712305 6
1745739225023 0.6333960292400327 7
1745739290482 0.6245842603097369 8
1745739355155 0.6116287124685105 9
1745739420041 0.5911521631075957 10
1745739485547 0.6128330837589485 11
1745739550498 0.6323705899775381 12
1745739615409 0.6150202110244527 13
1745739679909 0.6300104904183537 14
1745739744387 0.6202551626079725 15
1745739808672 0.5968193738744146 16
1745739872968 0.6173296914088001 17
1745739937315 0.6170217463670039 18
1745740001818 0.6157502352860842 19
1745740065915 0.6207190506453468 20
1745740129871 0.618119628904884 21
1745740193897 0.6232200631969539 22
1745740258214 0.6210010657264085 23
1745740322555 0.6199932915128722 24
1745740387143 0.6167028203475534 25
1745740451263 0.6210155791640433 26
1745740516007 0.6166841635440643 27
1745740580081 0.6177770976157283 28
1745740644125 0.6184796119086214 29
