1745738772213 0.3984674329026292 0
1745738836375 0.6532926296926713 1
1745738901222 0.6916703008658035 2
1745738965906 0.7097637092678153 3
1745739030855 0.716038562614289 4
1745739095672 0.7230902777277611 5
1745739160725 0.7151411462289086 6
1745739225023 0.7264069263569175 7
1745739290482 0.7180355630322198 8
1745739355155 0.7258347978409901 9
1745739420041 0.7204116637579167 10
1745739485547 0.7295543054454489 11
1745739550498 0.735570469748592 12
1745739615409 0.7265692174908585 13
1745739679909 0.7285464097573157 14
1745739744387 0.7219088936593123 15
1745739808672 0.7108013936781976 16
1745739872968 0.7227765726180975 17
1745739937315 0.7271929824060969 18
1745740001818 0.7178602242813237 19
1745740065915 0.7249999999500062 20
1745740129871 0.7219596045911867 21
1745740193897 0.7304197316678633 22
1745740258214 0.7260981911644794 23
1745740322555 0.7275075333120427 24
1745740387143 0.7284482758120747 25
1745740451263 0.7336244540984374 26
1745740516007 0.732578397162516 27
1745740580081 0.7315175096776214 28
1745740644125 0.7260155574262287 29
