1745738772213 0.5126760563379559 0
1745738836375 0.6369047619047077 1
1745738901222 0.6743197278910991 2
1745738965906 0.7069271758436317 3
1745739030855 0.7012875536480084 4
1745739095672 0.7017691659645575 5
1745739160725 0.6846846846846286 6
1745739225023 0.7032690695724473 7
1745739290482 0.6811244979919131 8
1745739355155 0.7126833477134846 9
1745739420041 0.6913580246913011 10
1745739485547 0.7060301507537097 11
1745739550498 0.7352415026832974 12
1745739615409 0.6989247311827379 13
1745739679909 0.7129391602398704 14
1745739744387 0.7003367003366413 15
1745739808672 0.692111959287473 16
1745739872968 0.7011784511783922 17
1745739937315 0.7128116938950375 18
1745740001818 0.6927560366360789 19
1745740065915 0.6990856192850624 20
1745740129871 0.6942148760330005 21
1745740193897 0.706867671691733 22
1745740258214 0.6995850622406058 23
1745740322555 0.7006633499170232 24
1745740387143 0.702410640066442 25
1745740451263 0.7161125319692484 26
1745740516007 0.7133163698048589 27
1745740580081 0.7073578595317134 28
1745740644125 0.7017543859648536 29
