1746610669429 0.0 0
1746610755142 0.0 1
1746610841278 0.0034995625502341077 2
1746610927892 0.22103861514160641 3
1746611055950 0.7054642380663328 4
1746611186335 0.7781659388145908 5
1746611318655 0.7999999999500438 6
1746611448004 0.7945900253093445 7
1746611575685 0.7790794978580976 8
1746611703724 0.7931477515560212 9
1746611832652 0.7967823877570226 10
1746611960380 0.7899659863446163 11
1746612088947 0.7889125799074008 12
1746612241553 0.8131578946867911 13
1746612405091 0.7871794871295225 14
1746612563760 0.7912558936491221 15
1746612716710 0.7845493561731934 16
1746612871044 0.7874624301775811 17
1746613026550 0.7917561184558117 18
1746613178999 0.7872068229777633 19
1746613333230 0.797608881248074 20
1746613485494 0.7998300041999535 21
1746613636322 0.7960498067340424 22
1746613789948 0.797076526175289 23
1746613947829 0.7903780068228659 24
1746614109637 0.7935291612953055 25
1746614271277 0.7948608136545222 26
1746614431242 0.7932816536967735 27
1746614583380 0.7910767910268098 28
1746614736397 0.7914163089628924 29
