1746610669429 0.0 0
1746610755142 0.0 1
1746610841278 0.0017905102954340383 2
1746610927892 0.1486123545210252 3
1746611055950 0.7108325872873132 4
1746611186335 0.7976723366158641 5
1746611318655 0.839749328558564 6
1746611448004 0.8415398388539981 7
1746611575685 0.8334825425245449 8
1746611703724 0.8290062667859598 9
1746611832652 0.842435094001715 10
1746611960380 0.8316920322291108 11
1746612088947 0.8281110116382427 12
1746612241553 0.8299015219336768 13
1746612405091 0.8245299910473747 14
1746612563760 0.8263205013428088 15
1746612716710 0.8182632050133556 16
1746612871044 0.8209489704565066 17
1746613026550 0.8254252461950917 18
1746613178999 0.8263205013428088 19
1746613333230 0.8361683079676959 20
1746613485494 0.842435094001715 21
1746613636322 0.8299015219336768 22
1746613789948 0.8299015219336768 23
1746613947829 0.8236347358996576 24
1746614109637 0.8343777976722618 25
1746614271277 0.8307967770813938 26
1746614431242 0.8245299910473747 27
1746614583380 0.8254252461950917 28
1746614736397 0.8254252461950917 29
