1746469934236 0.0 0
1746471960377 0.6874999999997136 1
1746473989013 0.7276785714282467 2
1746476016750 0.6416382252557538 3
1746478049368 0.6690909090906658 4
1746480076410 0.7499999999996592 5
1746482113763 0.7352941176467499 6
1746484141510 0.6690391459072352 7
1746486168687 0.7016129032255236 8
1746488194698 0.6643598615914657 9
1746490221263 0.7019607843134502 10
1746492249616 0.7061068702287382 11
1746494272079 0.6834532374098261 12
1746496293550 0.7341772151895637 13
1746498325346 0.7499999999996463 14
1746500345925 0.7011494252870877 15
