1745574513980 0.6143497757346984 0
1745574582638 0.76347826081954 1
1745574651630 0.7949055774642212 2
1745574721362 0.7846808510138849 3
1745574790348 0.7869127516279842 4
1745574859339 0.8067826862506869 5
1745574929938 0.8236830648171841 6
1745575018701 0.7900812312454586 7
1745575086843 0.8001726369806381 8
1745575155587 0.7915254236788889 9
1745575224375 0.7816091953523521 10
1745575292980 0.7929854576061475 11
1745575361264 0.7813436028597436 12
1745575429939 0.7998281786441708 13
1745575498322 0.7959270258304251 14
1745575566493 0.802202456536269 15
1745575634380 0.7996597192184521 16
1745575702212 0.7923728813060076 17
1745575770314 0.8025423728314303 18
1745575838427 0.8051172707389559 19
1745575906175 0.8003391266986948 20
1745575974221 0.7996604413762123 21
1745576042133 0.7880571908668537 22
1745576109714 0.793918918869012 23
1745576177832 0.7979626485069423 24
1745576246181 0.7942299532805736 25
1745576313994 0.7979669631012842 26
1745576382265 0.7969478592124721 27
1745576450363 0.792213288143057 28
1745576519183 0.7927395525039157 29
