1745574507562 4e-05 0
1745574576000 4e-05 1
1745574645679 4e-05 2
1745574714889 8e-05 3
1745574784112 8e-05 4
1745574853159 8e-05 5
1745574924152 8e-05 6
1745575013399 8e-05 7
1745575081339 8e-05 8
1745575149588 8e-05 9
1745575218491 8e-05 10
1745575287500 8e-05 11
1745575355911 8e-05 12
1745575424278 2.8e-05 13
1745575492973 2.8e-05 14
1745575561492 1.96e-05 15
1745575629342 1.96e-05 16
1745575697013 1.3719999999999997e-05 17
1745575765232 1.3719999999999997e-05 18
1745575833203 9.603999999999998e-06 19
1745575901331 9.603999999999998e-06 20
1745575969292 6.7227999999999986e-06 21
1745576037010 6.7227999999999986e-06 22
1745576104788 4.705959999999999e-06 23
1745576172592 4.705959999999999e-06 24
1745576241024 3.294171999999999e-06 25
1745576308955 3.294171999999999e-06 26
1745576377046 2.305920399999999e-06 27
1745576445107 2.305920399999999e-06 28
1745576513883 1.6141442799999992e-06 29
