1745574513980 0.3564508484082228 0
1745574582638 0.539690827904561 1
1745574651630 0.7146495634749599 2
1745574721362 0.6760308327453709 3
1745574790348 0.6754231677235182 4
1745574859339 0.7355303985939917 5
1745574929938 0.7473433408796052 6
1745575018701 0.6796708213731878 7
1745575086843 0.7023155443851027 8
1745575155587 0.6782980831207551 9
1745575224375 0.6548908734687046 10
1745575292980 0.7038413118814191 11
1745575361264 0.6816783972744178 12
1745575429939 0.7184587028449597 13
1745575498322 0.6926692288827093 14
1745575566493 0.6964163164525716 15
1745575634380 0.6983736407454759 16
1745575702212 0.6895663968710691 17
1745575770314 0.7013172572852864 18
1745575838427 0.703214918917387 19
1745575906175 0.6882351445751366 20
1745575974221 0.6898377453921809 21
1745576042133 0.6722131850123194 22
1745576109714 0.6788067202971 23
1745576177832 0.68984265537822 24
1745576246181 0.6810914815093684 25
1745576313994 0.681414338414907 26
1745576382265 0.6833378444327827 27
1745576450363 0.6789184918906185 28
1745576519183 0.6776535765911407 29
