1745574513980 0.6154537286612205 0
1745574582638 0.7421808960269871 1
1745574651630 0.7801724137930361 2
1745574721362 0.747769667477636 3
1745574790348 0.7403314917126487 4
1745574859339 0.8042704626333804 5
1745574929938 0.8016949152541694 6
1745575018701 0.756137479541673 7
1745575086843 0.7724999999999356 8
1745575155587 0.7514078841511865 9
1745575224375 0.7451298701298096 10
1745575292980 0.759213759213697 11
1745575361264 0.7483606557376435 12
1745575429939 0.7687861271675666 13
1745575498322 0.7564516129031648 14
1745575566493 0.7612540192925433 15
1745575634380 0.761750405186324 16
1745575702212 0.7522123893804704 17
1745575770314 0.7618664521318775 18
1745575838427 0.7687296416937485 19
1745575906175 0.760064412238264 20
1745575974221 0.760290556900665 21
1745576042133 0.7430610626486326 22
1745576109714 0.7513988808952237 23
1745576177832 0.7586763518966296 24
1745576246181 0.7548387096773584 25
1745576313994 0.757234726688042 26
1745576382265 0.7568438003220003 27
1745576450363 0.7512038523273875 28
1745576519183 0.74999999999994 29
