1745574513980 0.363542085075603 0
1745574582638 0.6197784971967569 1
1745574651630 0.7073902676946975 2
1745574721362 0.7643770656216022 3
1745574790348 0.766060566424911 4
1745574859339 0.7398541463897579 5
1745574929938 0.780984770918442 6
1745575018701 0.7391388468841241 7
1745575086843 0.7732054974621583 8
1745575155587 0.7741817592952068 9
1745575224375 0.7571806358997425 10
1745575292980 0.771080257522282 11
1745575361264 0.7548105945984904 12
1745575429939 0.7685670974117271 13
1745575498322 0.7844343583202421 14
1745575566493 0.7848635803021197 15
1745575634380 0.7834762069385829 16
1745575702212 0.7807694062775666 17
1745575770314 0.7900130159953692 18
1745575838427 0.7878671830170941 19
1745575906175 0.7872456001423658 20
1745575974221 0.7841520389989439 21
1745576042133 0.7816409903850441 22
1745576109714 0.783600107891817 23
1745576177832 0.7839053988685868 24
1745576246181 0.781479622152175 25
1745576313994 0.7833835674052803 26
1745576382265 0.7836034689942089 27
1745576450363 0.7811723668298308 28
1745576519183 0.7823621286038333 29
