1746198807364 2e-05 0
1746198913732 4e-05 1
1746199021518 6.000000000000001e-05 2
1746199130620 8e-05 3
1746199309702 8e-05 4
1746199456586 8e-05 5
1746199603704 8e-05 6
1746199753117 8e-05 7
1746199900760 8e-05 8
1746200048427 8e-05 9
1746200196851 8e-05 10
1746200345151 8e-05 11
1746200493655 8e-05 12
1746200639716 8e-05 13
1746200787304 8e-05 14
1746200935759 6.400000000000001e-05 15
1746201082215 6.400000000000001e-05 16
1746201228364 5.120000000000001e-05 17
1746201375764 5.120000000000001e-05 18
1746201521167 4.0960000000000014e-05 19
1746201668663 4.0960000000000014e-05 20
1746201814776 3.276800000000001e-05 21
1746201961782 3.276800000000001e-05 22
1746202110100 2.6214400000000008e-05 23
1746202253875 2.6214400000000008e-05 24
1746202402118 2.097152000000001e-05 25
1746202551117 2.097152000000001e-05 26
1746202698844 1.6777216000000006e-05 27
1746202850484 1.6777216000000006e-05 28
1746202999626 1.3421772800000009e-05 29
