1746198811897 0.0 0
1746198917922 0.0 1
1746199025943 0.002461538457865689 2
1746199134620 0.004895661217002744 3
1746199313759 0.0 4
1746199461076 0.0 5
1746199607489 0.0018674334715635585 6
1746199757781 0.007562322784012958 7
1746199904653 0.006433868084105966 8
1746200052789 0.01918630714616096 9
1746200200795 0.028293298217312544 10
1746200350123 0.022839607585984918 11
1746200497897 0.022900481981484623 12
1746200644125 0.026622303193545603 13
1746200791507 0.026426125956291454 14
1746200940195 0.025726910260887567 15
1746201086459 0.027966886133129993 16
1746201232549 0.025511724296773713 17
1746201380124 0.01976913149496969 18
1746201525392 0.022153432598697988 19
1746201672808 0.021853953869020157 20
1746201819304 0.02104461901415627 21
1746201966060 0.018957454925199936 22
1746202113994 0.022741521948411652 23
1746202258129 0.026666777659335 24
1746202406531 0.02296069193642133 25
1746202555070 0.02362803336466008 26
1746202703187 0.02527713264902517 27
1746202854718 0.01860133318319981 28
1746203003858 0.021848199157148855 29
