1746198811897 0.0 0
1746198917922 0.0 1
1746199025943 0.0031269543464652705 2
1746199134620 0.0035044681969507133 3
1746199313759 0.0 4
1746199461076 0.0 5
1746199607489 0.0019731757528490606 6
1746199757781 0.013836572574340351 7
1746199904653 0.008978039155652286 8
1746200052789 0.027297107074506735 9
1746200200795 0.024012030243484712 10
1746200350123 0.029235467597891664 11
1746200497897 0.021466124085007594 12
1746200644125 0.023798988675027846 13
1746200791507 0.024617621362434523 14
1746200940195 0.023528912752839196 15
1746201086459 0.024805466118856624 16
1746201232549 0.02021912344879379 17
1746201380124 0.01608431405212984 18
1746201525392 0.017546845558728968 19
1746201672808 0.01792944792832554 20
1746201819304 0.016982534964779212 21
1746201966060 0.014512626365903968 22
1746202113994 0.01731845758451057 23
1746202258129 0.02139853002716012 24
1746202406531 0.017419006692462807 25
1746202555070 0.01844910822551009 26
1746202703187 0.019842278543871807 27
1746202854718 0.014627662668768023 28
1746203003858 0.017343588706170976 29
