1745702593184 2e-05 0
1745702657601 2e-05 1
1745702722192 2e-05 2
1745702786585 8e-05 3
1745702851097 8e-05 4
1745702916071 8e-05 5
1745702980339 8e-05 6
1745703044429 8e-05 7
1745703108366 8e-05 8
1745703172953 8e-05 9
1745703237538 8e-05 10
1745703301643 8e-05 11
1745703365940 8e-05 12
1745703430050 8e-05 13
1745703494197 8e-05 14
1745703558207 6.400000000000001e-05 15
1745703622128 6.400000000000001e-05 16
1745703686123 5.120000000000001e-05 17
1745703750130 5.120000000000001e-05 18
1745703814016 4.0960000000000014e-05 19
1745703877935 4.0960000000000014e-05 20
1745703941746 3.276800000000001e-05 21
1745704005601 3.276800000000001e-05 22
1745704070267 2.6214400000000008e-05 23
1745704134079 2.6214400000000008e-05 24
1745704197979 2.097152000000001e-05 25
1745704261903 2.097152000000001e-05 26
1745704325913 1.6777216000000006e-05 27
1745704390063 1.6777216000000006e-05 28
1745704453998 1.3421772800000009e-05 29
