1745702594489 0.13057720608402848 0
1745702658487 0.5030363529802698 1
1745702723087 0.6135930566585824 2
1745702787465 0.6818502925484584 3
1745702851985 0.7704284191496685 4
1745702916966 0.760540944459158 5
1745702981337 0.7747693154242923 6
1745703045316 0.7684172748012986 7
1745703109259 0.7923335630574682 8
1745703173839 0.7678791218603624 9
1745703238438 0.7695692256617617 10
1745703302591 0.7622671653085894 11
1745703366829 0.7805736418672579 12
1745703430950 0.7652045795856475 13
1745703495091 0.6987331949152552 14
1745703559093 0.7805910715274093 15
1745703623019 0.7904073653435457 16
1745703687056 0.7745636399559266 17
1745703751051 0.7814274101416528 18
1745703814909 0.7854544318412303 19
1745703878824 0.7730518611046902 20
1745703942643 0.7771201954134507 21
1745704006572 0.787367287565718 22
1745704071151 0.7861084268344332 23
1745704134977 0.7725894878569639 24
1745704198871 0.781948147339398 25
1745704262857 0.7800821788010328 26
1745704327082 0.7762468372585242 27
1745704390953 0.7843322565814254 28
1745704454887 0.7828183315755707 29
