1745581084591 2e-05 0
1745581806138 2e-05 1
1745582536557 2e-05 2
1745583234201 8e-05 3
1745583822830 8e-05 4
1745583909198 8e-05 5
1745584558245 8e-05 6
1745584626116 8e-05 7
1745585306431 8e-05 8
1745585994870 8e-05 9
1745586683277 8e-05 10
1745587365693 8e-05 11
1745588036616 8e-05 12
1745588709830 8e-05 13
1745589345787 8e-05 14
1745589985633 6.400000000000001e-05 15
1745590623200 6.400000000000001e-05 16
1745591242497 5.120000000000001e-05 17
1745591855766 5.120000000000001e-05 18
1745592481640 4.0960000000000014e-05 19
1745593095489 4.0960000000000014e-05 20
1745593712201 3.276800000000001e-05 21
1745594344192 3.276800000000001e-05 22
1745594988450 2.6214400000000008e-05 23
1745595593950 2.6214400000000008e-05 24
1745596189013 2.097152000000001e-05 25
1745596807409 2.097152000000001e-05 26
1745597422583 1.6777216000000006e-05 27
1745598033490 1.6777216000000006e-05 28
1745598622991 1.3421772800000009e-05 29
