1745877106121 0.0 0
1745877232113 0.0 1
1745877359605 0.0 2
1745877486235 0.0 3
1745877743442 0.0 4
1745878001703 0.0027085590465853087 5
1745878261379 0.0006631299734742294 6
1745878518620 0.003552750365778457 7
1745878777760 0.0015658641612836103 8
1745879035463 0.0008578781812979368 9
1745879293698 0.0016986168405721408 10
1745879551971 0.004336148854239314 11
1745879812471 0.0015132408575026567 12
1745880070538 0.003377694332463064 13
1745880328071 0.0062604503007657195 14
1745880586271 0.004651372019780305 15
1745880843929 0.010417478502489351 16
1745881102540 0.001962323390894319 17
1745881361809 0.001518218623481282 18
1745881623398 0.012082138904837041 19
1745881887908 0.00229240957717703 20
1745882154264 0.02162463005127701 21
1745882420514 0.014557485525013224 22
1745882684608 0.021134775725889236 23
1745882949164 0.012109150201298713 24
1745883214378 0.013499853262306806 25
1745883478822 0.01666827324705609 26
1745883743843 0.019265780648755556 27
1745884010592 0.013033054478555666 28
1745884272294 0.01160811019958021 29
