1745877106121 0.0 0
1745877232113 0.0 1
1745877359605 0.0 2
1745877486235 0.0 3
1745877743442 0.0 4
1745878001703 0.033557046979843255 5
1745878261379 0.005988023952092223 6
1745878518620 0.023206751054847426 7
1745878777760 0.01694915254236929 8
1745879035463 0.008645533141207883 9
1745879293698 0.01822916666666192 10
1745879551971 0.01108647450110619 11
1745879812471 0.014814814814811157 12
1745880070538 0.0179856115107849 13
1745880328071 0.010840108401081074 14
1745880586271 0.015594541910328342 15
1745880843929 0.016574585635356062 16
1745881102540 0.020040080160316626 17
1745881361809 0.013605442176867663 18
1745881623398 0.011337868480723053 19
1745881887908 0.01939655172413375 20
1745882154264 0.025490196078426376 21
1745882420514 0.01746724890829313 22
1745882684608 0.02366863905324977 23
1745882949164 0.0245183887915894 24
1745883214378 0.022099447513808084 25
1745883478822 0.027184466019412195 26
1745883743843 0.027504911591350194 27
1745884010592 0.023897058823525018 28
1745884272294 0.027027027027022154 29
