1745877106121 0.0 0
1745877232113 0.0 1
1745877359605 0.0 2
1745877486235 0.0 3
1745877743442 0.0 4
1745878001703 0.004476275738585096 5
1745878261379 0.0008952551477170191 6
1745878518620 0.00984780662488721 7
1745878777760 0.007162041181736153 8
1745879035463 0.0026857654431510576 9
1745879293698 0.006266786034019135 10
1745879551971 0.004476275738585096 11
1745879812471 0.005371530886302115 12
1745880070538 0.004476275738585096 13
1745880328071 0.0035810205908680766 14
1745880586271 0.007162041181736153 15
1745880843929 0.008057296329453173 16
1745881102540 0.008952551477170192 17
1745881361809 0.005371530886302115 18
1745881623398 0.004476275738585096 19
1745881887908 0.008057296329453173 20
1745882154264 0.011638316920321249 21
1745882420514 0.007162041181736153 22
1745882684608 0.01074306177260423 23
1745882949164 0.01253357206803827 24
1745883214378 0.01074306177260423 25
1745883478822 0.01253357206803827 26
1745883743843 0.01253357206803827 27
1745884010592 0.011638316920321249 28
1745884272294 0.013428827215755288 29
