1745877106121 0.0 0
1745877232113 0.0 1
1745877359605 0.0 2
1745877486235 0.0 3
1745877743442 0.0 4
1745878001703 0.0010148163182461295 5
1745878261379 0.00020296326364922592 6
1745878518620 0.0026168316969733146 7
1745878777760 0.0016237061091938074 8
1745879035463 0.0006088897909476778 9
1745879293698 0.0014207428455445814 10
1745879551971 0.0024781401334778783 11
1745879812471 0.0012177795818953557 12
1745880070538 0.001399052115077959 13
1745880328071 0.002275176869828652 14
1745880586271 0.002702794127593727 15
1745880843929 0.002677446888960541 16
1745881102540 0.002029632636492259 17
1745881361809 0.0012177795818953557 18
1745881623398 0.0029446818527635566 19
1745881887908 0.0018266693728430335 20
1745882154264 0.0049526237587891936 21
1745882420514 0.0024744836253113153 22
1745882684608 0.004749660495139968 23
1745882949164 0.0036922632072066705 24
1745883214378 0.0032863366799082186 25
1745883478822 0.00515558702243842 26
1745883743843 0.0040764990040384995 27
1745884010592 0.003873535740389274 28
1745884272294 0.004279462267687726 29
