1745701768276 0.9468561109839654 0
1745701863172 0.42359135132663106 1
1745701926819 0.2779902136143373 2
1745701990971 0.22446225537937514 3
1745702058049 0.165363039289202 4
1745702124791 0.12891749087340978 5
1745702189098 0.0999086038114465 6
1745702253562 0.07769314249103167 7
1745702317687 0.06226591406656163 8
1745702381329 0.052094848921560515 9
1745702445493 0.04191469245267158 10
1745702508862 0.03415204763260423 11
1745702572725 0.034016644449106286 12
1745702636013 0.02955528534948826 13
1745702699209 0.021901155213768383 14
1745702762881 0.018620570190250874 15
1745702826474 0.01604895055655162 16
1745702890549 0.01248498517088592 17
1745702954096 0.0109840344723162 18
1745703017569 0.0093892377002963 19
1745703080856 0.008387862623916293 20
1745703144126 0.007362624832276939 21
1745703207599 0.006420895630702832 22
1745703270982 0.006317701692008699 23
1745703334385 0.005522598702536553 24
1745703397723 0.005003768805775563 25
1745703460890 0.004813267651004527 26
1745703524365 0.004700975984391965 27
1745703587592 0.004144020553212613 28
1745703651555 0.003922637377399951 29
