1745701769234 0.28330319465157194 0
1745701864157 0.6870026524698408 1
1745701927787 0.7259911893772614 2
1745701992292 0.7697077058843927 3
1745702059950 0.7914856645894189 4
1745702125777 0.7979048449957928 5
1745702190138 0.8017094016594358 6
1745702254505 0.8164146867750446 7
1745702318682 0.805317324135268 8
1745702382867 0.7912178955591602 9
1745702446422 0.7984790874025619 10
1745702510477 0.8109058926500321 11
1745702573700 0.8073075249608439 12
1745702636983 0.7959442331566813 13
1745702700131 0.8045080190223686 14
1745702763932 0.8008733623953747 15
1745702827543 0.8128205127705459 16
1745702891458 0.8097896092243804 17
1745702955001 0.8149435273174794 18
1745703018473 0.8107876711829025 19
1745703081804 0.8094420600358523 20
1745703145211 0.8111587982332769 21
1745703208525 0.8015299617010159 22
1745703271916 0.814846784585298 23
1745703335330 0.8139534883220946 24
1745703398635 0.8151332759603264 25
1745703461875 0.8121783876001044 26
1745703525277 0.8131962295986939 27
1745703588503 0.82104355320571 28
1745703652470 0.816116588034032 29
