1745701769234 0.11227666232548725 0
1745701864157 0.43612415925294534 1
1745701927787 0.5289296631478801 2
1745701992292 0.633549435013993 3
1745702059950 0.686358047055773 4
1745702125777 0.6533067281619389 5
1745702190138 0.7107854053276661 6
1745702254505 0.7200187750368484 7
1745702318682 0.6867789870164441 8
1745702382867 0.6749805427775696 9
1745702446422 0.6971150235602728 10
1745702510477 0.7226943536058408 11
1745702573700 0.684207372733774 12
1745702636983 0.6632152055087452 13
1745702700131 0.6659587184712504 14
1745702763932 0.6661973181928063 15
1745702827543 0.7049115170267497 16
1745702891458 0.7046202893815923 17
1745702955001 0.7074799264057999 18
1745703018473 0.6967993016151394 19
1745703081804 0.700681514823067 20
1745703145211 0.7079761618353451 21
1745703208525 0.687413811580907 22
1745703271916 0.7070414547249666 23
1745703335330 0.7105597400389138 24
1745703398635 0.7104855949538329 25
1745703461875 0.7025434406870623 26
1745703525277 0.699229962452491 27
1745703588503 0.7070808893106815 28
1745703652470 0.7015691048063506 29
