1745701769234 0.0873960245226206 0
1745701864157 0.49574330920802523 1
1745701927787 0.5839544206292018 2
1745701992292 0.6177384309107501 3
1745702059950 0.7569028721125748 4
1745702125777 0.7377627569363584 5
1745702190138 0.7790046336051722 6
1745702254505 0.7894745494376028 7
1745702318682 0.7738578859477657 8
1745702382867 0.7910978560077878 9
1745702446422 0.7844182167855129 10
1745702510477 0.7628906563181856 11
1745702573700 0.7614981983819498 12
1745702636983 0.7690604619191282 13
1745702700131 0.7301833637191598 14
1745702763932 0.751628883210889 15
1745702827543 0.7932175954202905 16
1745702891458 0.7885798968425077 17
1745702955001 0.782219855042255 18
1745703018473 0.7886904753934829 19
1745703081804 0.7903745123177462 20
1745703145211 0.7898377299863909 21
1745703208525 0.7856255598313522 22
1745703271916 0.7863248268979738 23
1745703335330 0.7952706765579411 24
1745703398635 0.793848845702702 25
1745703461875 0.7912862627383437 26
1745703525277 0.7901870605797139 27
1745703588503 0.7935234471099772 28
1745703652470 0.7948157399127417 29
