1746004528669 2e-05 0
1746004724528 2e-05 1
1746004920776 2e-05 2
1746005119239 8e-05 3
1746005315372 8e-05 4
1746005509881 8e-05 5
1746005708567 8e-05 6
1746005903046 8e-05 7
1746006100313 8e-05 8
1746006294442 8e-05 9
1746006488688 8e-05 10
1746006683150 8e-05 11
1746006877734 8e-05 12
1746007072134 8e-05 13
1746007266820 8e-05 14
1746007463090 8e-05 15
1746007658017 8e-05 16
1746007854064 8e-05 17
1746008048554 6.400000000000001e-05 18
1746008243326 6.400000000000001e-05 19
1746008436189 5.120000000000001e-05 20
1746008631227 5.120000000000001e-05 21
1746008828707 4.0960000000000014e-05 22
1746009021774 4.0960000000000014e-05 23
1746009216390 3.276800000000001e-05 24
1746009411321 3.276800000000001e-05 25
1746009605130 2.6214400000000008e-05 26
1746009801806 2.6214400000000008e-05 27
1746009994887 2.097152000000001e-05 28
1746010199862 2.097152000000001e-05 29
1746010410735 1.6777216000000006e-05 30
1746010625681 1.6777216000000006e-05 31
1746010838112 1.3421772800000009e-05 32
1746011053941 1.3421772800000009e-05 33
1746011266988 1.0737418240000007e-05 34
