1746004530992 0.34950268390698114 0
1746004726757 0.41193137129880303 1
1746004922987 0.44670444816314375 2
1746005121722 0.4280427151402361 3
1746005317360 0.4384628408487402 4
1746005512411 0.4640571384633837 5
1746005710786 0.4497279273279614 6
1746005905294 0.460106127619188 7
1746006102571 0.4567018416802601 8
1746006296736 0.45940890964750447 9
1746006491014 0.4520449145216817 10
1746006685519 0.4597131774384587 11
1746006879901 0.4576706754177336 12
1746007074384 0.4499156463779566 13
1746007269146 0.455961589805989 14
1746007465523 0.45274299164790455 15
1746007660739 0.45454940850491476 16
1746007856119 0.45212857308906923 17
1746008050742 0.4652124353682134 18
1746008245275 0.4589231668818374 19
1746008438280 0.457050003346748 20
1746008633225 0.462473845374488 21
1746008830821 0.45887386236867395 22
1746009023965 0.4594651453493617 23
1746009218673 0.45087917571854647 24
1746009413453 0.4608165118895472 25
1746009608550 0.4510340622717307 26
1746009803927 0.45329929912446265 27
1746009997313 0.4561019027359221 28
1746010202133 0.4563530714339511 29
1746010414037 0.45805197500882466 30
1746010628799 0.45756092447572383 31
1746010842217 0.45735466467980534 32
1746011057174 0.454935821485785 33
1746011270125 0.4566817567784788 34
