1745750936536 2e-05 0
1745750968539 2e-05 1
1745751000523 2e-05 2
1745751032851 8e-05 3
1745751065261 8e-05 4
1745751097768 8e-05 5
1745751129657 8e-05 6
1745751162323 8e-05 7
1745751194637 8e-05 8
1745751227575 8e-05 9
1745751260227 8e-05 10
1745751292172 8e-05 11
1745751324836 6.400000000000001e-05 12
1745751357421 6.400000000000001e-05 13
1745751390074 5.120000000000001e-05 14
1745751422315 5.120000000000001e-05 15
1745751454992 4.0960000000000014e-05 16
1745751486884 4.0960000000000014e-05 17
1745751519588 3.276800000000001e-05 18
1745751551461 3.276800000000001e-05 19
