1745750937588 0.0153556424711375 0
1745750969570 0.12007799833189156 1
1745751001644 0.2581833757789326 2
1745751033942 0.5540596542859838 3
1745751066334 0.6172508019403696 4
1745751098810 0.6222612625811397 5
1745751130702 0.6414520584863218 6
1745751163790 0.603258988190709 7
1745751195849 0.6764198995406605 8
1745751229323 0.6748417963981506 9
1745751261293 0.6748681392244877 10
1745751293230 0.6647264283211923 11
1745751325891 0.7035939406820174 12
1745751358497 0.689896552545836 13
1745751391465 0.6862175818553246 14
1745751423506 0.6983991536568807 15
1745751456044 0.6750773145651934 16
1745751487915 0.6861525244354056 17
1745751520623 0.6708792398731178 18
1745751552497 0.6749072875335238 19
