1745750937588 0.08353033882838816 0
1745750969570 0.4025903939078178 1
1745751001644 0.5306122448481568 2
1745751033942 0.6929199831927113 3
1745751066334 0.758064516079102 4
1745751098810 0.7338371116209963 5
1745751130702 0.7633390705179954 6
1745751163790 0.739383846744521 7
1745751195849 0.7715008431204246 8
1745751229323 0.75755102035849 9
1745751261293 0.7625779625281519 10
1745751293230 0.7723960565295351 11
1745751325891 0.776282590362229 12
1745751358497 0.7823100042437042 13
1745751391465 0.7774480711666917 14
1745751423506 0.7867867867368059 15
1745751456044 0.7820895521888512 16
1745751487915 0.7905376343586107 17
1745751520623 0.7816482582338359 18
1745751552497 0.7804670912451823 19
