1745750937588 0.026821862348160495 0
1745750969570 0.11563954727120586 1
1745751001644 0.2917739735370614 2
1745751033942 0.5105122976878219 3
1745751066334 0.5793112020430783 4
1745751098810 0.5943938369244516 5
1745751130702 0.6398563406404517 6
1745751163790 0.5502115397771221 7
1745751195849 0.6532034377393848 8
1745751229323 0.6231666015358196 9
1745751261293 0.6479272747503811 10
1745751293230 0.6391679921249115 11
1745751325891 0.65649350200727 12
1745751358497 0.6632059471125229 13
1745751391465 0.6502188630958039 14
1745751423506 0.6671458881603793 15
1745751456044 0.6390192496707798 16
1745751487915 0.6571419246401698 17
1745751520623 0.6347606632385007 18
1745751552497 0.6379101925394013 19
