1745750937588 0.04744852282900202 0
1745750969570 0.33393017009844816 1
1745751001644 0.5702775290957413 2
1745751033942 0.7403760071619748 3
1745751066334 0.7994628469112981 4
1745751098810 0.7824529991046748 5
1745751130702 0.794091316024996 6
1745751163790 0.794986571172713 7
1745751195849 0.8191584601610725 8
1745751229323 0.8307967770813938 9
1745751261293 0.8209489704565066 10
1745751293230 0.8066248880930343 11
1745751325891 0.8263205013428088 12
1745751358497 0.8155774395702045 13
1745751391465 0.8209489704565066 14
1745751423506 0.8209489704565066 15
1745751456044 0.8209489704565066 16
1745751487915 0.8227394807519406 17
1745751520623 0.8236347358996576 18
1745751552497 0.8227394807519406 19
