1745581631194 0.11085393483021527 0
1745582076631 0.44798645946377547 1
1745582597692 0.5715684314239764 2
1745583173605 0.6355076413752757 3
1745583834176 0.6814867690461116 4
1745584477337 0.7107663226512173 5
1745584547931 0.7057060876097013 6
1745585232835 0.7152935885869435 7
1745585919429 0.7114429434048493 8
1745586613512 0.6697513451344345 9
1745587295210 0.7296691729036482 10
1745587953661 0.7088654454676053 11
1745588624792 0.712001252210932 12
1745589248352 0.723032448353902 13
1745589876491 0.7021079094040348 14
1745590503942 0.7256656222603084 15
1745591124529 0.7135148902241869 16
1745591730904 0.703372893836881 17
1745592320745 0.7129951801969405 18
1745592911197 0.7148364393017699 19
1745593522434 0.7195137010627604 20
1745594122086 0.7195809039176168 21
1745594741185 0.7194286053022344 22
1745595363588 0.7125265728468697 23
1745595964652 0.709956273995394 24
1745596571130 0.7163590952319787 25
1745597185116 0.7026000102437552 26
1745597795362 0.7101412182953466 27
1745598421443 0.7021113615070662 28
1745598891392 0.7045055450641372 29
