1745581084886 2e-05 0
1745581694054 2e-05 1
1745582139896 2e-05 2
1745582660800 8e-05 3
1745583236287 8e-05 4
1745583897071 8e-05 5
1745584540297 8e-05 6
1745584611068 8e-05 7
1745585297316 8e-05 8
1745585982249 8e-05 9
1745586676357 8e-05 10
1745587357984 8e-05 11
1745588016448 8e-05 12
1745588687650 8e-05 13
1745589312137 8e-05 14
1745589939791 6.400000000000001e-05 15
1745590568025 6.400000000000001e-05 16
1745591187713 5.120000000000001e-05 17
1745591794042 5.120000000000001e-05 18
1745592384877 4.0960000000000014e-05 19
1745592974155 4.0960000000000014e-05 20
1745593585422 3.276800000000001e-05 21
1745594185638 3.276800000000001e-05 22
1745594803862 2.6214400000000008e-05 23
1745595426456 2.6214400000000008e-05 24
1745596027300 2.097152000000001e-05 25
1745596634095 2.097152000000001e-05 26
1745597247506 1.6777216000000006e-05 27
1745597858034 1.6777216000000006e-05 28
1745598484531 1.3421772800000009e-05 29
