1746742394834 0.29845499853458407 0
1746742876901 0.5533502683289886 1
1746743146981 0.6341063637580855 2
1746743403085 0.8152879981124763 3
1746743938088 0.8401623149870449 4
1746744216819 0.8135292334841109 5
1746744473925 0.9355279644296287 6
1746744923776 0.9307245410706184 7
1746745295516 0.9179302280643468 8
1746745564210 0.931553251206402 9
1746745898657 0.9405327083882852 10
1746746441333 0.9274233966169374 11
1746746704845 0.9477001896881089 12
1746746960112 0.948804461618703 13
1746747465218 0.9286948508893699 14
1746747727828 0.9810747927284098 15
1746747981330 0.9583343436037678 16
1746748400720 0.9710519382992021 17
1746748732221 0.9813237848649757 18
1746749004897 0.9771476967930511 19
