1746742394834 0.5770334928229113 0
1746742876901 0.7424722662439982 1
1746743146981 0.7291666666666103 2
1746743403085 0.8588435374148929 3
1746743938088 0.8683333333332609 4
1746744216819 0.8494795836668655 5
1746744473925 0.9139240506328342 6
1746744923776 0.941429801894837 7
1746745295516 0.9124893797790219 8
1746745564210 0.9472759226712699 9
1746745898657 0.9545454545453711 10
1746746441333 0.95470383275253 11
1746746704845 0.9666080843584387 12
1746746960112 0.9580052493437482 13
1746747465218 0.9587719298244772 14
1746747727828 0.9752868490731708 15
1746747981330 0.9608355091382975 16
1746748400720 0.9693520140104229 17
1746748732221 0.9771328056287618 18
1746749004897 0.9735915492956889 19
