1746742394834 0.5398388540733625 0
1746742876901 0.838854073410847 1
1746743146981 0.8460161145925831 2
1746743403085 0.9042076991941894 3
1746743938088 0.932855863921134 4
1746744216819 0.9498657117277574 5
1746744473925 0.9695613249775318 6
1746744923776 0.978513876454702 7
1746745295516 0.9615040286480786 8
1746745564210 0.9650850492389467 9
1746745898657 0.977618621306985 10
1746746441333 0.981199641897853 11
1746746704845 0.9847806624887211 12
1746746960112 0.980304386750136 13
1746747465218 0.978513876454702 14
1746747727828 0.9892569382273062 15
1746747981330 0.9883616830795892 16
1746748400720 0.9910474485227403 17
1746748732221 0.9946284691136084 18
1746749004897 0.9901521933750232 19
