1745738892597 2e-05 0
1745738955340 2e-05 1
1745739019183 2e-05 2
1745739083424 8e-05 3
1745739147881 8e-05 4
1745739212886 8e-05 5
1745739279092 8e-05 6
1745739344768 8e-05 7
1745739409243 8e-05 8
1745739472927 8e-05 9
1745739536843 8e-05 10
1745739601396 8e-05 11
1745739665725 8e-05 12
1745739729700 8e-05 13
1745739793763 8e-05 14
1745739858637 6.400000000000001e-05 15
1745739922298 6.400000000000001e-05 16
1745739986048 5.120000000000001e-05 17
1745740050228 5.120000000000001e-05 18
1745740114898 4.0960000000000014e-05 19
1745740178911 4.0960000000000014e-05 20
1745740242970 3.276800000000001e-05 21
1745740307055 3.276800000000001e-05 22
1745740371515 2.6214400000000008e-05 23
1745740435516 2.6214400000000008e-05 24
1745740499556 2.097152000000001e-05 25
1745740563615 2.097152000000001e-05 26
1745740627667 1.6777216000000006e-05 27
1745740691403 1.6777216000000006e-05 28
1745740754970 1.3421772800000009e-05 29
