1745738893519 0.4999999999999328 0
1745738956255 0.701170117011638 1
1745739020117 0.7232219365894839 2
1745739084330 0.7682403433475735 3
1745739148789 0.7601323407774392 4
1745739214724 0.7724999999999356 5
1745739280238 0.7801831806826993 6
1745739345659 0.7842809364547839 7
1745739410159 0.7583465818759333 8
1745739473839 0.7654723127035207 9
1745739537748 0.7506092607635458 10
1745739602299 0.7589869281045132 11
1745739666638 0.7751873438800353 12
1745739730598 0.7704376548306547 13
1745739795738 0.7884283246976866 14
1745739859536 0.765624999999937 15
1745739923192 0.7739783152626544 16
1745739986944 0.7755610972567933 17
1745740051178 0.7891617273496367 18
1745740115794 0.7650897226753046 19
1745740179814 0.7729908864953792 20
1745740243873 0.7801831806826993 21
1745740308432 0.7713114754097729 22
1745740372409 0.7616326530611622 23
1745740436414 0.7831932773108585 24
1745740500458 0.7616326530611622 25
1745740564509 0.7722360764754137 26
1745740628683 0.7685337726523255 27
1745740692310 0.7690417690417061 28
1745740755866 0.7708850289494813 29
