1745738893519 0.1213939945342209 0
1745738956255 0.4632186122755767 1
1745739020117 0.5416830722528005 2
1745739084330 0.6682678988024708 3
1745739148789 0.6778334519482667 4
1745739214724 0.6906899810408321 5
1745739280238 0.7067909378062718 6
1745739345659 0.7252344751424551 7
1745739410159 0.6851329248091494 8
1745739473839 0.7100358405730833 9
1745739537748 0.6889808883191301 10
1745739602299 0.6912335167699971 11
1745739666638 0.7066079746279157 12
1745739730598 0.6833696789222051 13
1745739795738 0.6995552945843937 14
1745739859536 0.6862851963881157 15
1745739923192 0.6771053679208685 16
1745739986944 0.6897388814488331 17
1745740051178 0.7138427238463781 18
1745740115794 0.6845662750207856 19
1745740179814 0.683184208574426 20
1745740243873 0.7002450193480209 21
1745740308432 0.6993055810857656 22
1745740372409 0.689987346993751 23
1745740436414 0.7002821327296156 24
1745740500458 0.6835807470151074 25
1745740564509 0.6948217207419172 26
1745740628683 0.6830455559377018 27
1745740692310 0.697704424255417 28
1745740755866 0.6943694381579099 29
