1745738893519 0.12567812534777245 0
1745738956255 0.48884749547983475 1
1745739020117 0.6117742528388574 2
1745739084330 0.6858348438312629 3
1745739148789 0.7630594748705829 4
1745739214724 0.7516411789745994 5
1745739280238 0.7851036943050697 6
1745739345659 0.7468399606693485 7
1745739410159 0.7955457370541344 8
1745739473839 0.7719374857701682 9
1745739537748 0.7669129828509752 10
1745739602299 0.7630975929192823 11
1745739666638 0.7684924741503182 12
1745739730598 0.7751300930601795 13
1745739795738 0.7555616558994742 14
1745739859536 0.7748059801229115 15
1745739923192 0.7674128801311813 16
1745739986944 0.7748404105740941 17
1745740051178 0.7712213876853424 18
1745740115794 0.7788965000812099 19
1745740179814 0.7695369861824303 20
1745740243873 0.7763736078852459 21
1745740308432 0.7893333283214996 22
1745740372409 0.7717231457316193 23
1745740436414 0.7717423187538036 24
1745740500458 0.7711950576829497 25
1745740564509 0.7725244685660217 26
1745740628683 0.7749327762996858 27
1745740692310 0.7788039368765902 28
1745740755866 0.7750859289541879 29
