1745738893519 0.3330349149507311 0
1745738956255 0.6974037600715579 1
1745739020117 0.7555953446731642 2
1745739084330 0.8012533572067322 3
1745739148789 0.8227394807519406 4
1745739214724 0.8299015219336768 5
1745739280238 0.838854073410847 6
1745739345659 0.839749328558564 7
1745739410159 0.8540734109220363 8
1745739473839 0.8415398388539981 9
1745739537748 0.8272157564905257 10
1745739602299 0.8316920322291108 11
1745739666638 0.8334825425245449 12
1745739730598 0.8352730528199789 13
1745739795738 0.8173679498656385 14
1745739859536 0.8334825425245449 15
1745739923192 0.8307967770813938 16
1745739986944 0.8352730528199789 17
1745740051178 0.8343777976722618 18
1745740115794 0.839749328558564 19
1745740179814 0.8352730528199789 20
1745740243873 0.838854073410847 21
1745740308432 0.842435094001715 22
1745740372409 0.8352730528199789 23
1745740436414 0.8343777976722618 24
1745740500458 0.8352730528199789 25
1745740564509 0.8316920322291108 26
1745740628683 0.8352730528199789 27
1745740692310 0.840644583706281 28
1745740755866 0.8343777976722618 29
