1745747165425 0.6765144587475427 0
1745747365871 0.23277295684936095 1
1745747564749 0.19080218703162913 2
1745747763300 0.1864298271129326 3
1745747961639 0.152811521702275 4
1745748164972 0.11917625040728219 5
1745748366511 0.1051054848548101 6
1745748565067 0.0865992367343635 7
1745748763598 0.1736472289325023 8
1745748962265 0.10935125686228275 9
1745749162844 0.0673701561303163 10
1745749363998 0.05213781064186169 11
1745749561992 0.0405343733727932 12
1745749764586 0.035143881427998444 13
1745749963424 0.028152915943718076 14
1745750161759 0.02286441141397369 15
1745750362227 0.02002358619047671 16
1745750560508 0.01760198900057953 17
