1745747167904 0.6765453005428076 0
1745747368044 0.7364685003935942 1
1745747566921 0.7227387996119711 2
1745747765536 0.7625899280076385 3
1745747964115 0.7755803954788164 4
1745748167124 0.7796751353104436 5
1745748368713 0.7525167784736246 6
1745748567317 0.7777777777277827 7
1745748766123 0.7788461537961138 8
1745748964549 0.7851528383779088 9
1745749165145 0.7945922371937493 10
1745749366413 0.7812630697954032 11
1745749565608 0.80568720374147 12
1745749766869 0.7981180495650864 13
1745749965875 0.8054841473364839 14
1745750163970 0.8103896103395943 15
1745750364688 0.809747755401079 16
1745750567637 0.805317324135268 17
