1745747167904 0.4513038488326988 0
1745747368044 0.6012992446808954 1
1745747566921 0.6304878934442916 2
1745747765536 0.6654273543755527 3
1745747964115 0.6689437454784912 4
1745748167124 0.6616274830778278 5
1745748368713 0.5695827960331187 6
1745748567317 0.6554758314565796 7
1745748766123 0.6970789500429755 8
1745748964549 0.6542145644032686 9
1745749165145 0.6779401863398249 10
1745749366413 0.6462831254463511 11
1745749565608 0.7197027625236964 12
1745749766869 0.6899491655302624 13
1745749965875 0.7019247278892368 14
1745750163970 0.7247015932183482 15
1745750364688 0.7200781360810644 16
1745750567637 0.699285361372332 17
