1745747167904 0.7153088630258984 0
1745747368044 0.743061772605126 1
1745747566921 0.7654431512980514 2
1745747765536 0.8066248880930343 3
1745747964115 0.8075201432407513 4
1745748167124 0.83795881826313 5
1745748368713 0.8030438675021662 6
1745748567317 0.8084153983884683 7
1745748766123 0.7976723366158641 8
1745748964549 0.8048343777976003 9
1745749165145 0.8155774395702045 10
1745749366413 0.8361683079676959 11
1745749565608 0.837063563115413 12
1745749766869 0.8352730528199789 13
1745749965875 0.8415398388539981 14
1745750163970 0.83795881826313 15
1745750364688 0.8478066248880172 16
1745750567637 0.840644583706281 17
