1746695116782 407.7193908691406 0
1746695244770 173.60520779356665 1
1746695372632 93.33690814582668 2
1746695500294 64.53919196615414 3
1746695629290 46.98326402780961 4
1746695756615 36.42441333070093 5
1746695884387 28.52048788265306 6
1746696012099 22.108841604116012 7
1746696140616 18.133897674326995 8
1746696267964 14.471689915170474 9
1746696394839 11.762276376996722 10
1746696523461 10.108789132565867 11
1746696650835 9.535317732363332 12
1746696778391 8.489175027730514 13
1746696905368 6.741716311902416 14
1746697032851 5.077318493200808 15
1746697160673 3.8034260127009176 16
1746697289388 2.9709611352609127 17
1746697416498 2.7167720259452355 18
1746697543688 2.2559888192585538 19
1746697668388 1.9730939524514335 20
1746697793360 1.7295161753284687 21
1746697917951 1.5427356356260729 22
1746698042730 1.2204752442788105 23
1746698168559 1.1517490112051672 24
1746698295240 0.9974217645976008 25
1746698420934 0.9402256115358703 26
1746698544530 0.8468347851719175 27
1746698657535 0.8042778920154182 28
1746698765703 0.808182127621709 29
