1746695119415 0.07402234633438787 0
1746695247489 0.5496439044327736 1
1746695375187 0.7270408162765946 2
1746695503293 0.7617876178264694 3
1746695631825 0.7678868551914506 4
1746695759156 0.7998263134541005 5
1746695886928 0.8025695930977763 6
1746696015011 0.8053633217492951 7
1746696143243 0.7996538294610205 8
1746696270551 0.8029072252599936 9
1746696398325 0.800342759161677 10
1746696526071 0.8141053547605891 11
1746696653021 0.8155594405093971 12
1746696781101 0.7903430749183116 13
1746696908146 0.8010358221338534 14
1746697035473 0.7854454202763732 15
1746697163279 0.7874624301775811 16
1746697291977 0.791882556081255 17
1746697419248 0.7972626175719297 18
1746697546540 0.7989756721651489 19
1746697670966 0.7967409948042222 20
1746697796570 0.794356562583637 21
1746697920470 0.7999999999499997 22
1746698045254 0.7967409948042222 23
1746698171348 0.7993182786036481 24
1746698297797 0.7938671209040536 25
1746698423483 0.8060475161486955 26
1746698547094 0.7977528089387548 27
1746698659822 0.797936371403148 28
1746698768624 0.798279569842481 29
