1746695119415 0.04744852282900202 0
1746695247489 0.5872873769023645 1
1746695375187 0.7654431512980514 2
1746695503293 0.8316920322291108 3
1746695631825 0.8263205013428088 4
1746695759156 0.8245299910473747 5
1746695886928 0.838854073410847 6
1746696015011 0.8334825425245449 7
1746696143243 0.8272157564905257 8
1746696270551 0.840644583706281 9
1746696398325 0.8361683079676959 10
1746696526071 0.837063563115413 11
1746696653021 0.8352730528199789 12
1746696781101 0.8352730528199789 13
1746696908146 0.8307967770813938 14
1746697035473 0.840644583706281 15
1746697163279 0.8209489704565066 16
1746697291977 0.8209489704565066 17
1746697419248 0.8343777976722618 18
1746697546540 0.83795881826313 19
1746697670966 0.8316920322291108 20
1746697796570 0.8316920322291108 21
1746697920470 0.8307967770813938 22
1746698045254 0.8316920322291108 23
1746698171348 0.839749328558564 24
1746698297797 0.8343777976722618 25
1746698423483 0.8352730528199789 26
1746698547094 0.8263205013428088 27
1746698659822 0.8307967770813938 28
1746698768624 0.8307967770813938 29
