1746690794715 395.72274764703246 0
1746690901543 147.83406393868583 1
1746691024659 75.30674934387207 2
1746691146702 56.48680040787677 3
1746691239579 43.25657303479253 4
1746691331418 32.97730696931177 5
1746691423279 25.09965217356779 6
1746691515044 19.664716720581055 7
1746691607652 15.622656744353625 8
1746691699190 12.319060442399005 9
1746691791810 9.831942801572838 10
1746691883289 12.039584062537369 11
1746691974680 12.324272204418572 12
1746692067586 8.00995617496724 13
1746692159070 5.62059903631405 14
1746692250696 4.241851743386716 15
1746692354109 3.4042660095253767 16
1746692476351 2.444201724869864 17
1746692597756 2.1642730309038747 18
1746692719704 2.001782628954673 19
1746692841169 1.6145062799356422 20
1746692963449 1.344894325854827 21
1746693085556 1.1594541577660307 22
1746693208312 1.0193016954830714 23
1746693330772 0.8840867810103358 24
1746693453725 0.7939346712462756 25
1746693575818 0.7376712439011555 26
1746693697616 0.7177384146014039 27
1746693819501 0.6872434178177191 28
1746693941205 0.5858241781896475 29
