1746690797400 0.10136769810668628 0
1746690904339 0.5782982749775023 1
1746691027546 0.7412505831748769 2
1746691149608 0.7556952972751994 3
1746691241354 0.7810784175149486 4
1746691333307 0.7886444336927376 5
1746691425405 0.7747573635529109 6
1746691516852 0.8004285447917235 7
1746691609473 0.7797588880662849 8
1746691701015 0.783908426157877 9
1746691793616 0.7841980985498415 10
1746691885133 0.7487177629090763 11
1746691977240 0.7554537387284411 12
1746692069429 0.7829322676708295 13
1746692160900 0.7885807764283146 14
1746692253519 0.7943185945562266 15
1746692356720 0.799102608769928 16
1746692478694 0.7723078752008281 17
1746692600387 0.7910159829542971 18
1746692722121 0.7852438740985175 19
1746692843693 0.7867907252644463 20
1746692965942 0.7803491606954405 21
1746693088492 0.7756203657116922 22
1746693211085 0.7825061426119563 23
1746693333482 0.7819788265618247 24
1746693456375 0.7928636973673349 25
1746693578181 0.7899989855728461 26
1746693699961 0.7815631846243203 27
1746693821847 0.7811370418860043 28
1746693943554 0.7870894696026492 29
