1746689772038 2e-05 0
1746689930697 4e-05 1
1746690092380 6.000000000000001e-05 2
1746690249871 8e-05 3
1746690409255 8e-05 4
1746690566445 8e-05 5
1746690725870 8e-05 6
1746690885561 8e-05 7
1746691045469 8e-05 8
1746691204704 8e-05 9
1746691365368 8e-05 10
1746691523486 8e-05 11
1746691682033 8e-05 12
1746691838654 8e-05 13
1746691996237 8e-05 14
1746692154948 6.400000000000001e-05 15
1746692311522 6.400000000000001e-05 16
1746692470316 5.120000000000001e-05 17
1746692627126 5.120000000000001e-05 18
1746692785937 4.0960000000000014e-05 19
1746692945064 4.0960000000000014e-05 20
1746693105334 3.276800000000001e-05 21
1746693261816 3.276800000000001e-05 22
1746693417886 2.6214400000000008e-05 23
1746693573961 2.6214400000000008e-05 24
1746693731750 2.097152000000001e-05 25
1746693888368 2.097152000000001e-05 26
1746694044331 1.6777216000000006e-05 27
1746694200999 1.6777216000000006e-05 28
1746694359171 1.3421772800000009e-05 29
