1746689777389 0.0 0
1746689935323 0.6470078056741904 1
1746690096980 0.7405803377585638 2
1746690254184 0.7925669835282108 3
1746690414239 0.7874624301775811 4
1746690570956 0.8255763374880283 5
1746690730687 0.8176318063458404 6
1746690890383 0.8109028960318204 7
1746691050544 0.8156862744597682 8
1746691209386 0.796687370550629 9
1746691370778 0.8074105988297938 10
1746691527770 0.7952722667293269 11
1746691686462 0.8054338299236588 12
1746691843567 0.800339847018881 13
1746692000705 0.8129251700180838 14
1746692158949 0.781533388243736 15
1746692315846 0.8121475053729704 16
1746692474888 0.8175937903769047 17
1746692632154 0.8037303941849175 18
1746692790353 0.808201623187968 19
1746692951285 0.8078065336793846 20
1746693110027 0.8147829823307576 21
1746693266443 0.8135158254419027 22
1746693421957 0.814846784585298 23
1746693578832 0.8088548317933885 24
1746693736256 0.8115942028485954 25
1746693893003 0.8092189500140596 26
1746694048789 0.805437553051166 27
1746694206626 0.8113207546669997 28
1746694364200 0.8080204777657408 29
