1746630780708 2e-05 0
1746630844002 4e-05 1
1746630908436 6.000000000000001e-05 2
1746630972457 8e-05 3
1746631037136 8e-05 4
1746631100865 8e-05 5
1746631165770 8e-05 6
1746631229350 8e-05 7
1746631294304 8e-05 8
1746631357879 8e-05 9
1746631421056 8e-05 10
1746631485285 8e-05 11
1746631550304 8e-05 12
1746631613423 8e-05 13
1746631676700 8e-05 14
1746631740356 6.400000000000001e-05 15
1746631805549 6.400000000000001e-05 16
1746631869363 5.120000000000001e-05 17
1746631932721 5.120000000000001e-05 18
1746631996299 4.0960000000000014e-05 19
1746632060501 4.0960000000000014e-05 20
1746632124381 3.276800000000001e-05 21
1746632188047 3.276800000000001e-05 22
1746632251493 2.6214400000000008e-05 23
1746632314823 2.6214400000000008e-05 24
1746632378697 2.097152000000001e-05 25
1746632442875 2.097152000000001e-05 26
1746632506593 1.6777216000000006e-05 27
1746632570232 1.6777216000000006e-05 28
1746632633540 1.3421772800000009e-05 29
