1746630780708 1.0554456653035418 0
1746630844002 0.36445175384988593 1
1746630908436 0.22968154248534417 2
1746630972457 0.17796926093952997 3
1746631037136 0.13790470681020192 4
1746631100865 0.10660868803305286 5
1746631165770 0.08500896116756664 6
1746631229350 0.06677018356870631 7
1746631294304 0.055292168499103615 8
1746631357879 0.04360052034715001 9
1746631421056 0.0384581188804337 10
1746631485285 0.03375614394566843 11
1746631550304 0.02990726005209952 12
1746631613423 0.029948268522869567 13
1746631676700 0.024770762818884486 14
1746631740356 0.020680871507038876 15
1746631805549 0.014084169451071292 16
1746631869363 0.010919565073575596 17
1746631932721 0.010140800599141844 18
1746631996299 0.008277816740719944 19
1746632060501 0.006465943719079832 20
1746632124381 0.0056972066059290455 21
1746632188047 0.00504545574622913 22
1746632251493 0.00517066246212213 23
1746632314823 0.004068508901044118 24
1746632378697 0.0036798425372784995 25
1746632442875 0.003138461348610189 26
1746632506593 0.0030448683317779203 27
1746632570232 0.003044695341579464 28
1746632633540 0.0026242727175003334 29
