1746630783058 0.4431818181817762 0
1746630846153 0.6737089201877406 1
1746630910672 0.6631355932202921 2
1746630974782 0.7623430962342458 3
1746631039254 0.7225253312548151 4
1746631102758 0.7677100494233304 5
1746631167896 0.77051926298151 6
1746631231882 0.7699917559768532 7
1746631296537 0.7553191489361084 8
1746631360127 0.7575264442635673 9
1746631423143 0.7613168724279209 10
1746631487601 0.7799163179915665 11
1746631552470 0.7725779967158642 12
1746631615574 0.736925515055409 13
1746631679249 0.7612903225805837 14
1746631742783 0.8047079337401216 15
1746631807592 0.7606425702810634 16
1746631871602 0.7720588235293486 17
1746631934969 0.7706270627062071 18
1746631998646 0.7572115384614777 19
1746632062925 0.7570621468925942 20
1746632126670 0.7593495934958732 21
1746632190263 0.7582329317268467 22
1746632253633 0.7712634186621988 23
1746632317003 0.7720164609052862 24
1746632380968 0.7709359605910697 25
1746632445018 0.7687296416937485 26
1746632508956 0.7640358014645432 27
1746632572201 0.7658536585365231 28
1746632635765 0.7659053833604595 29
