1745738769918 2e-05 0
1745738833012 2e-05 1
1745738898389 2e-05 2
1745738961828 8e-05 3
1745739025393 8e-05 4
1745739092494 8e-05 5
1745739155725 8e-05 6
1745739218996 8e-05 7
1745739284106 8e-05 8
1745739349779 8e-05 9
1745739413967 8e-05 10
1745739477599 8e-05 11
1745739541562 8e-05 12
1745739604945 8e-05 13
1745739668970 8e-05 14
1745739732668 6.400000000000001e-05 15
1745739796201 6.400000000000001e-05 16
1745739859942 5.120000000000001e-05 17
1745739923309 5.120000000000001e-05 18
1745739986723 4.0960000000000014e-05 19
1745740049700 4.0960000000000014e-05 20
1745740112429 3.276800000000001e-05 21
1745740177085 3.276800000000001e-05 22
1745740241108 2.6214400000000008e-05 23
1745740304042 2.6214400000000008e-05 24
1745740366741 2.097152000000001e-05 25
1745740429690 2.097152000000001e-05 26
1745740492745 1.6777216000000006e-05 27
1745740555583 1.6777216000000006e-05 28
1745740618524 1.3421772800000009e-05 29
