1745738771405 0.3841496972558383 0
1745738834470 0.6453028972282763 1
1745738899940 0.67753303959753 2
1745738963277 0.7077747988775508 3
1745739029920 0.7220987104879548 4
1745739093968 0.7150214591774913 5
1745739157230 0.7213254035184629 6
1745739221223 0.7265590928413783 7
1745739287364 0.7212408444136013 8
1745739351229 0.730034722172205 9
1745739415433 0.7234600261622854 10
1745739479047 0.7322212466575926 11
1745739543012 0.7230902777277611 12
1745739606450 0.7173725150753217 13
1745739670559 0.7244501939991638 14
1745739734244 0.7275922670852781 15
1745739797954 0.7286148501453789 16
1745739861402 0.7261037290541856 17
1745739924767 0.7282229964656525 18
1745739988170 0.7198627198127447 19
1745740051239 0.7253032928442693 20
1745740113877 0.7333042339089368 21
1745740178535 0.7337942955420447 22
1745740242559 0.7242268040737306 23
1745740305500 0.7298825575837303 24
1745740368199 0.727741935433885 25
1745740431159 0.7209601371124799 26
1745740494199 0.7271937445199196 27
1745740557154 0.72900432895432 28
1745740619974 0.7242268040737306 29
