1745738771405 0.49857142857135733 0
1745738834470 0.6330749354004622 1
1745738899940 0.6669557675628216 2
1745738963277 0.7065120428188486 3
1745739029920 0.7173144876324454 4
1745739093968 0.6867271228358873 5
1745739157230 0.6863379143087561 6
1745739221223 0.7083333333332731 7
1745739287364 0.6951827242524339 8
1745739351229 0.7085088458297634 9
1745739415433 0.7064846416381649 10
1745739479047 0.7183462532299123 11
1745739543012 0.7017691659645575 12
1745739606450 0.6934001670843196 13
1745739670559 0.6988352745423712 14
1745739734244 0.7144089732527424 15
1745739797954 0.7074198988195018 16
1745739861402 0.6965460526315217 17
1745739924767 0.7090754877013817 18
1745739988170 0.6911037891267964 19
1745740051239 0.7027707808563641 20
1745740113877 0.7155025553662082 21
1745740178535 0.7092731829573342 22
1745740242559 0.6961189099916848 23
1745740305500 0.709813874788434 24
1745740368199 0.7003311258277566 25
1745740431159 0.6916118421052062 26
1745740494199 0.706329113923991 27
1745740557154 0.705783738474375 28
1745740619974 0.6961189099916848 29
