1745877069371 0.0 0
1745877156458 0.0 1
1745877244048 0.0 2
1745877331663 0.020800719742086693 3
1745877462016 0.2532152585062946 4
1745877593364 0.3765023525653751 5
1745877725859 0.41936084452628086 6
1745877855769 0.42423310127389313 7
1745877985655 0.4581279160098276 8
1745878115886 0.4623914809291833 9
1745878245080 0.43556481590693097 10
1745878375106 0.4365043772982401 11
1745878504002 0.4620893178856443 12
1745878632626 0.44189390375030446 13
1745878761834 0.445420758094269 14
1745878890973 0.4506974150857799 15
1745879020576 0.4423629630496798 16
1745879150020 0.4342737196638776 17
1745879278702 0.4497951143835354 18
1745879407697 0.45269491271270446 19
1745879537001 0.4529312414088027 20
1745879666116 0.44381696302940377 21
1745879798135 0.44484962180677745 22
1745879927223 0.4502441000847436 23
1745880056950 0.44433283298177817 24
1745880185957 0.44316376695328924 25
1745880315036 0.4456944800211104 26
1745880445771 0.4469970457393807 27
1745880574732 0.45067228382180896 28
1745880703856 0.449853457417029 29
