1745877069371 0.0 0
1745877156458 0.0 1
1745877244048 0.0 2
1745877331663 0.08594319006433299 3
1745877462016 0.4575645755957605 4
1745877593364 0.5213350231862778 5
1745877725859 0.5391451544147668 6
1745877855769 0.5392872476958506 7
1745877985655 0.5478147987384114 8
1745878115886 0.5428321677821482 9
1745878245080 0.5341296927828291 10
1745878375106 0.5359864521092886 11
1745878504002 0.5464862504955965 12
1745878632626 0.5459940652319931 13
1745878761834 0.5413598960089058 14
1745878890973 0.5345268541700172 15
1745879020576 0.5410752687672343 16
1745879150020 0.5351027396760769 17
1745879278702 0.5411663807390642 18
1745879407697 0.5471779404928925 19
1745879537001 0.5458458888867462 20
1745879666116 0.5392198885055518 21
1745879798135 0.5408643559620319 22
1745879927223 0.5412371133520968 23
1745880056950 0.5393835615938848 24
1745880185957 0.5404944586030943 25
1745880315036 0.5404944586030943 26
1745880445771 0.5432733504213391 27
1745880574732 0.5418803418303981 28
1745880703856 0.542358450354501 29
