1745877069371 0.0 0
1745877156458 0.0 1
1745877244048 0.0 2
1745877331663 0.23046874999991 3
1745877462016 0.471931493815369 4
1745877593364 0.4935999999999605 5
1745877725859 0.5112359550561387 6
1745877855769 0.5181518151814754 7
1745877985655 0.5301507537687998 8
1745878115886 0.530315969257 9
1745878245080 0.5101874490627131 10
1745878375106 0.5084337349397182 11
1745878504002 0.5332197614991028 12
1745878632626 0.5185185185184767 13
1745878761834 0.5243288590603586 14
1745878890973 0.5101708706264841 15
1745879020576 0.5206953642383675 16
1745879150020 0.512715340442944 17
1745879278702 0.5193415637859655 18
1745879407697 0.5274086378737103 19
1745879537001 0.5257048092868553 20
1745879666116 0.5172697368420627 21
1745879798135 0.5180327868852034 22
1745879927223 0.5202312138727894 23
1745880056950 0.5168170631664876 24
1745880185957 0.515866558177338 25
1745880315036 0.515866558177338 26
1745880445771 0.5209531635168019 27
1745880574732 0.5183973834831955 28
1745880703856 0.5170454545454125 29
