1746178208231 2e-06 0
1746179281885 4e-06 1
1746180352763 6e-06 2
1746181429589 8e-06 3
1746182502067 8e-06 4
1746183574259 8e-06 5
1746184645205 8e-06 6
1746185717830 8e-06 7
1746186815091 8e-06 8
1746187908909 8e-06 9
1746188980803 8e-06 10
1746190057938 6.4e-06 11
1746191134462 6.4e-06 12
1746192208163 5.120000000000001e-06 13
1746193278065 5.120000000000001e-06 14
1746194347880 4.096000000000001e-06 15
1746195420482 4.096000000000001e-06 16
1746196490263 3.2768000000000005e-06 17
1746197577258 3.2768000000000005e-06 18
1746198670091 2.6214400000000007e-06 19
