1746178725940 0.0 0
1746179795822 0.36286437617618805 1
1746180872389 0.45980120649263084 2
1746181947479 0.5055545216259998 3
1746183018484 0.5868975962858493 4
1746184089227 0.609379270096014 5
1746185162370 0.62972069947298 6
1746186258472 0.6458579347497705 7
1746187354250 0.6296479990419519 8
1746188426666 0.6185944763544923 9
1746189503946 0.6098596029582316 10
1746190579377 0.6182570439519921 11
1746191653101 0.6334735691112673 12
1746192723450 0.5931140361895394 13
1746193793395 0.6351097921184176 14
1746194865960 0.6561889971227769 15
1746195935455 0.657694998567876 16
1746197023246 0.6444113832005307 17
1746198109744 0.6543073188929147 18
1746199202581 0.64716443797777 19
