1746178725940 0.0 0
1746179795822 0.4029792362685691 1
1746180872389 0.5002240844955627 2
1746181947479 0.6088045634646421 3
1746183018484 0.733974040971074 4
1746184089227 0.7469400497441403 5
1746185162370 0.7504092261560777 6
1746186258472 0.7931134258900913 7
1746187354250 0.8195643187463224 8
1746188426666 0.845345568745353 9
1746189503946 0.7241608795992001 10
1746190579377 0.8309099571474087 11
1746191653101 0.7841796330748435 12
1746192723450 0.7882594941873277 13
1746193793395 0.7528976520819768 14
1746194865960 0.8120701057837562 15
1746195935455 0.7954902446729711 16
1746197023246 0.776190476155239 17
1746198109744 0.7900793650440509 18
1746199202581 0.8072958002282281 19
