1746613528210 0.0 0
1746613611998 0.0 1
1746613697966 0.13589128695127375 2
1746613782721 0.33902161542575443 3
1746613908944 0.7341880341380741 4
1746614032880 0.7900696863611175 5
1746614153359 0.7859680283691163 6
1746614276732 0.805317324135268 7
1746614402218 0.805761676073924 8
1746614525394 0.8138828632905408 9
1746614649148 0.8092783504654759 10
1746614769448 0.8086580086079926 11
1746614891668 0.7911901736053084 12
1746615012372 0.7965811965312312 13
1746615132014 0.8037947390616839 14
1746615252328 0.7937579080057727 15
1746615372246 0.8003434950122729 16
1746615494550 0.8043010752188247 17
1746615616556 0.8005136985801637 18
1746615740029 0.8070325900014771 19
1746615863160 0.8074426654627507 20
1746615986252 0.7996567996068175 21
1746616108790 0.8013728013228192 22
1746616232936 0.8041415012442155 23
1746616358840 0.8020698576472812 24
1746616483280 0.7977576541112746 25
1746616605891 0.7938540332406935 26
1746616728213 0.7960666951189083 27
1746616849512 0.7994858611325425 28
1746616970622 0.7979495941405531 29
