1746613528210 0.0 0
1746613611998 0.0 1
1746613697966 0.050295857988126996 2
1746613782721 0.11896109975304615 3
1746613908944 0.49354721248826344 4
1746614032880 0.6030979392422261 5
1746614153359 0.6373674129605524 6
1746614276732 0.694730229643359 7
1746614402218 0.6934848158372139 8
1746614525394 0.7039391301947316 9
1746614649148 0.7041869544702579 10
1746614769448 0.7045862822283162 11
1746614891668 0.6649897308492891 12
1746615012372 0.6877237459438533 13
1746615132014 0.7109360624358033 14
1746615252328 0.6637280824254235 15
1746615372246 0.7013448533446058 16
1746615494550 0.6940245939763282 17
1746615616556 0.6901615425686164 18
1746615740029 0.687409722538241 19
1746615863160 0.7031980154595777 20
1746615986252 0.6892675564026369 21
1746616108790 0.6900101191942731 22
1746616232936 0.7083190731464624 23
1746616358840 0.6841665972126412 24
1746616483280 0.684194000229344 25
1746616605891 0.6827405811010456 26
1746616728213 0.687265212570238 27
1746616849512 0.6869944543757835 28
1746616970622 0.6746188420226533 29
