1746613528210 0.0 0
1746613611998 0.0 1
1746613697966 0.6343283582084819 2
1746613782721 0.4648985959437652 3
1746613908944 0.7023712183155599 4
1746614032880 0.7692960135707575 5
1746614153359 0.7797356828193145 6
1746614276732 0.7728395061727759 7
1746614402218 0.7862010221464407 8
1746614525394 0.7895622895622231 9
1746614649148 0.7778695293145518 10
1746614769448 0.7829002514668245 11
1746614891668 0.75080385852084 12
1746615012372 0.7620605069500603 13
1746615132014 0.7753743760398689 14
1746615252328 0.7503987240828748 15
1746615372246 0.7689768976897055 16
1746615494550 0.7740066225164922 17
1746615616556 0.7670221493026442 18
1746615740029 0.7744855967077552 19
1746615863160 0.7814070351758139 20
1746615986252 0.7677100494233304 21
1746616108790 0.7693574958813204 22
1746616232936 0.7760199833471461 23
1746616358840 0.7737104825290537 24
1746616483280 0.7695507487520158 25
1746616605891 0.7585644371940653 26
1746616728213 0.761865793780625 27
1746616849512 0.7666392769103725 28
1746616970622 0.7630718954247743 29
