1745831030058 0.6284335273869184 0
1745831229648 0.21621855872930312 1
1745831428347 0.16935645720484305 2
1745831629623 0.1865393472265224 3
1745831828479 0.21448937719877886 4
1745832025447 0.12227927133136866 5
1745832222895 0.09804383996037805 6
1745832420942 0.07796465461047328 7
1745832618284 0.06418658348218519 8
1745832819765 0.050789984171183744 9
1745833018757 0.044099271848645746 10
1745833217613 0.03990050502197475 11
1745833416645 0.0324462590054894 12
1745833619222 0.030874524027945435 13
1745833821445 0.027737649965423102 14
1745834020560 0.02804116655749326 15
1745834219406 0.030149206766212473 16
1745834421885 0.02301543559498933 17
1745834619993 0.02210282160406362 18
1745834817692 0.013919951327677284 19
1745835016040 0.009354756572473871 20
1745835213852 0.006787816288272793 21
1745835412327 0.0058071347065174915 22
1745835613521 0.004767155228420256 23
1745835812739 0.004398561509834527 24
1745836012124 0.0040870188653459585 25
1745836210895 0.003453848143440804 26
1745836409557 0.003205326927780668 27
1745836612348 0.002844669767928652 28
1745836812223 0.002914840899281945 29
1745837011100 0.002688002184019139 30
1745837210039 0.0023331976657833104 31
1745837408889 0.0022860993767793917 32
1745837607592 0.0020889075495521253 33
1745837806354 0.0020603419157405557 34
