1745831030058 2e-05 0
1745831229648 2e-05 1
1745831428347 2e-05 2
1745831629623 8e-05 3
1745831828479 8e-05 4
1745832025447 8e-05 5
1745832222895 8e-05 6
1745832420942 8e-05 7
1745832618284 8e-05 8
1745832819765 8e-05 9
1745833018757 8e-05 10
1745833217613 8e-05 11
1745833416645 8e-05 12
1745833619222 8e-05 13
1745833821445 8e-05 14
1745834020560 8e-05 15
1745834219406 8e-05 16
1745834421885 8e-05 17
1745834619993 6.400000000000001e-05 18
1745834817692 6.400000000000001e-05 19
1745835016040 5.120000000000001e-05 20
1745835213852 5.120000000000001e-05 21
1745835412327 4.0960000000000014e-05 22
1745835613521 4.0960000000000014e-05 23
1745835812739 3.276800000000001e-05 24
1745836012124 3.276800000000001e-05 25
1745836210895 2.6214400000000008e-05 26
1745836409557 2.6214400000000008e-05 27
1745836612348 2.097152000000001e-05 28
1745836812223 2.097152000000001e-05 29
1745837011100 1.6777216000000006e-05 30
1745837210039 1.6777216000000006e-05 31
1745837408889 1.3421772800000009e-05 32
1745837607592 1.3421772800000009e-05 33
1745837806354 1.0737418240000007e-05 34
