1745831032485 0.6591004623292812 0
1745831231850 0.7353071143997885 1
1745831430872 0.7664884134971698 2
1745831631763 0.7863247862748216 3
1745831830351 0.7831687418993503 4
1745832027581 0.7853226486215473 5
1745832225717 0.7695709862391916 6
1745832423092 0.7743040684725112 7
1745832620700 0.790697674368534 8
1745832821954 0.7870855147841692 9
1745833020974 0.763216348239584 10
1745833220054 0.7771135780883832 11
1745833418835 0.7911227153546698 12
1745833621394 0.7958206355616357 13
1745833823629 0.7957173447037725 14
1745834022727 0.7836107553917826 15
1745834221841 0.8131204142788674 16
1745834424323 0.8070781182063606 17
1745834622165 0.7987910189482664 18
1745834820638 0.8081069425976904 19
1745835018268 0.8061882251326491 20
1745835216437 0.8060737526614742 21
1745835414493 0.8144952544797623 22
1745835615681 0.8046272493073493 23
1745835815148 0.8029259896229836 24
1745836014283 0.8125807840947653 25
1745836213088 0.8112554112053951 26
1745836413322 0.8152315014644809 27
1745836615064 0.8063546586017958 28
1745836814416 0.8032437046021949 29
1745837013265 0.8101592767472485 30
1745837212198 0.8106942647192944 31
1745837411090 0.810367170576341 32
1745837609770 0.8099956914622798 33
1745837808534 0.8112068965017228 34
