1745831032485 0.6212361331219792 0
1745831231850 0.7260034904013328 1
1745831430872 0.7630878438331177 2
1745831631763 0.7522485690923342 3
1745831830351 0.7524752475246904 4
1745832027581 0.7424242424241831 5
1745832225717 0.760489510489444 6
1745832423092 0.742200328407164 7
1745832620700 0.7899910634494378 8
1745832821954 0.7676595744680197 9
1745833020974 0.7574955908288573 10
1745833220054 0.7428571428570822 11
1745833418835 0.7696867061811372 12
1745833621394 0.774576271186375 13
1745833823629 0.7627257799670967 14
1745834022727 0.7487765089722065 15
1745834221841 0.7849999999999345 16
1745834424323 0.7791666666666017 17
1745834622165 0.7714762301917621 18
1745834820638 0.7795341098169069 19
1745835018268 0.7752066115701839 20
1745835216437 0.7819865319864662 21
1745835414493 0.7860116569524741 22
1745835615681 0.7715694330319826 23
1745835815148 0.7729908864953792 24
1745836014283 0.7832225913620612 25
1745836213088 0.7854149203687523 26
1745836413322 0.7889447236180244 27
1745836615064 0.7747524752474608 28
1745836814416 0.7675367047307693 29
1745837013265 0.7802653399667677 30
1745837212198 0.7820299500831296 31
1745837411090 0.7829716193655439 32
1745837609770 0.780730897009902 33
1745837808534 0.7822111388195526 34
