1745831032485 0.47877782452797574 0
1745831231850 0.62269655917332 1
1745831430872 0.7076514756093611 2
1745831631763 0.6824234825356309 3
1745831830351 0.6460217606767087 4
1745832027581 0.6685129553461024 5
1745832225717 0.6489040591471821 6
1745832423092 0.6477639159522206 7
1745832620700 0.7312210472937246 8
1745832821954 0.665811627117714 9
1745833020974 0.672065822635396 10
1745833220054 0.6635177972894735 11
1745833418835 0.6841936368518134 12
1745833621394 0.7002420785609847 13
1745833823629 0.6700941540687432 14
1745834022727 0.6864904323879446 15
1745834221841 0.7083105313867913 16
1745834424323 0.7144909797687077 17
1745834622165 0.7024066589867558 18
1745834820638 0.7177639971961138 19
1745835018268 0.6991971700725 20
1745835216437 0.7071259625733948 21
1745835414493 0.71108219456535 22
1745835615681 0.7039391496559466 23
1745835815148 0.7069731938726332 24
1745836014283 0.7115020237041478 25
1745836213088 0.72158641106341 26
1745836413322 0.7206685012435402 27
1745836615064 0.7062254526185361 28
1745836814416 0.7045456100465823 29
1745837013265 0.7147043311364533 30
1745837212198 0.719971490687547 31
1745837411090 0.7180210547990078 32
1745837609770 0.7139633119401612 33
1745837808534 0.7202469308573138 34
