1745831032485 0.5487541580570271 0
1745831231850 0.6568822636790371 1
1745831430872 0.7187887830873287 2
1745831631763 0.7664196314595036 3
1745831830351 0.759910930482034 4
1745832027581 0.7590774291649127 5
1745832225717 0.7136589413684541 6
1745832423092 0.7428040090794734 7
1745832620700 0.7421831599297376 8
1745832821954 0.7412836290398038 9
1745833020974 0.7179100352359853 10
1745833220054 0.7688285110391981 11
1745833418835 0.752157831087909 12
1745833621394 0.7627289727203579 13
1745833823629 0.7376733940155005 14
1745834022727 0.7544118009018187 15
1745834221841 0.7885918315558312 16
1745834424323 0.7476137459578385 17
1745834622165 0.7673521360560283 18
1745834820638 0.7797646318336295 19
1745835018268 0.7823249605103444 20
1745835216437 0.7710595455260558 21
1745835414493 0.787832491886896 22
1745835615681 0.7840811045120805 23
1745835815148 0.7826707060130782 24
1745836014283 0.7877619245615293 25
1745836213088 0.7845310346529382 26
1745836413322 0.7852400524888445 27
1745836615064 0.7802274306647276 28
1745836814416 0.7877589745855881 29
1745837013265 0.7868393662991164 30
1745837212198 0.7847648301818524 31
1745837411090 0.783074338941678 32
1745837609770 0.7858901478748793 33
1745837808534 0.7877589745855881 34
