1746618100406 0.0 0
1746618234282 0.011481056254785026 1
1746618370382 0.10786926299955081 2
1746618506471 0.22272503779237696 3
1746618758703 0.6151681105712509 4
1746619010429 0.6813251486034801 5
1746619261869 0.691311664164095 6
1746619511151 0.6910765130371163 7
1746619761573 0.6801027617298565 8
1746620008918 0.7012622086747509 9
1746620258322 0.6973123069869965 10
1746620507000 0.704667561681031 11
1746620753970 0.7165395615413795 12
1746621002859 0.728045416045541 13
1746621253966 0.7025484789962113 14
1746621505642 0.7184224316734998 15
1746621752787 0.7127800880044373 16
1746622001910 0.7045441506082745 17
1746622249886 0.7165823742068164 18
1746622497493 0.7045779999413952 19
1746622745583 0.7057662588345052 20
1746622994017 0.70893868096205 21
1746623242015 0.7190488549270372 22
1746623490074 0.7053948505275746 23
1746623738880 0.7185343820090441 24
1746623988052 0.7196359569800115 25
1746624237098 0.714155145306166 26
1746624485581 0.7178733932768748 27
1746624733905 0.7165685590040045 28
1746624984251 0.7083409017465045 29
