1746618100406 0.0 0
1746618234282 0.029914529914496675 1
1746618370382 0.0992354199786332 2
1746618506471 0.30541647930324756 3
1746618758703 0.5527417585666428 4
1746619010429 0.654022717587715 5
1746619261869 0.6872935109570013 6
1746619511151 0.680407635445431 7
1746619761573 0.6367312316849557 8
1746620008918 0.6702823992554918 9
1746620258322 0.689812635961981 10
1746620507000 0.6977139696428192 11
1746620753970 0.7009109386469307 12
1746621002859 0.7186381436690825 13
1746621253966 0.6844371777223925 14
1746621505642 0.7081872636011902 15
1746621752787 0.7045309592765622 16
1746622001910 0.6862346508216709 17
1746622249886 0.7052291999925125 18
1746622497493 0.6776910416330811 19
1746622745583 0.681340846162126 20
1746622994017 0.6834346926249955 21
1746623242015 0.6953087976326539 22
