1745738894191 0.964483595624262 0
1745738956209 0.41112131458155965 1
1745739019691 0.2694935296871224 2
1745739083347 0.2134194053253349 3
1745739146783 0.1539956045394041 4
1745739210750 0.1226499192416668 5
1745739274589 0.0986125691204655 6
1745739337529 0.07612679081455785 7
1745739401680 0.060326834684427906 8
1745739464521 0.04972683784684965 9
1745739527830 0.041396579172994406 10
1745739591302 0.03512375339941711 11
1745739654373 0.0303661971143922 12
1745739717802 0.028100725339383494 13
1745739780606 0.02400438055129988 14
1745739843337 0.02119396408373604 15
1745739906378 0.015035435462332502 16
1745739969562 0.011937675033030766 17
1745740032419 0.010775857951910215 18
1745740095338 0.009217592279369734 19
1745740158197 0.0075555284464807835 20
1745740221069 0.006552396121206789 21
1745740283871 0.005980965201457848 22
1745740346655 0.005611614794565403 23
1745740409908 0.005363080510394458 24
1745740472753 0.004598494016859985 25
1745740535527 0.004159179403285059 26
1745740598341 0.0039439163983286335 27
1745740661036 0.003636306322806952 28
1745740723936 0.0037687617028607247 29
