1745738895119 0.12438150534586279 0
1745738957113 0.4690255360009377 1
1745739020583 0.5957347596729023 2
1745739084253 0.6781168920088567 3
1745739147686 0.7303304964964783 4
1745739212229 0.7026689094391035 5
1745739275483 0.6916469828563471 6
1745739338462 0.7387758847710302 7
1745739402831 0.7158517110868876 8
1745739465419 0.7205614984825016 9
1745739528721 0.7046045298584814 10
1745739592217 0.710856875724446 11
1745739655272 0.6867533499727951 12
1745739718696 0.7107979849256627 13
1745739781504 0.707435026908506 14
1745739844363 0.6985707342117492 15
1745739907721 0.7192904311329706 16
1745739970462 0.7173700397253128 17
1745740033313 0.7346126068663229 18
1745740096233 0.7178079165729903 19
1745740159131 0.7247149924989711 20
1745740221960 0.7193714809081369 21
1745740284767 0.7120584397089088 22
1745740348121 0.7231255309942691 23
1745740410895 0.7204385408327918 24
1745740473652 0.7241353309632733 25
1745740536420 0.7096093937660606 26
1745740599223 0.7267092246048775 27
1745740661929 0.7265375585212819 28
1745740725055 0.7276407349127676 29
