1745738895119 0.5052219321148165 0
1745738957113 0.6745562130176944 1
1745739020583 0.7497835497834848 2
1745739084253 0.760669456066882 3
1745739147686 0.7927241962774286 4
1745739212229 0.757234726688042 5
1745739275483 0.7474020783372703 6
1745739338462 0.801553062985263 7
1745739402831 0.7691686844228596 8
1745739465419 0.7998274374460052 9
1745739528721 0.7522052927024256 10
1745739592217 0.761750405186324 11
1745739655272 0.7558420628524773 12
1745739718696 0.7733664185276449 13
1745739781504 0.7646566164153463 14
1745739844363 0.7599029911074567 15
1745739907721 0.783513738551142 16
1745739970462 0.7693561532191712 17
1745740033313 0.772089182493743 18
1745740096233 0.7716857610473999 19
1745740159131 0.7857142857142196 20
1745740221960 0.772539288668257 21
1745740284767 0.7578439259854579 22
1745740348121 0.7814845704753309 23
1745740410895 0.7782357790601172 24
1745740473652 0.7686017988552111 25
1745740536420 0.7719008264462172 26
1745740599223 0.7766749379651963 27
1745740661929 0.7779605263157254 28
1745740725055 0.7787828947367781 29
