1746610668288 2e-05 0
1746610756037 4e-05 1
1746610844178 6.000000000000001e-05 2
1746610931221 8e-05 3
1746611059919 8e-05 4
1746611190427 8e-05 5
1746611323014 8e-05 6
1746611438252 8e-05 7
1746611568297 8e-05 8
1746611697887 8e-05 9
1746611826574 8e-05 10
1746611955004 8e-05 11
1746612084575 8e-05 12
1746612235327 8e-05 13
1746612400312 8e-05 14
1746612560745 6.400000000000001e-05 15
1746612716270 6.400000000000001e-05 16
1746612872624 5.120000000000001e-05 17
1746613028254 5.120000000000001e-05 18
1746613181040 4.0960000000000014e-05 19
1746613334601 4.0960000000000014e-05 20
1746613487020 3.276800000000001e-05 21
1746613640546 3.276800000000001e-05 22
1746613792761 2.6214400000000008e-05 23
1746613949220 2.6214400000000008e-05 24
1746614111369 2.097152000000001e-05 25
1746614273148 2.097152000000001e-05 26
1746614434686 1.6777216000000006e-05 27
1746614588379 1.6777216000000006e-05 28
1746614744234 1.3421772800000009e-05 29
