1746610671060 0.0 0
1746610758675 0.0 1
1746610847170 0.0 2
1746610933890 0.03327935222664088 3
1746611062426 0.37879110264078836 4
1746611193569 0.5681754536633967 5
1746611326280 0.5949474700624809 6
1746611440723 0.6645308885629798 7
1746611571261 0.6453064110484861 8
1746611700371 0.6858794101103759 9
1746611829295 0.685713844882232 10
1746611957495 0.6907514752588384 11
1746612087190 0.7109436237268947 12
1746612240453 0.7206485349075635 13
1746612405426 0.7243761815554767 14
1746612565186 0.7072016758571922 15
1746612721080 0.7416136780791376 16
1746612877409 0.7268751577817891 17
1746613032748 0.7291883436317268 18
1746613185551 0.7246836027102241 19
1746613338965 0.7244345969924006 20
1746613491588 0.7355851233647465 21
1746613644706 0.7302827621011949 22
1746613797074 0.7294632890507847 23
1746613954044 0.7197609379330829 24
1746614116257 0.7314828476923515 25
1746614278378 0.7243441368311108 26
1746614439074 0.7280473731619552 27
1746614592707 0.731019077912517 28
1746614748952 0.7275790573200214 29
