1746779827672 0.0 0
1746779983395 0.637024369338674 1
1746780141817 0.7343283581590047 2
1746780298801 0.7968885047036641 3
1746780458127 0.7872881355432961 4
1746780617268 0.8177468464049492 5
1746780778815 0.8119843681653456 6
1746780938382 0.8151008150508318 7
1746781092486 0.8201127004267885 8
1746781251969 0.8062605752461913 9
1746781409851 0.7989734815582427 10
1746781571948 0.809952809902827 11
1746781729277 0.7952116288512725 12
1746781885470 0.7923269390660976 13
1746782036996 0.8172871201896504 14
1746782193715 0.8061354920676441 15
1746782354499 0.7972567509144451 16
1746782514104 0.8182984180774356 17
1746782672415 0.8073630136486564 18
1746782830933 0.8080376228658075 19
1746782986979 0.8058045240644227 20
1746783146689 0.817241379260343 21
1746783300207 0.8156996586531121 22
1746783454720 0.8171768706983557 23
1746783612233 0.8144067796110904 24
1746783771615 0.8135881103534599 25
1746783930662 0.8166737557986294 26
1746784081960 0.8212601799757375 27
1746784231847 0.8188841201216882 28
1746784379705 0.817636986251395 29
