1746779827672 0.0 0
1746779983395 0.4070300915537973 1
1746780141817 0.628223562686806 2
1746780298801 0.7406627662002637 3
1746780458127 0.7500008281311475 4
1746780617268 0.7747071063716867 5
1746780778815 0.7818617006172419 6
1746780938382 0.7925674197987014 7
1746781092486 0.7852068783640623 8
1746781251969 0.7810697992639408 9
1746781409851 0.763642585607024 10
1746781571948 0.7864807409354534 11
1746781729277 0.7722554064516595 12
1746781885470 0.7897382604238251 13
1746782036996 0.790418382735086 14
1746782193715 0.7819828218046136 15
1746782354499 0.7626305124603892 16
1746782514104 0.7830659813425058 17
1746782672415 0.7735095456064948 18
1746782830933 0.7737390525315075 19
1746782986979 0.7759152840157528 20
1746783146689 0.783103983513012 21
1746783300207 0.7855164822531635 22
1746783454720 0.7945599172083947 23
1746783612233 0.7941689592067791 24
1746783771615 0.7938516919055145 25
1746783930662 0.7954094416842019 26
1746784081960 0.7910556903167661 27
1746784231847 0.7896878945066927 28
1746784379705 0.7897992325692739 29
