1746656985393 0.0 0
1746657110768 0.001201923076922138 1
1746657237785 0.20433080783366425 2
1746657365059 0.4205023376409571 3
1746657491902 0.5002470064119613 4
1746657618383 0.5611884794147258 5
1746657745657 0.580298151681264 6
1746657872135 0.6636586601685577 7
1746657998991 0.6860224780948084 8
1746658125961 0.6562624767574025 9
1746658251935 0.654666122425681 10
1746658348971 0.695145197531531 11
1746658475569 0.7142777587901776 12
1746658602810 0.7002791457556261 13
1746658728851 0.6949477524019325 14
1746658855334 0.6875429403367153 15
1746658981996 0.6980121501512196 16
1746659109080 0.7070236629518803 17
1746659236142 0.6813189716312628 18
1746659363294 0.6892633022456417 19
1746659490239 0.6787642775286117 20
1746659617215 0.6956634020795449 21
1746659743259 0.6718983788064381 22
1746659869592 0.6896246957290723 23
1746659995993 0.6757492751391463 24
1746660121644 0.671907411724536 25
1746660247906 0.6863068450335772 26
1746660373571 0.6766736123101894 27
1746660499022 0.673536059402707 28
1746660625101 0.668294040590455 29
