1746628806188 0.6883642609630313 0
1746629009549 0.2294174995349378 1
1746629213693 0.1802394946618956 2
1746629416038 0.15222613855588193 3
1746629618492 0.11707170931052188 4
1746629820724 0.09571541199574665 5
1746630023019 0.07581376132308221 6
1746630225431 0.060080716044318916 7
1746630427736 0.049271657986908544 8
1746630630122 0.04205336988124312 9
1746630832402 0.05762835244211007 10
1746631035604 0.03905090416914651 11
1746631239151 0.029964611941606413 12
1746631441830 0.025078023213665097 13
1746631644657 0.43775783466859436 14
1746631846892 1.164258444795803 15
1746632049149 1.1619639804168624 16
1746632251389 1.1626997638721854 17
1746632454573 1.1597714600514393 18
1746632656847 1.1595134029583054 19
1746632860530 1.1598298823346898 20
1746633063689 1.1593362123382336 21
1746633265835 1.1588513133477192 22
1746633468278 1.158556873092846 23
1746633670446 1.1586172690196914 24
1746633873492 1.1584457079974972 25
1746634075184 1.158600748801718 26
1746634276744 1.158112722391985 27
1746634477620 1.1582931158493976 28
1746634678710 1.1576597836552833 29
