1746628808464 0.6189207663405033 0
1746629011919 0.7431290296520859 1
1746629215861 0.7043611407307259 2
1746629418452 0.7704937203940078 3
1746629620659 0.72485573712186 4
1746629822907 0.709853743403655 5
1746630025184 0.731773851377754 6
1746630227684 0.7237937377949926 7
1746630429907 0.7251593370081661 8
1746630632416 0.723096161738517 9
1746630834882 0.7405149126228582 10
1746631037946 0.7507146332842557 11
1746631241503 0.7292064130712467 12
1746631444204 0.7551788235507305 13
1746631646896 0.0 14
1746631849097 0.0 15
1746632051414 0.0 16
1746632254537 0.0 17
1746632456706 0.0 18
1746632659649 0.0 19
1746632862714 0.0 20
1746633065831 0.0 21
1746633268226 0.0 22
1746633470414 0.0 23
1746633673434 0.0 24
1746633875654 0.0 25
1746634077541 0.0 26
1746634278935 0.0 27
1746634480035 0.0 28
1746634680876 0.0 29
