1746628808464 0.7627573858549004 0
1746629011919 0.8316920322291108 1
1746629215861 0.794091316024996 2
1746629418452 0.8254252461950917 3
1746629620659 0.7529095792300131 4
1746629822907 0.7600716204117492 5
1746630025184 0.7699194270366365 6
1746630227684 0.7520143240822961 7
1746630429907 0.7645478961503344 8
1746630632416 0.7609668755594663 9
1746630834882 0.7833482542523917 10
1746631037946 0.7896150402864109 11
1746631241503 0.7663384064457684 12
1746631444204 0.79588182632043 13
1746631646896 0.0 14
1746631849097 0.0 15
1746632051414 0.0 16
1746632254537 0.0 17
1746632456706 0.0 18
1746632659649 0.0 19
1746632862714 0.0 20
1746633065831 0.0 21
1746633268226 0.0 22
1746633470414 0.0 23
1746633673434 0.0 24
1746633875654 0.0 25
1746634077541 0.0 26
1746634278935 0.0 27
1746634480035 0.0 28
1746634680876 0.0 29
