1746780223190 2e-05 0
1746780473452 4e-05 1
1746780724184 6.000000000000001e-05 2
1746780975018 8e-05 3
1746781224911 8e-05 4
1746781471287 8e-05 5
1746781717730 8e-05 6
1746781964638 8e-05 7
1746782215090 8e-05 8
1746782464031 8e-05 9
1746782715883 8e-05 10
1746782966093 8e-05 11
1746783204889 8e-05 12
1746783438298 8e-05 13
1746783687076 8e-05 14
1746783938506 6.400000000000001e-05 15
1746784180252 6.400000000000001e-05 16
1746784421468 5.120000000000001e-05 17
1746784663202 5.120000000000001e-05 18
1746784910546 4.0960000000000014e-05 19
1746785154523 4.0960000000000014e-05 20
1746785401540 3.276800000000001e-05 21
1746785631733 3.276800000000001e-05 22
1746785862453 2.6214400000000008e-05 23
1746786092913 2.6214400000000008e-05 24
1746786339017 2.097152000000001e-05 25
1746786593930 2.097152000000001e-05 26
1746786834579 1.6777216000000006e-05 27
1746787083394 1.6777216000000006e-05 28
1746787341551 1.3421772800000009e-05 29
