1746780223190 358.6271191032565 0
1746780473452 119.64304670995595 1
1746780724184 78.59823343705158 2
1746780975018 56.28609347830013 3
1746781224911 45.77847766876221 4
1746781471287 36.939204877736614 5
1746781717730 29.50182040856809 6
1746781964638 24.442791403556356 7
1746782215090 21.270262601424236 8
1746782464031 16.9381725934087 9
1746782715883 14.738403106222348 10
1746782966093 14.512649137146619 11
1746783204889 12.776106211603905 12
1746783438298 10.737587957966085 13
1746783687076 10.576013195271395 14
1746783938506 7.481952784012775 15
1746784180252 6.332358438141492 16
1746784421468 6.43398037005444 17
1746784663202 4.473671183294179 18
1746784910546 3.4516531253347593 19
1746785154523 3.0875465261692905 20
1746785401540 2.0471389524790706 21
1746785631733 1.8264619574254872 22
1746785862453 1.6440652170959784 23
1746786092913 1.3137354412857367 24
1746786339017 1.1562823093667323 25
1746786593930 1.115838198029265 26
1746786834579 0.9435697550676307 27
1746787083394 0.880998428074681 28
1746787341551 0.875833550886232 29
