1746780227571 0.5116713351507914 0
1746780476911 0.7315682280562518 1
1746780727730 0.779143704909803 2
1746780978091 0.7937314696662993 3
1746781227914 0.7822816547767328 4
1746781474274 0.7921371810459252 5
1746781721109 0.7916142557153333 6
1746781967587 0.8060215053263513 7
1746782220872 0.7998281786441708 8
1746782468385 0.8185395714409915 9
1746782720043 0.8034115138093186 10
1746782971935 0.7772670287842551 11
1746783208924 0.7994880545575503 12
1746783440974 0.7861471860971723 13
1746783692985 0.8036253775934994 14
1746783942707 0.8060085836410027 15
1746784183200 0.7913117546348886 16
1746784425479 0.8036097979732166 17
1746784668000 0.8090869374772628 18
1746784913716 0.8011970927247223 19
1746785158749 0.8038029385843896 20
1746785404652 0.8053402238948775 21
1746785634403 0.809952809902827 22
1746785865148 0.8039638086531461 23
1746786095792 0.8049828178194282 24
1746786343325 0.8096468561084862 25
1746786597511 0.8094827585706885 26
1746786838505 0.8077419354338782 27
1746787086786 0.8046371832905035 28
1746787345242 0.8070175438096772 29
