1746780227571 0.24540848680559552 0
1746780476911 0.6004461985436488 1
1746780727730 0.7242351566538827 2
1746780978091 0.7710023361154165 3
1746781227914 0.7734318609632194 4
1746781474274 0.7964587429080532 5
1746781721109 0.789168069503284 6
1746781967587 0.7703014039411743 7
1746782220872 0.7667338921245009 8
1746782468385 0.7760575080366388 9
1746782720043 0.7899562987637775 10
1746782971935 0.7724293841322093 11
1746783208924 0.7767698606494162 12
1746783440974 0.7445630639163674 13
1746783692985 0.759380365077681 14
1746783942707 0.7789236592626927 15
1746784183200 0.7440915742449874 16
1746784425479 0.7602910693191149 17
1746784668000 0.7540864734209525 18
1746784913716 0.7708113280584856 19
1746785158749 0.7599571197097063 20
1746785404652 0.7664539146858252 21
1746785634403 0.7762451564975053 22
1746785865148 0.7655738900747371 23
1746786095792 0.7681444297234586 24
1746786343325 0.77783856215516 25
1746786597511 0.7718177931081788 26
1746786838505 0.7689784542017379 27
1746787086786 0.7686124440442007 28
1746787345242 0.7747433735719734 29
