1746193628615 0.0 0
1746193715193 0.0 1
1746193772159 0.0015423173310577386 2
1746193827588 0.0639631290561115 3
1746193929466 0.4154914650269641 4
1746194093060 0.6176821782908122 5
1746194212788 0.6857062737068296 6
1746194340602 0.705157864679353 7
1746194439032 0.6957844060089505 8
1746194537669 0.7199256500846055 9
1746194691657 0.6897374572734124 10
1746194790617 0.6922329478249918 11
1746194888271 0.7096894058346839 12
1746194987830 0.704989863810574 13
1746195086643 0.6877611062712018 14
1746195201353 0.7052732091538048 15
1746195303031 0.6899948928385127 16
1746195400772 0.728402149174829 17
1746195514063 0.7075454812875518 18
1746195611483 0.7129453436730668 19
1746195708232 0.710269924378387 20
1746195805332 0.7024103436329778 21
1746195902407 0.7170415379058237 22
1746195999929 0.7211212419734738 23
1746196098093 0.7272613467444384 24
1746196196617 0.7079116929097312 25
1746196295832 0.7095255757701283 26
1746196394139 0.7113192532178447 27
1746196492569 0.7159436370166088 28
1746196591029 0.7109840358485862 29
