1746193628615 0.0 0
1746193715193 0.0 1
1746193772159 0.199999999999 2
1746193827588 0.5098039215684276 3
1746193929466 0.7182425978986897 4
1746194093060 0.7362903225805858 5
1746194212788 0.74999999999994 6
1746194340602 0.7743589743589081 7
1746194439032 0.7540584415583803 8
1746194537669 0.7634408602149906 9
1746194691657 0.7518610421835606 10
1746194790617 0.7556818181817568 11
1746194888271 0.7774030354130879 12
1746194987830 0.7587612061939072 13
1746195086643 0.7359238699444302 14
1746195201353 0.7538213998390383 15
1746195303031 0.752419354838649 16
1746195400772 0.7881355932202722 17
1746195514063 0.7710743801652254 18
1746195611483 0.7703150912105498 19
1746195708232 0.7580906148866701 20
1746195805332 0.7548543689319778 21
1746195902407 0.7711442786069012 22
1746195999929 0.7689110556940342 23
1746196098093 0.7655228758169309 24
1746196196617 0.7544426494345109 25
1746196295832 0.7508064516128427 26
1746196394139 0.7615947925141773 27
1746196492569 0.7630293159608499 28
1746196591029 0.7591240875911793 29
