1745750916498 0.3949874686223572 0
1745750978072 0.6366782006420433 1
1745751039993 0.7367088607095961 2
1745751101676 0.7634363097257932 3
1745751163511 0.7970253717784774 4
1745751226173 0.7896995707654676 5
1745751288695 0.7669862442186178 6
1745751350547 0.7892720306013936 7
1745751412061 0.7853803654409238 8
1745751473754 0.7838858581121104 9
1745751536069 0.7883710987101873 10
1745751597489 0.8005237886885032 11
1745751660276 0.8005203815631622 12
1745751722186 0.7996611604752781 13
1745751783844 0.7915433403306361 14
1745751845292 0.7971076137314257 15
1745751907489 0.8035943516830193 16
1745751970047 0.7945670627684027 17
1745752031728 0.7959270258304251 18
1745752093163 0.8070325900014771 19
