1745750916498 0.44874715261953885 0
1745750978072 0.6158995815899065 1
1745751039993 0.6967278531523785 2
1745751101676 0.7239165329052388 3
1745751163511 0.7792985457655449 4
1745751226173 0.7584501236602837 5
1745751288695 0.7176287051481499 6
1745751350547 0.7524350649350038 7
1745751412061 0.7475728155339201 8
1745751473754 0.7377567140599733 9
1745751536069 0.7545008183305438 10
1745751597489 0.7810902896081106 11
1745751660276 0.7762825904120457 12
1745751722186 0.7588424437298426 13
1745751783844 0.7499999999999398 14
1745751845292 0.7593192868718995 15
1745751907489 0.7696721311474779 16
1745751970047 0.7554479418885589 17
1745752031728 0.7564516129031648 18
1745752093163 0.7744855967077552 19
