1745750916498 0.35273052820050554 0
1745750978072 0.6589077887197261 1
1745751039993 0.7815577439569578 2
1745751101676 0.8075201432407513 3
1745751163511 0.8155774395702045 4
1745751226173 0.8236347358996576 5
1745751288695 0.8236347358996576 6
1745751350547 0.8299015219336768 7
1745751412061 0.8272157564905257 8
1745751473754 0.8361683079676959 9
1745751536069 0.8254252461950917 10
1745751597489 0.8209489704565066 11
1745751660276 0.8263205013428088 12
1745751722186 0.8451208594448661 13
1745751783844 0.83795881826313 14
1745751845292 0.838854073410847 15
1745751907489 0.840644583706281 16
1745751970047 0.83795881826313 17
1745752031728 0.839749328558564 18
1745752093163 0.842435094001715 19
