1746193703965 699.0495343889509 0
1746193814014 325.1366058661013 1
1746193923427 263.1057944784359 2
1746194036149 209.9431317387795 3
1746194286169 123.31006863652443 4
1746194537995 74.92874285639549 5
1746194870254 56.794620805857136 6
1746195121091 43.50046833194032 7
1746195450886 34.550945963178364 8
1746195782438 27.44007429784658 9
1746196032876 21.93447748495608 10
1746196283620 18.59829228264945 11
1746196537546 16.648076777555506 12
1746196789677 13.107908414334666 13
1746197040965 11.380091326577324 14
1746197288505 8.210828839516154 15
1746197539635 6.043044973392876 16
1746197791862 4.551957072043906 17
1746198042954 4.470382456876794 18
1746198294661 3.4411388368022684 19
1746198546964 2.6410166949641947 20
1746198798012 2.4179070470284443 21
