1746193707741 0.0 0
1746193817404 0.0 1
1746193926899 0.09233060309932076 2
1746194039582 0.329334787302397 3
1746194290815 0.665521683075831 4
1746194541925 0.7454786060372848 5
1746194873817 0.7591733445304487 6
1746195124530 0.7735191637130353 7
1746195454924 0.79057815840827 8
1746195786419 0.8050151318133697 9
1746196036504 0.7962003453731373 10
1746196287095 0.8055676380534931 11
1746196541392 0.79999999994995 12
1746196793184 0.8039552879981604 13
1746197044481 0.8018707482493773 14
1746197292360 0.7929441410673016 15
1746197543286 0.8091934084495449 16
1746197795767 0.8024054982317995 17
1746198046359 0.8013698629637254 18
1746198298771 0.8084922009898425 19
1746198551140 0.7958745164949189 20
1746198801944 0.7962328766623558 21
