1745747018443 0.11755477017420894 0
1745747079076 0.40518965298770343 1
1745747140584 0.5505704774476897 2
1745747202247 0.6708530180197803 3
1745747263970 0.688354802185721 4
1745747325340 0.6814525036586497 5
1745747385832 0.6730470512677945 6
1745747446439 0.699764763639464 7
1745747507549 0.7267461840683633 8
1745747569133 0.7053728133669511 9
1745747630274 0.6976930714677092 10
1745747690841 0.7090925572811463 11
1745747751494 0.7161934058972115 12
1745747811793 0.705852686413202 13
1745747872100 0.705899986431436 14
