1745747018443 0.10417385495190554 0
1745747079076 0.38137227603345103 1
1745747140584 0.5025591038165309 2
1745747202247 0.6708019543268174 3
1745747263970 0.6805593102060078 4
1745747325340 0.673919115508014 5
1745747385832 0.6348318820545918 6
1745747446439 0.6694864210728623 7
1745747507549 0.7037612552148826 8
1745747569133 0.6789065711001666 9
1745747630274 0.6667010301020357 10
1745747690841 0.6812187378488741 11
1745747751494 0.6863665242194867 12
1745747811793 0.6679893133320844 13
1745747872100 0.6818547227322462 14
