1745747018443 0.3536257833482226 0
1745747079076 0.649059982094839 1
1745747140584 0.7690241718889195 2
1745747202247 0.79588182632043 3
1745747263970 0.8164726947179215 4
1745747325340 0.8281110116382427 5
1745747385832 0.8263205013428088 6
1745747446439 0.8316920322291108 7
1745747507549 0.842435094001715 8
1745747569133 0.837063563115413 9
1745747630274 0.842435094001715 10
1745747690841 0.838854073410847 11
1745747751494 0.8469113697403001 12
1745747811793 0.8433303491494321 13
1745747872100 0.8299015219336768 14
