1746610638319 745.6396166743065 0
1746610785350 346.9021883594746 1
1746610938728 283.455819266183 2
1746611096106 220.63427002575932 3
1746611388404 115.89934578720404 4
1746611678399 71.79935910750409 5
1746611970100 53.47840449274803 6
1746612257745 41.09579644884382 7
1746612550275 32.38832419259207 8
1746612837493 24.634328365325928 9
1746613125875 21.288281323958415 10
1746613412631 18.384503179666947 11
1746613700920 17.959177182645213 12
1746613989305 15.754971046837008 13
1746614278182 11.517897236103915 14
1746614567046 7.912054237054319 15
1746614856045 6.402103543281555 16
1746615140129 5.300795769204899 17
1746615421330 3.753833366900074 18
1746615700609 3.4257912197891547 19
1746615981328 2.8027357094141903 20
1746616261695 2.490816411923389 21
1746616545984 2.081629922195357 22
1746616832012 1.7349994474527788 23
1746617120828 1.4332944325038366 24
1746617409374 1.40137395080255 25
1746617698528 1.2096905306893952 26
1746617986298 1.150265440648916 27
1746618275916 1.0354188869194108 28
1746618563782 0.9754940551154467 29
