1746610638319 2e-05 0
1746610785350 4e-05 1
1746610938728 6.000000000000001e-05 2
1746611096106 8e-05 3
1746611388404 8e-05 4
1746611678399 8e-05 5
1746611970100 8e-05 6
1746612257745 8e-05 7
1746612550275 8e-05 8
1746612837493 8e-05 9
1746613125875 8e-05 10
1746613412631 8e-05 11
1746613700920 8e-05 12
1746613989305 8e-05 13
1746614278182 8e-05 14
1746614567046 6.400000000000001e-05 15
1746614856045 6.400000000000001e-05 16
1746615140129 5.120000000000001e-05 17
1746615421330 5.120000000000001e-05 18
1746615700609 4.0960000000000014e-05 19
1746615981328 4.0960000000000014e-05 20
1746616261695 3.276800000000001e-05 21
1746616545984 3.276800000000001e-05 22
1746616832012 2.6214400000000008e-05 23
1746617120828 2.6214400000000008e-05 24
1746617409374 2.097152000000001e-05 25
1746617698528 2.097152000000001e-05 26
1746617986298 1.6777216000000006e-05 27
1746618275916 1.6777216000000006e-05 28
1746618563782 1.3421772800000009e-05 29
