1745574924933 0.31789535574678945 0
1745575052467 0.5133114411535934 1
1745575255917 0.6256699822890499 2
1745575436423 0.6086815078336317 3
1745575662378 0.6533983135948677 4
1745575847204 0.6805246827683118 5
1745576138224 0.728511539952617 6
1745576206653 0.6851028483273948 7
1745576504702 0.678866919787991 8
1745576574104 0.6721216428382631 9
1745576642851 0.6421262646891328 10
1745576713107 0.6904938610375594 11
1745576782584 0.6920221670315592 12
1745576852901 0.6725752090886433 13
1745576921805 0.6782964814046438 14
1745576996571 0.6740765790831765 15
1745577065207 0.6824072057235261 16
1745577406600 0.6695879546880236 17
1745577617737 0.6630020417854692 18
1745577751382 0.6703218757449491 19
1745577824187 0.6813902398149781 20
1745577898768 0.676749951003655 21
1745578263046 0.665540042547721 22
