1746474488688 0.7071161614976191 0
1746480676668 0.7287166704465234 1
1746486872951 0.7021654833208605 2
1746493102003 0.7002542326130976 3
1746499337052 0.6888254298811112 4
1746505523321 0.6689447505587771 5
1746523019255 0.6706442872037016 6
1746523062965 0.6754997047099167 6
1746529336598 0.6632066767701875 7
1746529397677 0.6730017452488983 7
1746535664710 0.6444792049423401 8
1746535727973 0.648833082727474 8
1746542003395 0.687674417585082 9
1746542054997 0.67964160134729 9
1746548384083 0.669415750023914 10
1746548396668 0.6707747213324186 10
1746554309403 0.6926374000965206 11
1746554315097 0.673096836399274 11
