1746474488688 0.7460317459822562 0
1746480676668 0.7587548637639708 1
1746486872951 0.7611336031891557 2
1746493102003 0.7471698112719147 3
1746499337052 0.7352380951891258 4
1746505523321 0.7338403041335669 5
1746523019255 0.714542190257156 6
1746523062965 0.7217235188029345 6
1746529336598 0.7441860464624241 7
1746529397677 0.755905511761622 7
1746535664710 0.7339805824750473 8
1746535727973 0.7460937499506973 8
1746542003395 0.75623800378969 9
1746542054997 0.749999999950895 9
1746548384083 0.7456310679119359 10
1746548396668 0.7440944881395795 10
1746554309403 0.7490039840142093 11
1746554315097 0.7394636014835176 11
