1745581098637 2e-05 0
1745581540344 2e-05 1
1745581993072 2e-05 2
1745582453886 8e-05 3
1745582914075 8e-05 4
1745583370592 8e-05 5
1745583758611 8e-05 6
1745584094734 8e-05 7
1745584426883 8e-05 8
1745584759898 8e-05 9
1745585090935 8e-05 10
1745585423139 8e-05 11
1745585752643 8e-05 12
1745586084968 8e-05 13
1745586417610 8e-05 14
1745586527274 6.400000000000001e-05 15
1745586596954 6.400000000000001e-05 16
1745586667257 5.120000000000001e-05 17
1745586738261 5.120000000000001e-05 18
1745586808753 4.0960000000000014e-05 19
1745586878568 4.0960000000000014e-05 20
1745586947922 3.276800000000001e-05 21
1745587018172 3.276800000000001e-05 22
1745587087782 2.6214400000000008e-05 23
1745587157144 2.6214400000000008e-05 24
1745587227522 2.097152000000001e-05 25
1745587296912 2.097152000000001e-05 26
1745587366251 1.6777216000000006e-05 27
1745587436612 1.6777216000000006e-05 28
1745587506434 1.3421772800000009e-05 29
