1745581476449 0.4541547277936312 0
1745581928997 0.6641914191418594 1
1745582389303 0.7088091353996159 2
1745582849318 0.7199687987518939 3
1745583302993 0.7396257119608837 4
1745583694497 0.7540849673201998 5
1745584029840 0.7604251839737727 6
1745584363175 0.7314017227877265 7
1745584695481 0.7730318257955802 8
1745585027340 0.7361222847947919 9
1745585359423 0.7632687447345607 10
1745585688635 0.745655608214791 11
1745586020621 0.800696257615248 12
1745586353237 0.7692946058090647 13
1745586463079 0.7710638297871684 14
1745586532977 0.7685881370091254 15
1745586603215 0.7620211898939884 16
1745586673639 0.767326732673204 17
1745586744269 0.7711934156377965 18
1745586814377 0.76609616951909 19
1745586884538 0.7863175675675012 20
1745586954286 0.7869269949065546 21
1745587023544 0.7652892561982838 22
1745587093141 0.7872881355931536 23
1745587163136 0.7726141078837533 24
1745587233241 0.7818336162987451 25
1745587302737 0.7827903091060332 26
1745587371836 0.7674037674037045 27
1745587442749 0.7905004240881432 28
1745587512673 0.7792642140467576 29
