1745581476449 0.28379588182629506 0
1745581928997 0.7206803939122004 1
1745582389303 0.7779767233660897 2
1745582849318 0.8263205013428088 3
1745583302993 0.8137869292747705 4
1745583694497 0.8263205013428088 5
1745584029840 0.8325872873768279 6
1745584363175 0.8361683079676959 7
1745584695481 0.8263205013428088 8
1745585027340 0.8191584601610725 9
1745585359423 0.8111011638316193 10
1745585688635 0.8451208594448661 11
1745586020621 0.8236347358996576 12
1745586353237 0.8299015219336768 13
1745586463079 0.8111011638316193 14
1745586532977 0.8236347358996576 15
1745586603215 0.837063563115413 16
1745586673639 0.8325872873768279 17
1745586744269 0.838854073410847 18
1745586814377 0.8415398388539981 19
1745586884538 0.8334825425245449 20
1745586954286 0.8299015219336768 21
1745587023544 0.8290062667859598 22
1745587093141 0.8316920322291108 23
1745587163136 0.8334825425245449 24
1745587233241 0.8245299910473747 25
1745587302737 0.838854073410847 26
1745587371836 0.838854073410847 27
1745587442749 0.8343777976722618 28
1745587512673 0.8343777976722618 29
