1745738891468 0.3213965980304099 0
1745738953173 0.7027752909578601 1
1745739015649 0.7743957027752216 2
1745739078596 0.8119964189793364 3
1745739142577 0.8218442256042237 4
1745739206256 0.838854073410847 5
1745739268975 0.8415398388539981 6
1745739331933 0.8245299910473747 7
1745739394405 0.8567591763651874 8
1745739457706 0.8513876454788852 9
1745739520090 0.8478066248880172 10
1745739582603 0.8325872873768279 11
1745739645311 0.842435094001715 12
1745739707775 0.8415398388539981 13
1745739770158 0.8066248880930343 14
1745739832516 0.839749328558564 15
1745739894776 0.8433303491494321 16
1745739957081 0.8325872873768279 17
1745740019731 0.8316920322291108 18
1745740082255 0.838854073410847 19
1745740145000 0.8442256042971491 20
1745740207750 0.842435094001715 21
1745740271370 0.8361683079676959 22
1745740334040 0.838854073410847 23
1745740396681 0.8415398388539981 24
1745740459300 0.842435094001715 25
1745740522000 0.8343777976722618 26
1745740584728 0.8334825425245449 27
1745740648167 0.839749328558564 28
1745740710359 0.838854073410847 29
