1746650920022 0.3945233265719681 0
1746650985296 0.7461350691618596 1
1746651051019 0.7780590717298921 2
1746651117118 0.7088703563304997 3
1746651182539 0.7508090614886124 4
1746651248073 0.806797853309409 5
1746651314053 0.7863105175291497 6
1746651379972 0.7490134175216456 7
1746651445270 0.7490071485305203 8
1746651510843 0.7808333333332682 9
1746651576357 0.7673060884069418 10
1746651642369 0.7614379084966698 11
1746651707603 0.7426294820716539 12
1746651772841 0.7585089141004248 13
1746651838135 0.7419100236779209 14
1746651904057 0.7836257309940865 15
1746651970872 0.7767558528427444 16
1746652038179 0.7683333333332693 17
1746652103351 0.7591836734693258 18
1746652168529 0.761827079934685 19
1746652234244 0.7701244813277369 20
1746652299772 0.7694859038141982 21
1746652365210 0.7614754098360031 22
1746652430489 0.7593192868718995 23
1746652495757 0.7580906148866701 24
1746652560994 0.7701149425286724 25
1746652626158 0.7582594681707688 26
1746652691394 0.7600657354148923 27
1746652756705 0.754655870445283 28
1746652822038 0.7567346938774893 29
