1746650920022 0.11020507902806058 0
1746650985296 0.5830974317051231 1
1746651051019 0.6779811885289392 2
1746651117118 0.6434593649846979 3
1746651182539 0.7048559532680664 4
1746651248073 0.7304520662297279 5
1746651314053 0.7023984319304138 6
1746651379972 0.6515430719840875 7
1746651445270 0.6656381408145748 8
1746651510843 0.6910253271096303 9
1746651576357 0.705644911925842 10
1746651642369 0.6948846313529923 11
1746651707603 0.6722235737611363 12
1746651772841 0.6721234687848968 13
1746651838135 0.6815462266014303 14
1746651904057 0.7132160408610901 15
1746651970872 0.6956450082988705 16
1746652038179 0.7040162607109597 17
1746652103351 0.696414217713348 18
1746652168529 0.6890883901063035 19
1746652234244 0.6896964137615575 20
1746652299772 0.6977059690843519 21
1746652365210 0.6826505257071348 22
1746652430489 0.6902394397850563 23
1746652495757 0.6695261769900305 24
1746652560994 0.6965818727415335 25
1746652626158 0.68915854452902 26
1746652691394 0.6765023258846501 27
1746652756705 0.6824792473024596 28
1746652822038 0.6796688395767906 29
