1746650920022 0.14226628113542295 0
1746650985296 0.6972336918353444 1
1746651051019 0.7119506083587542 2
1746651117118 0.7441419254970175 3
1746651182539 0.7760456145368687 4
1746651248073 0.7440204502059754 5
1746651314053 0.7848295036140096 6
1746651379972 0.7923214052530271 7
1746651445270 0.7910688660337358 8
1746651510843 0.7553756848255667 9
1746651576357 0.7666951843134397 10
1746651642369 0.7716703048182829 11
1746651707603 0.7654870089141584 12
1746651772841 0.7736496235670105 13
1746651838135 0.7789869138904721 14
1746651904057 0.7821911595369516 15
1746651970872 0.7683372420308905 16
1746652038179 0.7650288576295069 17
1746652103351 0.7703356135675369 18
1746652168529 0.7723036274645904 19
1746652234244 0.7693223734200578 20
1746652299772 0.7647833817548736 21
1746652365210 0.7662597362140185 22
1746652430489 0.7695803478536583 23
1746652495757 0.7679360010756913 24
1746652560994 0.7737314075298669 25
1746652626158 0.7743818872366732 26
1746652691394 0.7529487836877694 27
1746652756705 0.767613261446566 28
1746652822038 0.7559504239533664 29
