1746650920022 0.3482542524619205 0
1746650985296 0.8209489704565066 1
1746651051019 0.8254252461950917 2
1746651117118 0.837063563115413 3
1746651182539 0.8307967770813938 4
1746651248073 0.8075201432407513 5
1746651314053 0.8433303491494321 6
1746651379972 0.8495971351834513 7
1746651445270 0.8442256042971491 8
1746651510843 0.838854073410847 9
1746651576357 0.8236347358996576 10
1746651642369 0.8343777976722618 11
1746651707603 0.8343777976722618 12
1746651772841 0.83795881826313 13
1746651838135 0.8415398388539981 14
1746651904057 0.839749328558564 15
1746651970872 0.8316920322291108 16
1746652038179 0.8254252461950917 17
1746652103351 0.8325872873768279 18
1746652168529 0.8361683079676959 19
1746652234244 0.8307967770813938 20
1746652299772 0.8307967770813938 21
1746652365210 0.8316920322291108 22
1746652430489 0.838854073410847 23
1746652495757 0.838854073410847 24
1746652560994 0.839749328558564 25
1746652626158 0.842435094001715 26
1746652691394 0.8281110116382427 27
1746652756705 0.8343777976722618 28
1746652822038 0.8299015219336768 29
