1745738773091 0.12862817335720628 0
1745738838696 0.4741651276703505 1
1745738905172 0.5823766350686196 2
1745738971054 0.6176056934695183 3
1745739037047 0.658960393216274 4
1745739103460 0.6585080278959048 5
1745739169246 0.6463693427375603 6
1745739236200 0.6687816250891481 7
1745739303857 0.6750908745722077 8
1745739370940 0.6554391782477418 9
1745739436872 0.6598938800695318 10
1745739503242 0.6554120768425454 11
1745739570065 0.6718289912263564 12
1745739635753 0.6623845824497555 13
1745739701388 0.6562011186559512 14
1745739767316 0.6571570433906031 15
1745739832899 0.6650921986201799 16
1745739898459 0.6732641168120043 17
1745739964150 0.6783633673032482 18
1745740030678 0.6706379579066838 19
1745740095815 0.6663004018360597 20
1745740160548 0.6660302660061623 21
1745740225873 0.6721062193927335 22
1745740291189 0.6735833642202939 23
1745740356303 0.6756440382186985 24
1745740421588 0.6705031112312698 25
1745740487371 0.6603227908971221 26
1745740552546 0.6729581507925654 27
1745740617725 0.6707497513616271 28
1745740682950 0.6765183083858919 29
