1746610670925 0.0 0
1746610758748 0.0 1
1746610847133 0.001890001889015374 2
1746610936113 0.07248538694270984 3
1746611064855 0.45046910908980553 4
1746611194671 0.6050102812375792 5
1746611324944 0.6460109129192493 6
1746611453879 0.7161456144339907 7
1746611583604 0.6765386307266772 8
1746611711631 0.7155498386188752 9
1746611840051 0.7144593285176936 10
1746611969548 0.7146595240243185 11
1746612099425 0.7200487042823647 12
1746612251109 0.7425556944358951 13
1746612411901 0.7217298990516359 14
1746612570138 0.7196859928064296 15
1746612722826 0.717754896288449 16
1746612877095 0.7274000859081629 17
1746613029120 0.7169376925456288 18
1746613181909 0.7011779926298158 19
1746613332915 0.7178320646582813 20
1746613486057 0.7362094358603561 21
1746613638819 0.7228016592688058 22
1746613788263 0.7239001967081317 23
1746613942300 0.7090565368168862 24
1746614098310 0.7114806639560831 25
1746614255990 0.7214681527734523 26
1746614413809 0.7155860676732827 27
1746614562930 0.7178168530743922 28
1746614717230 0.7023456261231069 29
