1745738768080 0.3384064458370333 0
1745738833788 0.6624888093105942 1
1745738900172 0.7135183527304643 2
1745738965382 0.7287376902416536 3
1745739030231 0.7403760071619748 4
1745739095900 0.7502238137868621 5
1745739160922 0.7547000895254472 6
1745739225239 0.7538048343777302 7
1745739290581 0.7636526410026173 8
1745739354943 0.7564905998208812 9
1745739419018 0.749328558639145 10
1745739483156 0.748433303491428 11
1745739547318 0.748433303491428 12
1745739611459 0.745747538048277 13
1745739675588 0.7475380483437111 14
1745739740450 0.7520143240822961 15
1745739804538 0.7502238137868621 16
1745739868636 0.7421665174574089 17
1745739932725 0.7403760071619748 18
1745739996770 0.7555953446731642 19
1745740060811 0.7555953446731642 20
1745740124981 0.746642793195994 21
1745740189216 0.7547000895254472 22
1745740253302 0.7547000895254472 23
1745740317417 0.7421665174574089 24
1745740381521 0.7529095792300131 25
1745740445688 0.7538048343777302 26
1745740509801 0.7529095792300131 27
1745740573905 0.7529095792300131 28
1745740639377 0.7475380483437111 29
