1745701628968 0.900001408798354 0
1745701694049 0.37201861413765924 1
1745701759290 0.2476205021447065 2
1745701827185 0.1996242667795444 3
1745701893455 0.14440932166667617 4
1745701958980 0.11446453281203095 5
1745702024073 0.09171059286716032 6
1745702091448 0.07343612531466144 7
1745702156864 0.05878283446464611 8
1745702221194 0.049724310560494055 9
1745702287024 0.04064824382717512 10
1745702352289 0.03526723170082788 11
1745702416429 0.02932054190231221 12
1745702481212 0.0258087211915729 13
1745702545271 0.022008391752915114 14
1745702609365 0.017459724583111857 15
1745702673747 0.013883088487295471 16
1745702737799 0.01163382695189544 17
1745702802388 0.009780716008449696 18
1745702866906 0.00784222468524715 19
1745702931225 0.006790068713301907 20
1745702995308 0.006125138450071824 21
1745703059364 0.005511174940656186 22
1745703123485 0.004986672334334984 23
1745703187538 0.004809658351943505 24
1745703251608 0.004211406608359242 25
1745703315666 0.003759060859233521 26
1745703379723 0.0035583194563811532 27
1745703443808 0.0035997748134980853 28
1745703507962 0.0033027467885700873 29
