1745701630421 0.12066809716168378 0
1745701695653 0.4048507983017434 1
1745701761436 0.4922893484823466 2
1745701829475 0.5715192432923206 3
1745701894907 0.6249333545606219 4
1745701960430 0.5886417738997601 5
1745702027352 0.5836959553354146 6
1745702093189 0.6001448318589265 7
1745702158302 0.5959820089527723 8
1745702222763 0.6064484605943459 9
1745702288867 0.6127684893172894 10
1745702353743 0.6239764720517937 11
1745702417870 0.640747368337165 12
1745702482641 0.6304407847789458 13
1745702546718 0.617983908153299 14
1745702611097 0.6338809893191178 15
1745702675180 0.6042810483645243 16
1745702739762 0.6143588814810685 17
1745702803978 0.6165202638809912 18
1745702868598 0.6122282212660808 19
1745702932663 0.6218161451680598 20
1745702996745 0.6146974390826794 21
1745703060817 0.6124073354951193 22
1745703124914 0.6077958188066668 23
1745703188974 0.6220189560437307 24
1745703253035 0.6056529860682338 25
1745703317094 0.6034674426540795 26
1745703381176 0.6034453854801513 27
1745703445251 0.604716160188292 28
1745703509415 0.6189868343680384 29
