1745738899567 0.4062668827181692 0
1745738963292 0.7016478750584006 1
1745739027323 0.7678018575350785 2
1745739090210 0.7829525482803524 3
1745739154141 0.8005159070867247 4
1745739218853 0.8054841473364839 5
1745739284474 0.8134296642084523 6
1745739350406 0.8101157307687089 7
1745739413924 0.8143712574350592 8
1745739478133 0.8066866694742386 9
1745739541586 0.7962806423845769 10
1745739605055 0.8048359239569015 11
1745739668532 0.8198158701823035 12
1745739732881 0.8036020582690587 13
1745739796858 0.8103896103395943 14
1745739860295 0.8037383177070708 15
1745739923877 0.8119148935670738 16
1745739987517 0.8263679448013561 17
1745740051769 0.8314310798445901 18
1745740115971 0.8110874199926867 19
1745740179472 0.8228123639029481 20
1745740243235 0.8163090128255512 21
1745740306974 0.814751286399418 22
1745740370351 0.8171673819242636 23
1745740433708 0.8264462809417036 24
1745740496989 0.8198970839980455 25
1745740560344 0.8187285222867808 26
1745740623829 0.8245462402265659 27
1745740687230 0.8241379309844803 28
1745740750731 0.8165019337703793 29
