1745738899567 0.5122615803814016 0
1745738963292 0.6804037005886727 1
1745739027323 0.7587412587411924 2
1745739090210 0.7687661777393642 3
1745739154141 0.7700578990900935 4
1745739218853 0.7723911257189177 5
1745739284474 0.7742718446601315 6
1745739350406 0.7771381578946729 7
1745739413924 0.7796887796887157 8
1745739478133 0.7738486842104626 9
1745739541586 0.7542033626900917 10
1745739605055 0.7773144286905106 11
1745739668532 0.8032646048109275 12
1745739732881 0.7711934156377965 13
1745739796858 0.784576697401443 14
1745739860295 0.7647534357315469 15
1745739923877 0.7737226277371635 16
1745739987517 0.7965116279069105 17
1745740051769 0.8156761412574663 18
1745740115971 0.774429967426647 19
1745740179472 0.8008474576270508 20
1745740243235 0.784006595218402 21
1745740306974 0.7818930041151619 22
1745740370351 0.7848309975267284 23
1745740433708 0.8037225042300504 24
1745740496989 0.7868312757200998 25
1745740560344 0.786952931461537 26
1745740623829 0.7969924812029409 27
1745740687230 0.7946799667497261 28
1745740750731 0.7851239669420839 29
