1746610622509 0.0 0
1746610739295 0.0 1
1746610863931 0.0015308075001261394 2
1746610986257 0.06800536120915343 3
1746611243687 0.525544901475957 4
1746611504432 0.6257718437780532 5
1746611760879 0.6861092518925429 6
1746612003772 0.7129693400079755 7
1746612249427 0.708794935228709 8
1746612499399 0.7086146009119443 9
1746612752540 0.7262752868331683 10
1746613010966 0.7154820859739848 11
1746613266720 0.7250057771824513 12
1746613519746 0.7165911674240845 13
1746613777025 0.7183694662896632 14
1746614025685 0.718605997433581 15
1746614280523 0.7117443407328247 16
1746614534402 0.725710802002805 17
1746614795005 0.7102999789864006 18
1746615052854 0.7240934551991505 19
1746615306023 0.7226869822119699 20
1746615561475 0.7113197226591372 21
1746615814417 0.6976885827804244 22
1746616067690 0.7281478938145003 23
1746616321100 0.7265718430614267 24
1746616574538 0.721310782441447 25
1746616827876 0.727221810624444 26
1746617083298 0.7155493560006534 27
1746617339311 0.7229131029243944 28
1746617590395 0.7182720312094056 29
