1746610622509 0.0 0
1746610739295 0.0 1
1746610863931 0.0008118530545969037 2
1746610986257 0.05705804032047475 3
1746611243687 0.5739730978961178 4
1746611504432 0.7002268289860584 5
1746611760879 0.7444553424418499 6
1746612003772 0.7645702203626973 7
1746612249427 0.7766880150597392 8
1746612499399 0.7790326176635332 9
1746612752540 0.783396239794532 10
1746613010966 0.7964151469543069 11
1746613266720 0.788253109837043 12
1746613519746 0.7709860599634857 13
1746613777025 0.7765833453001334 14
1746614025685 0.7815932482920953 15
1746614280523 0.7669995944927851 16
1746614534402 0.7946975899418085 17
1746614795005 0.7805637028779182 18
1746615052854 0.7768919784352442 19
1746615306023 0.778477458656919 20
1746615561475 0.7794995340159167 21
1746615814417 0.7814619793544619 22
1746616067690 0.7817777898157259 23
1746616321100 0.7855158440964041 24
1746616574538 0.7831284087069432 25
1746616827876 0.7841455834462964 26
1746617083298 0.7799496543875174 27
1746617339311 0.7860665830941359 28
1746617590395 0.7820753860612683 29
