1746779587278 2e-05 0
1746779839294 4e-05 1
1746780095499 6.000000000000001e-05 2
1746780351935 8e-05 3
1746780605494 8e-05 4
1746780862487 8e-05 5
1746781117940 8e-05 6
1746781370480 8e-05 7
1746781626786 8e-05 8
1746781884419 8e-05 9
1746782138915 8e-05 10
1746782396749 8e-05 11
1746782653416 8e-05 12
1746782906315 8e-05 13
1746783166806 8e-05 14
1746783425409 6.400000000000001e-05 15
1746783683316 6.400000000000001e-05 16
1746783942315 5.120000000000001e-05 17
1746784195664 5.120000000000001e-05 18
1746784456371 4.0960000000000014e-05 19
1746784708630 4.0960000000000014e-05 20
1746784959118 3.276800000000001e-05 21
1746785212721 3.276800000000001e-05 22
1746785467023 2.6214400000000008e-05 23
1746785720300 2.6214400000000008e-05 24
1746785973419 2.097152000000001e-05 25
1746786226064 2.097152000000001e-05 26
1746786481181 1.6777216000000006e-05 27
1746786734741 1.6777216000000006e-05 28
1746786987739 1.3421772800000009e-05 29
