1746779590945 0.0 0
1746779842378 0.3760858456331298 1
1746780098782 0.6669428334216394 2
1746780355579 0.7264993619236901 3
1746780608855 0.7700950734158531 4
1746780866350 0.7943444729577358 5
1746781121661 0.7864202835769998 6
1746781374400 0.7993282955000839 7
1746781630425 0.802202456536269 8
1746781888295 0.781684382615888 9
1746782143053 0.796430089197829 10
1746782400399 0.8088426527458187 11
1746782656746 0.7993094518274227 12
1746782909716 0.8162208800190202 13
1746783171158 0.785866326046264 14
1746783429147 0.8025641025141366 15
1746783688362 0.794999999950173 16
1746783946202 0.8109729960923264 17
1746784200248 0.8016985137504885 18
1746784459990 0.7996597192184521 19
1746784712941 0.8059829059329396 20
1746784963229 0.8091993185190437 21
1746785217039 0.8132245598469647 22
1746785470653 0.8130360205332091 23
1746785723970 0.808729139873006 24
1746785977330 0.8074957410062672 25
1746786229681 0.8144640550511654 26
1746786484786 0.8136619108881634 27
1746786737740 0.8148148147648164 28
1746786991366 0.8084192439362664 29
