1746779590945 0.0 0
1746779842378 0.09625447247613383 1
1746780098782 0.3703281556912558 2
1746780355579 0.4495095784407287 3
1746780608855 0.5499518125843529 4
1746780866350 0.659989765325261 5
1746781121661 0.6169370775661415 6
1746781374400 0.6659430231911023 7
1746781630425 0.6647411384420477 8
1746781888295 0.6468584209371754 9
1746782143053 0.6631618715605925 10
1746782400399 0.7247046131114717 11
1746782656746 0.7138105632839427 12
1746782909716 0.7285191153464421 13
1746783171158 0.6928643357578669 14
1746783429147 0.6746686092059586 15
1746783688362 0.6569674887554577 16
1746783946202 0.7332346831433949 17
1746784200248 0.696505981592452 18
1746784459990 0.6771889418830082 19
1746784712941 0.7040152451682183 20
1746784963229 0.6999229422799561 21
1746785217039 0.7175560552932638 22
1746785470653 0.6934485957709066 23
1746785723970 0.6957289827450942 24
1746785977330 0.6949097207281851 25
1746786229681 0.7280915180986529 26
1746786484786 0.704987661647795 27
1746786737740 0.7088545589800646 28
1746786991366 0.7040133865198582 29
