1746779590945 0.0 0
1746779842378 0.1165731581606818 1
1746780098782 0.47974721484015215 2
1746780355579 0.5578293990933891 3
1746780608855 0.6385099438685298 4
1746780866350 0.772299509594734 5
1746781121661 0.7398516013272632 6
1746781374400 0.7811763804853213 7
1746781630425 0.7694977889663097 8
1746781888295 0.7956386300389471 9
1746782143053 0.7455896600911728 10
1746782400399 0.7731940861362333 11
1746782656746 0.7498857217561986 12
1746782909716 0.7884973599776619 13
1746783171158 0.7627388155102953 14
1746783429147 0.7670929857460067 15
1746783688362 0.7844715782455209 16
1746783946202 0.778135639445749 17
1746784200248 0.7758879740125038 18
1746784459990 0.7732014277430941 19
1746784712941 0.7734139713247276 20
1746784963229 0.7836281980879872 21
1746785217039 0.7816363260586872 22
1746785470653 0.7798692143614964 23
1746785723970 0.7782548559242444 24
1746785977330 0.7833177464937742 25
1746786229681 0.7820418760635854 26
1746786484786 0.776462191765031 27
1746786737740 0.7817695678886005 28
1746786991366 0.7795197382574052 29
