1746610560651 0.0 0
1746610633898 0.0 1
1746610731739 0.0 2
1746610840168 0.04526724576104969 3
1746610989558 0.3304632646535416 4
1746611136442 0.504976767968879 5
1746611287086 0.6435258178385056 6
1746611435576 0.6703584402666309 7
1746611583155 0.6364797623083345 8
1746611729041 0.6930982043775025 9
1746611875082 0.7284093263478817 10
1746612021995 0.7402184396053102 11
1746612167390 0.712939885675971 12
1746612313743 0.7236214955246705 13
1746612461269 0.7206399016755682 14
1746612608184 0.7141954128645687 15
1746612755131 0.7220299157358554 16
1746612899406 0.7209130116186897 17
1746613048241 0.7175062441547724 18
1746613193733 0.7166339879734873 19
1746613338468 0.7280799503301421 20
1746613483882 0.718488375541199 21
1746613627829 0.7249731055667721 22
1746613774851 0.7145809161362262 23
1746613921731 0.7221110881642309 24
1746614068422 0.7196182907506112 25
1746614213921 0.7311724482988295 26
1746614359205 0.7264035696857121 27
1746614504006 0.7256553608438445 28
1746614647043 0.7245176404140216 29
