1746779020212 446.1376157488142 0
1746779278502 222.68783865169604 1
1746779541160 124.62876308207609 2
1746779801706 77.63950059851821 3
1746780059896 55.99854146217813 4
1746780318598 42.61878967285156 5
1746780576385 34.98288711236448 6
1746780836234 28.35059831580337 7
1746781076041 25.835117359550633 8
1746781336536 18.406181403568812 9
1746781595352 15.006095808379504 10
1746781853349 12.334751508673843 11
1746782116968 10.83017805644444 12
1746782374196 10.919684779887296 13
1746782634142 9.462443789657282 14
1746782892826 6.71465286916616 15
1746783149615 5.082054113855167 16
1746783409654 4.574604822664845 17
1746783667562 3.350717539689979 18
1746783923511 2.783371630980044 19
1746784179518 2.301234883921487 20
1746784436500 1.9471772897000215 21
1746784688299 1.7595843234840705 22
1746784933849 1.836258518452547 23
1746785175729 1.5777219217650744 24
1746785417360 1.3760031327909352 25
1746785668657 1.283403826003172 26
1746785920555 1.2002377163390725 27
1746786164795 1.1239288631750612 28
1746786406272 1.0415459944277394 29
