1746779020212 2e-05 0
1746779278502 4e-05 1
1746779541160 6.000000000000001e-05 2
1746779801706 8e-05 3
1746780059896 8e-05 4
1746780318598 8e-05 5
1746780576385 8e-05 6
1746780836234 8e-05 7
1746781076041 8e-05 8
1746781336536 8e-05 9
1746781595352 8e-05 10
1746781853349 8e-05 11
1746782116968 8e-05 12
1746782374196 8e-05 13
1746782634142 8e-05 14
1746782892826 6.400000000000001e-05 15
1746783149615 6.400000000000001e-05 16
1746783409654 5.120000000000001e-05 17
1746783667562 5.120000000000001e-05 18
1746783923511 4.0960000000000014e-05 19
1746784179518 4.0960000000000014e-05 20
1746784436500 3.276800000000001e-05 21
1746784688299 3.276800000000001e-05 22
1746784933849 2.6214400000000008e-05 23
1746785175729 2.6214400000000008e-05 24
1746785417360 2.097152000000001e-05 25
1746785668657 2.097152000000001e-05 26
1746785920555 1.6777216000000006e-05 27
1746786164795 1.6777216000000006e-05 28
1746786406272 1.3421772800000009e-05 29
