1746779023411 0.0 0
1746779282194 0.1575606110719609 1
1746779544930 0.4422615466465291 2
1746779805027 0.5161058816633282 3
1746780063163 0.6368087439643796 4
1746780322350 0.6521120293741605 5
1746780579683 0.7121913751157358 6
1746780840473 0.6688285915158766 7
1746781079443 0.7314805175453826 8
1746781339762 0.7099698298500612 9
1746781598620 0.7052513498232045 10
1746781857325 0.7564250580833919 11
1746782120192 0.6835318842726894 12
1746782378014 0.7383707547004653 13
1746782637801 0.7160014019804384 14
1746782896747 0.7036106306059264 15
1746783153402 0.6959621505048598 16
1746783412759 0.7250611379897036 17
1746783672799 0.7091529261323017 18
1746783929339 0.6978334400929129 19
1746784183634 0.7082254877619969 20
1746784439739 0.7074643729043296 21
1746784692155 0.7032166183424772 22
1746784937506 0.7130634121616398 23
1746785179098 0.7072622158333339 24
1746785421312 0.7198251894614432 25
1746785671913 0.7227298592588934 26
1746785924960 0.7156064977336931 27
1746786168040 0.7200137423017584 28
1746786409738 0.7043018506719508 29
