1746658356641 0.5603822762814457 0
1746658418046 0.7504173622703881 1
1746658479601 0.7053103964098201 2
1746658541213 0.750819672131086 3
1746658602971 0.757869249394612 4
1746658664275 0.776360544217621 5
1746658725286 0.7725752508360558 6
1746658787598 0.7706270627062071 7
1746658849384 0.7729149463252871 8
1746658911033 0.7498033044845988 9
1746658972877 0.7815491731940137 10
1746659034316 0.7653399668324407 11
1746659095419 0.0 12
1746659156141 0.0 13
1746659216677 0.0 14
1746659277986 0.0 15
1746659338877 0.0 16
1746659399852 0.0 17
1746659460641 0.0 18
1746659521360 0.0 19
1746659582579 0.0 20
1746659643203 0.0 21
1746659704260 0.0 22
1746659765654 0.0 23
1746659826385 0.0 24
1746659888071 0.0 25
1746659948867 0.0 26
1746660009751 0.0 27
1746660070623 0.0 28
1746660131506 0.0 29
