1746658356641 0.33148156219778585 0
1746658418046 0.6367080406242305 1
1746658479601 0.6622405815215888 2
1746658541213 0.648278112771179 3
1746658602971 0.7047885606221473 4
1746658664275 0.7043546353532246 5
1746658725286 0.7164755982528812 6
1746658787598 0.7135041630045127 7
1746658849384 0.7131730361176888 8
1746658911033 0.6968192173746821 9
1746658972877 0.7024562090115223 10
1746659034316 0.7093644545310868 11
1746659095419 0.0 12
1746659156141 0.0 13
1746659216677 0.0 14
1746659277986 0.0 15
1746659338877 0.0 16
1746659399852 0.0 17
1746659460641 0.0 18
1746659521360 0.0 19
1746659582579 0.0 20
1746659643203 0.0 21
1746659704260 0.0 22
1746659765654 0.0 23
1746659826385 0.0 24
1746659888071 0.0 25
1746659948867 0.0 26
1746660009751 0.0 27
1746660070623 0.0 28
1746660131506 0.0 29
