1745747230549 0.8440252201897758 0
1745747293145 0.2781543216230918 1
1745747356567 0.2029012064544522 2
1745747418364 0.19257636923266916 3
1745747480063 0.14578491244084982 4
1745747543505 0.11348842038792006 5
1745747604634 0.08449016534248177 6
1745747666265 0.06604281155278488 7
1745747727865 0.0561826244870923 8
1745747789040 0.03954712854584261 9
1745747850175 0.030066236169362555 10
1745747911829 0.023498003485099395 11
1745747973437 0.018371920424456498 12
1745748035751 0.016337461417959054 13
1745748097204 0.013689639322383672 14
