1745747232529 0.5907744392222106 0
1745747294063 0.7830271215597561 1
1745747357555 0.7747906566268938 2
1745747419614 0.773882559108587 3
1745747481553 0.8111159356859708 4
1745747544448 0.7887817703268154 5
1745747605547 0.7817949808092661 6
1745747667177 0.8081774684145193 7
1745747728772 0.7886247877259585 8
1745747789956 0.7994791666166434 9
1745747851087 0.7914298206757993 10
1745747912736 0.7944732296563844 11
1745747974611 0.807394668909596 12
1745748036657 0.7939784945736642 13
1745748098134 0.8105308588192217 14
