1746749564628 446.5570968779007 0
1746749835746 227.6443804750348 1
1746750118025 129.0096746765741 2
1746750392319 79.91913910667495 3
1746750669744 56.98916750615186 4
1746750946938 43.55791618800399 5
1746751221708 34.57477295752799 6
1746751499460 28.335829744244567 7
1746751776974 23.251728945439403 8
1746752051216 18.26414745632965 9
1746752327108 16.348527219035837 10
1746752601637 13.669155338022968 11
1746752876679 12.179983214576646 12
1746753153251 9.684764819570107 13
1746753430483 9.406416354793134 14
1746753702618 6.665539609323634 15
1746753979342 5.852487854438253 16
1746754254990 4.785560152318218 17
1746754527075 3.461251150263418 18
1746754802730 2.8818846126594164 19
