1746749568450 0.0 0
1746749840342 0.11786213860680247 1
1746750122667 0.5060581354361815 2
1746750397046 0.6548861640943344 3
1746750673805 0.8117190663892456 4
1746750951323 0.8914749091038803 5
1746751226338 0.9371714964989302 6
1746751504067 0.9448840987196121 7
1746751780470 0.9692691757398428 8
1746752055556 0.9619799693595521 9
1746752330687 0.9739489618510855 10
1746752604992 0.9664075818778521 11
1746752880814 0.9625334496331228 12
1746753157103 0.9854262772097271 13
1746753434744 0.9862266124248802 14
1746753706717 0.9834214697411414 15
1746753983014 0.9910725142308716 16
1746754258558 0.9891732743846702 17
1746754530538 0.9942305118340778 18
1746754807929 0.9873299881364507 19
