1745660331267 0.4180915609013538 0
1745660401069 0.6980968857631453 1
1745660472524 0.7798085291057586 2
1745660543082 0.7765820059766962 3
1745660613631 0.7889425185984802 4
1745660684777 0.8101933215668176 5
1745660755019 0.8098958332833093 6
1745660825133 0.7883817426887905 7
1745660896419 0.8132530119981977 8
1745660967928 0.8008658008157857 9
1745661037767 0.7887082976403651 10
1745661109259 0.8069432683666746 11
1745661180534 0.8180242633815229 12
1745661251090 0.8003384094255488 13
1745661321874 0.8018949181239906 14
1745661391842 0.805674978453878 15
1745661461740 0.819956616002037 16
1745661532319 0.8035866780029839 17
1745661602198 0.8025641025141366 18
1745661672150 0.8049509175770134 19
1745661741755 0.7947413061417586 20
1745661811595 0.7986377181279999 21
1745661881187 0.8039299444182118 22
1745661950533 0.7998296421987721 23
1745662020828 0.8066866694742386 24
1745662091309 0.8085836909371399 25
1745662161279 0.8096468561084862 26
1745662231168 0.8078902229345817 27
1745662300778 0.8160621761157952 28
1745662370226 0.8063546586017958 29
