1745660325113 2e-05 0
1745660394879 2e-05 1
1745660465925 2e-05 2
1745660536882 8e-05 3
1745660607138 8e-05 4
1745660677902 8e-05 5
1745660749021 8e-05 6
1745660818549 8e-05 7
1745660890055 8e-05 8
1745660961343 8e-05 9
1745661031636 8e-05 10
1745661102549 8e-05 11
1745661174008 8e-05 12
1745661244923 8e-05 13
1745661315229 8e-05 14
1745661385737 6.400000000000001e-05 15
1745661455555 6.400000000000001e-05 16
1745661525736 5.120000000000001e-05 17
1745661596213 5.120000000000001e-05 18
1745661666073 4.0960000000000014e-05 19
1745661735965 4.0960000000000014e-05 20
1745661805801 3.276800000000001e-05 21
1745661875448 3.276800000000001e-05 22
1745661944795 2.6214400000000008e-05 23
1745662014133 2.6214400000000008e-05 24
1745662084700 2.097152000000001e-05 25
1745662155130 2.097152000000001e-05 26
1745662225154 1.6777216000000006e-05 27
1745662295040 1.6777216000000006e-05 28
1745662364462 1.3421772800000009e-05 29
