1745660331267 0.1299868107516786 0
1745660401069 0.5199276215509236 1
1745660472524 0.6324500441011673 2
1745660543082 0.7244778628362086 3
1745660613631 0.7239602618865866 4
1745660684777 0.7649838870293248 5
1745660755019 0.772781759184395 6
1745660825133 0.7869459606479832 7
1745660896419 0.7796660810966068 8
1745660967928 0.7622437226811277 9
1745661037767 0.7574775333711998 10
1745661109259 0.7956647332770201 11
1745661180534 0.7843658707681311 12
1745661251090 0.7806934583206215 13
1745661321874 0.7815524522527818 14
1745661391842 0.7862457633912664 15
1745661461740 0.7831756102135803 16
1745661532319 0.7816469915415634 17
1745661602198 0.7817892645945151 18
1745661672150 0.78431589415398 19
1745661741755 0.7786001946706587 20
1745661811595 0.7814767362862004 21
1745661881187 0.7821343691826073 22
1745661950533 0.7794867265316926 23
1745662020828 0.7835207125233516 24
1745662091309 0.7842711213193534 25
1745662161279 0.7835202130468909 26
1745662231168 0.7855453886839705 27
1745662300778 0.7845519961948855 28
1745662370226 0.7804934293423595 29
