1746742239982 2e-05 0
1746742361233 4e-05 1
1746742667646 6.000000000000001e-05 2
1746742863277 8e-05 3
1746742993410 8e-05 4
1746743138643 8e-05 5
1746743261072 8e-05 6
1746743387377 8e-05 7
1746743614326 8e-05 8
1746743955621 8e-05 9
1746744083768 8e-05 10
1746744225751 8e-05 11
1746744349897 8e-05 12
1746744474435 8e-05 13
1746744606251 8e-05 14
1746744945019 6.400000000000001e-05 15
1746745151237 6.400000000000001e-05 16
1746745267155 5.120000000000001e-05 17
1746745400582 5.120000000000001e-05 18
1746745518200 4.0960000000000014e-05 19
