1746742239982 330.64124199895576 0
1746742361233 116.59141551858127 1
1746742667646 67.80404810386129 2
1746742863277 52.064017475241485 3
1746742993410 39.09057953334091 4
1746743138643 30.921202716260854 5
1746743261072 24.111583237600797 6
1746743387377 18.26070019750312 7
1746743614326 14.961708965868052 8
1746743955621 11.972746915156298 9
1746744083768 10.139771352900137 10
1746744225751 8.392367296879835 11
1746744349897 7.4637094818719545 12
1746744474435 8.55224354432361 13
1746744606251 9.699122339192003 14
1746744945019 6.1730223504623565 15
1746745151237 3.9326500231676764 16
1746745267155 3.0107950999005006 17
1746745400582 2.094477849431557 18
1746745518200 1.6179542329051706 19
