1746742244357 0.46407766985322424 0
1746742364330 0.7529411764209661 1
1746742673089 0.8207705192131207 2
1746742866236 0.8884971352518286 3
1746742996018 0.895433205242392 4
1746743140602 0.9335695305079389 5
1746743263591 0.9365768896111264 6
1746743390744 0.9607843136754054 7
1746743621965 0.951669595732007 8
1746743958173 0.971887550150717 9
1746744086188 0.9720124388659538 10
1746744228607 0.9651214127534561 11
1746744353034 0.9651828999058545 12
1746744477213 0.9685144123667698 13
1746744612669 0.963516483466415 14
1746744949577 0.9794826047670407 15
1746745154961 0.9814159291534595 16
1746745269661 0.9821587867474153 17
1746745403313 0.9817534489930829 18
1746745521214 0.9857651245050743 19
