1746742244357 0.17168390363773928 0
1746742364330 0.5506922431501322 1
1746742673089 0.6779820198858063 2
1746742866236 0.8715571039010312 3
1746742996018 0.8808768650716523 4
1746743140602 0.9167938561512844 5
1746743263591 0.9351714639082479 6
1746743390744 0.9452600978151254 7
1746743621965 0.9399489140182187 8
1746743958173 0.9417774128080858 9
1746744086188 0.9471787068592679 10
1746744228607 0.9556716344201691 11
1746744353034 0.9587037826907097 12
1746744477213 0.9510976881086541 13
1746744612669 0.9668376517466805 14
1746744949577 0.9800990776538747 15
1746745154961 0.983022937730884 16
1746745269661 0.9828675210408543 17
1746745403313 0.9686438186412408 18
1746745521214 0.9754900864157222 19
