1746742244357 0.5068928950158529 0
1746742364330 0.688427299703213 1
1746742673089 0.7710464201415601 2
1746742866236 0.8749999999999241 3
1746742996018 0.8556280587274995 4
1746743140602 0.9237510955301557 5
1746743263591 0.9097046413501342 6
1746743390744 0.9565217391303499 7
1746743621965 0.934426229508116 8
1746743958173 0.9688612099643266 9
1746744086188 0.9647266313932129 10
1746744228607 0.9520905923344118 11
1746744353034 0.9505208333332508 12
1746744477213 0.9595782073812865 13
1746744612669 0.9464594127805745 14
1746744949577 0.9759999999999132 15
1746745154961 0.9702537182851294 16
1746745269661 0.9786666666665796 17
1746745403313 0.9761061946901791 18
1746745521214 0.9796640141466861 19
