1746742244357 0.2023730720937581 0
1746742364330 0.63939186453674 1
1746742673089 0.7961730009570747 2
1746742866236 0.8861425902548519 3
1746742996018 0.9210084947468207 4
1746743140602 0.9345295678888023 5
1746743263591 0.9566233239646523 6
1746743390744 0.9540074627043814 7
1746743621965 0.9727290434054355 8
1746743958173 0.9440141851739073 9
1746744086188 0.9777049855836455 10
1746744228607 0.9737629171735053 11
1746744353034 0.9831913463333635 12
1746744477213 0.9796560258556872 13
1746744612669 0.9815627779449734 14
1746744949577 0.9799757102489035 15
1746745154961 0.9921033851174156 16
1746745269661 0.9855822535874655 17
1746745403313 0.9843116515151678 18
1746745521214 0.9908247547832977 19
