1746742244357 0.4279319606087352 0
1746742364330 0.8307967770813938 1
1746742673089 0.8773500447626789 2
1746742866236 0.9024171888987553 3
1746742996018 0.9391226499551532 4
1746743140602 0.9435989256937383 5
1746743263591 0.9650850492389467 6
1746743390744 0.9650850492389467 7
1746743621965 0.9695613249775318 8
1746743958173 0.9749328558638339 9
1746744086188 0.979409131602419 10
1746744228607 0.978513876454702 11
1746744353034 0.980304386750136 12
1746744477213 0.977618621306985 13
1746744612669 0.981199641897853 14
1746744949577 0.9829901521932871 15
1746745154961 0.9928379588181743 16
1746745269661 0.9856759176364381 17
1746745403313 0.9874664279318721 18
1746745521214 0.9919427036704572 19
