1746741035302 2e-05 0
1746741308587 4e-05 1
1746741579234 6.000000000000001e-05 2
1746741852770 8e-05 3
1746742133593 8e-05 4
1746742407774 8e-05 5
1746742686131 8e-05 6
1746742958081 8e-05 7
1746743239276 8e-05 8
1746743515704 8e-05 9
1746743785104 8e-05 10
1746744061700 8e-05 11
1746744338593 8e-05 12
1746744613891 8e-05 13
1746744886285 8e-05 14
1746745156571 6.400000000000001e-05 15
1746745432726 6.400000000000001e-05 16
1746745706845 5.120000000000001e-05 17
1746745979705 5.120000000000001e-05 18
1746746256943 4.0960000000000014e-05 19
