1746741035302 448.91269615853184 0
1746741308587 330.0718713137183 1
1746741579234 222.8325566962214 2
1746741852770 130.17223093769337 3
1746742133593 88.1535158818311 4
1746742407774 62.8804224599706 5
1746742686131 48.822478927008 6
1746742958081 39.89273603835908 7
1746743239276 31.68769915741269 8
1746743515704 25.589691955264254 9
1746743785104 20.93249300210783 10
1746744061700 16.14747908563897 11
1746744338593 14.65844742614444 12
1746744613891 11.077357433810093 13
1746744886285 9.428648684284475 14
1746745156571 7.623381303088499 15
1746745432726 5.527165160320773 16
1746745706845 4.3722995035719165 17
1746745979705 3.4487316761866653 18
1746746256943 2.7286035813907588 19
