1746741040546 0.0 0
1746741312786 0.13774104678460541 1
1746741582837 0.5195895521888455 2
1746741858116 0.6543967279666788 3
1746742137577 0.7595907927889238 4
1746742411379 0.8448275861568924 5
1746742690255 0.8663755458014826 6
1746742962509 0.8944371440585737 7
1746743243173 0.9396853146352604 8
1746743519475 0.9278617710082964 9
1746743789472 0.9343192691974574 10
1746744066629 0.9630618602080377 11
1746744342076 0.9643493760639971 12
1746744617785 0.9517058041147414 13
1746744890022 0.9564056939000948 14
1746745161035 0.9731663684651187 15
1746745437439 0.971200708855546 16
1746745710718 0.9760638297371522 17
1746745984471 0.9755011135356604 18
1746746260323 0.9716312056236774 19
