1746741040546 0.0 0
1746741312786 0.0178558674345281 1
1746741582837 0.1708434960225244 2
1746741858116 0.4137449188198649 3
1746742137577 0.5403847382364378 4
1746742411379 0.7072384083120649 5
1746742690255 0.7443868858151467 6
1746742962509 0.8033362673634117 7
1746743243173 0.9341302218402087 8
1746743519475 0.9061956533060707 9
1746743789472 0.9109300224011787 10
1746744066629 0.9656855341168047 11
1746744342076 0.9682969307498831 12
1746744617785 0.9472739599064527 13
1746744890022 0.9286498411151882 14
1746745161035 0.9736404119886178 15
1746745437439 0.9702191816561083 16
1746745710718 0.9749729620856862 17
1746745984471 0.9764325840905006 18
1746746260323 0.9724975475962083 19
