1746741040546 0.0 0
1746741312786 0.17908309455584825 1
1746741582837 0.542356377799363 2
1746741858116 0.6024096385541715 3
1746742137577 0.7249796582586879 4
1746742411379 0.8146300914380037 5
1746742690255 0.8456947996589219 6
1746742962509 0.8756432246997533 7
1746743243173 0.9180187873611513 8
1746743519475 0.8964941569281388 9
1746743789472 0.9086294416242886 10
1746744066629 0.9575221238937205 11
1746744342076 0.9600709849156202 12
1746744617785 0.9421052631578121 13
1746744890022 0.9504862953137975 14
1746745161035 0.9722966934762313 15
1746745437439 0.9614035087718454 16
1746745710718 0.9666374012290635 17
1746745984471 0.9707446808509778 18
1746746260323 0.9622475856013202 19
