1746741040546 0.0 0
1746741312786 0.025370407956153244 1
1746741582837 0.22126749798373144 2
1746741858116 0.4781868092440975 3
1746742137577 0.6087119658487162 4
1746742411379 0.7463181100925612 5
1746742690255 0.769935459080519 6
1746742962509 0.8442379034276395 7
1746743243173 0.9574044142649613 8
1746743519475 0.9541091402318549 9
1746743789472 0.9491993757303447 10
1746744066629 0.9680179885831899 11
1746744342076 0.9660550626223212 12
1746744617785 0.9623001747857172 13
1746744890022 0.9350530724216151 14
1746745161035 0.9742624044719927 15
1746745437439 0.9839577079018615 16
1746745710718 0.9873902533031681 17
1746745984471 0.9814637438790452 18
1746746260323 0.982770966722369 19
