1746611498318 2e-05 0
1746611623897 4e-05 1
1746611751423 6.000000000000001e-05 2
1746611879695 8e-05 3
1746612125593 8e-05 4
1746612371122 8e-05 5
1746612616974 8e-05 6
1746612861979 8e-05 7
1746613106150 8e-05 8
1746613352110 8e-05 9
1746613595687 8e-05 10
1746613840147 8e-05 11
1746614081647 8e-05 12
1746614324477 8e-05 13
1746614565915 8e-05 14
1746614809436 6.400000000000001e-05 15
1746615052900 6.400000000000001e-05 16
1746615297064 5.120000000000001e-05 17
1746615541686 5.120000000000001e-05 18
1746615785703 4.0960000000000014e-05 19
1746616029792 4.0960000000000014e-05 20
1746616273376 3.276800000000001e-05 21
1746616518349 3.276800000000001e-05 22
1746616763228 2.6214400000000008e-05 23
1746617007257 2.6214400000000008e-05 24
1746617254392 2.097152000000001e-05 25
1746617498842 2.097152000000001e-05 26
1746617741003 1.6777216000000006e-05 27
1746617982954 1.6777216000000006e-05 28
1746618224903 1.3421772800000009e-05 29
