1746611501649 0.0 0
1746611627200 0.017566568047333055 1
1746611754794 0.10459443988423431 2
1746611883450 0.19918003690572078 3
1746612128763 0.601775935541377 4
1746612374292 0.6348160062947077 5
1746612620669 0.646747854676197 6
1746612865130 0.6561915974613377 7
1746613109298 0.666252769642119 8
1746613355263 0.6785471346130115 9
1746613599337 0.6516939943987481 10
1746613843346 0.6932460807214877 11
1746614084820 0.7186601606424852 12
1746614327967 0.6749316678788317 13
1746614569016 0.6774033510820434 14
1746614812849 0.708165665698951 15
1746615056814 0.7240148939557 16
1746615300980 0.6810932622043769 17
1746615544856 0.7269051244797269 18
1746615788854 0.7004948550532532 19
1746616032938 0.7175038645847488 20
1746616277213 0.7181850850906282 21
1746616521680 0.7288474860727041 22
1746616766619 0.7234899539514829 23
1746617011787 0.7188905116720586 24
1746617258192 0.7155093826206341 25
1746617502465 0.7115090616838491 26
1746617744245 0.7055789971764322 27
1746617986438 0.7098844129848307 28
1746618228360 0.717322247793549 29
