1746611501649 0.0 0
1746611627200 0.019281510046676463 1
1746611754794 0.10476131154450587 2
1746611883450 0.20424780753446842 3
1746612128763 0.7071410449878088 4
1746612374292 0.7648860120792951 5
1746612620669 0.776526215284889 6
1746612865130 0.776989820514468 7
1746613109298 0.7612592920975367 8
1746613355263 0.7608441869741855 9
1746613599337 0.7753204195866309 10
1746613843346 0.7630471920018346 11
1746614084820 0.7833905836956286 12
1746614327967 0.7651685157050119 13
1746614569016 0.7829163695192728 14
1746614812849 0.7841250739791538 15
1746615056814 0.799104593853804 16
1746615300980 0.773127850019504 17
1746615544856 0.7806637506319626 18
1746615788854 0.7835144349970234 19
1746616032938 0.7804547066979448 20
1746616277213 0.7812615382788659 21
1746616521680 0.793871249094948 22
1746616766619 0.79211914986258 23
1746617011787 0.782404973771161 24
1746617258192 0.7759496346044652 25
1746617502465 0.7777247941726645 26
1746617744245 0.7818299753624635 27
1746617986438 0.7784350465808514 28
1746618228360 0.7825860050122064 29
