1746749253118 2e-05 0
1746749382894 4e-05 1
1746749514521 6.000000000000001e-05 2
1746749642074 8e-05 3
1746749771714 8e-05 4
1746749906007 8e-05 5
1746750039555 8e-05 6
1746750169086 8e-05 7
1746750299546 8e-05 8
1746750427737 8e-05 9
1746750558441 8e-05 10
1746750689670 8e-05 11
1746750820851 8e-05 12
1746750952062 8e-05 13
1746751085678 8e-05 14
1746751218016 6.400000000000001e-05 15
1746751352720 6.400000000000001e-05 16
1746751485804 5.120000000000001e-05 17
1746751613199 5.120000000000001e-05 18
1746751736824 4.0960000000000014e-05 19
