1746749255673 0.0 0
1746749385474 0.0050718512151609624 1
1746749518156 0.44551282046464263 2
1746749644859 0.7010497489230268 3
1746749774585 0.7764602546710739 4
1746749909320 0.8529155787141074 5
1746750042218 0.8812392426350248 6
1746750171604 0.9126637554084656 7
1746750301557 0.950154389010359 8
1746750431230 0.9348958332832983 9
1746750561647 0.9536832818202396 10
1746750692556 0.9671985815102027 11
1746750823250 0.9607410674400009 12
1746750954610 0.9593639575470971 13
1746751088083 0.963580517720887 14
1746751221491 0.970017636634229 15
1746751355729 0.9817371937138336 16
1746751488846 0.9769094138042681 17
1746751615800 0.9804444443943598 18
1746751740201 0.9791574278878331 19
