1746749255673 0.0 0
1746749385474 0.001058574451321033 1
1746749518156 0.1401488145212994 2
1746749644859 0.4134061852628974 3
1746749774585 0.5442602214511459 4
1746749909320 0.6907722526478126 5
1746750042218 0.7854684203276723 6
1746750171604 0.8765382058762121 7
1746750301557 0.9255246703596487 8
1746750431230 0.9274046636450006 9
1746750561647 0.9550469647610398 10
1746750692556 0.962330217244892 11
1746750823250 0.963521855256515 12
1746750954610 0.9406176454785905 13
1746751088083 0.9391703467495917 14
1746751221491 0.9563402560777917 15
1746751355729 0.9819472363582421 16
1746751488846 0.9797386965593881 17
1746751615800 0.981443219368785 18
1746751740201 0.9786941661779692 19
