1746749255673 0.0 0
1746749385474 0.04545454545447658 1
1746749518156 0.5523178807946288 2
1746749644859 0.715083798882615 3
1746749774585 0.7620689655171756 4
1746749909320 0.8298052497882447 5
1746750042218 0.8483844241921418 6
1746750171604 0.8908780903665054 7
1746750301557 0.9365217391303533 8
1746750431230 0.9073294018533354 9
1746750561647 0.9399999999999182 10
1746750692556 0.957857769973577 11
1746750823250 0.9469565217390481 12
1746750954610 0.9468177855273804 13
1746751088083 0.9449225473321046 14
1746751221491 0.9556907037357988 15
1746751355729 0.9769503546098425 16
1746751488846 0.9691629955946283 17
1746751615800 0.973521624006975 18
1746751740201 0.9701230228470149 19
