1746749255673 0.0 0
1746749385474 0.0026857654431510576 1
1746749518156 0.373321396597997 2
1746749644859 0.6875559534466708 3
1746749774585 0.7914055505818449 4
1746749909320 0.8773500447626789 5
1746750042218 0.9167412712622276 6
1746750171604 0.9355416293642851 7
1746750301557 0.9641897940912296 8
1746750431230 0.9641897940912296 9
1746750561647 0.9677708146820977 10
1746750692556 0.9767233661592679 11
1746750823250 0.9749328558638339 12
1746750954610 0.9722470904206828 13
1746751088083 0.9829901521932871 14
1746751221491 0.9847806624887211 15
1746751355729 0.9865711727841552 16
1746751488846 0.9847806624887211 17
1746751615800 0.9874664279318721 18
1746751740201 0.9883616830795892 19
