1746749255673 0.0 0
1746749385474 0.0006088897909476778 1
1746749518156 0.14662730345793132 2
1746749644859 0.44524878618647834 3
1746749774585 0.5750364268913954 4
1746749909320 0.7257145524370021 5
1746750042218 0.8386654045699367 6
1746750171604 0.8956200548047425 7
1746750301557 0.9459116543391021 8
1746750431230 0.9561610319820181 9
1746750561647 0.9655766042911555 10
1746750692556 0.9679000142210474 11
1746750823250 0.9725415133280373 12
1746750954610 0.9569512182043269 13
1746751088083 0.9730388394214747 14
1746751221491 0.9805040275463697 15
1746751355729 0.9831257619965542 16
1746751488846 0.9823133832393481 17
1746751615800 0.9842971941424821 18
1746751740201 0.9836813495007115 19
