1746747506105 0.6795366794867077 0
1746747570025 0.7930301741957043 1
1746747634368 0.8570175438095943 2
1746747699701 0.8896492728328286 3
1746747764899 0.9229429690400748 4
1746747830499 0.9300265721377 5
1746747895584 0.9343257442581733 6
1746747960065 0.953138815157704 7
1746748025885 0.9611780454653095 8
1746748091424 0.9627356422121025 9
1746748156314 0.9708222811170305 10
1746748221247 0.9786286731467084 11
1746748286839 0.9791758971586024 12
1746748352003 0.971756398890789 13
1746748416623 0.9729249888536011 14
1746748479837 0.9813499111399694 15
1746748545692 0.9848214285213408 16
1746748609877 0.9883928570927691 17
1746748675250 0.9844651575176037 18
1746748739918 0.9857397503955461 19
