1746747506105 0.4910505538110342 0
1746747570025 0.6842627857923366 1
1746747634368 0.816142769671439 2
1746747699701 0.8932146641781602 3
1746747764899 0.9167124392664474 4
1746747830499 0.925207828010201 5
1746747895584 0.9285030984742192 6
1746747960065 0.9491344802106298 7
1746748025885 0.9514165846303675 8
1746748091424 0.9692706449716748 9
1746748156314 0.9618478686302652 10
1746748221247 0.9544988054092983 11
1746748286839 0.9849524339998976 12
1746748352003 0.9552628384264423 13
1746748416623 0.9523906322180541 14
1746748479837 0.9699169604636089 15
1746748545692 0.9778753371271851 16
1746748609877 0.9910052960563813 17
1746748675250 0.9780251817176917 18
1746748739918 0.9843126602267207 19
