1746747506105 0.7090420769918792 0
1746747570025 0.8352730528199789 1
1746747634368 0.8746642793195277 2
1746747699701 0.9310653536257 3
1746747764899 0.9489704565800403 4
1746747830499 0.9400179051028702 5
1746747895584 0.9552372426140595 6
1746747960065 0.9650850492389467 7
1746748025885 0.9641897940912296 8
1746748091424 0.9829901521932871 9
1746748156314 0.9829901521932871 10
1746748221247 0.983885407341004 11
1746748286839 0.9892569382273062 12
1746748352003 0.9856759176364381 13
1746748416623 0.981199641897853 14
1746748479837 0.9892569382273062 15
1746748545692 0.9874664279318721 16
1746748609877 0.9910474485227403 17
1746748675250 0.9928379588181743 18
1746748739918 0.9901521933750232 19
