1746747506105 0.5219594329955204 0
1746747570025 0.7637837258903111 1
1746747634368 0.835038952812397 2
1746747699701 0.9241213804452053 3
1746747764899 0.9434961702974796 4
1746747830499 0.9365770371921724 5
1746747895584 0.959407811170338 6
1746747960065 0.9705135115167877 7
1746748025885 0.967501953280385 8
1746748091424 0.9843241545384723 9
1746748156314 0.9830577683554721 10
1746748221247 0.9857075299152996 11
1746748286839 0.9932930557383499 12
1746748352003 0.9876311676657049 13
1746748416623 0.9834725382345302 14
1746748479837 0.9932612138851914 15
1746748545692 0.9905447066369202 16
1746748609877 0.9936708623869678 17
1746748675250 0.9952887016550332 18
1746748739918 0.9919405624801292 19
