1746749219147 537.8832874864635 0
1746749353568 318.1270309297165 1
1746749486094 181.48363766811863 2
1746749619219 108.75020523826674 3
1746749744254 71.67666909246161 4
1746749882722 51.54303654585735 5
1746750018695 39.28058004851388 6
1746750152084 31.449564678834218 7
1746750282834 25.516419854494604 8
1746750413538 21.68236158389856 9
1746750547639 17.89579389591028 10
1746750678762 15.204725529887888 11
1746750813448 14.31239426490104 12
1746750944056 13.375906519370504 13
1746751078953 12.86169184316503 14
1746751209616 8.688180238893716 15
1746751338623 6.886929894437884 16
1746751472334 6.166421137233772 17
1746751604242 5.049291805465622 18
1746751736689 4.17560868924207 19
