1746749223048 0.0 0
1746749356683 0.10032573285937803 1
1746749489364 0.6231816048303962 2
1746749622329 0.7982832617525915 3
1746749748146 0.863436123297954 4
1746749886378 0.8813120413828753 5
1746750020719 0.8986254295032688 6
1746750154998 0.9416445622841418 7
1746750285442 0.9530141843470833 8
1746750417057 0.9607410674400009 9
1746750550477 0.9592198581059481 10
1746750681994 0.9689440993288 11
1746750815988 0.9677419354337935 12
1746750947146 0.965364120731445 13
1746751081732 0.9751332148699876 14
1746751212468 0.9772016092480799 15
1746751342481 0.9764758099809866 16
1746751474679 0.9808973788926076 17
1746751607436 0.9847806624387211 18
1746751740190 0.9778761061446103 19
