1746749223048 0.0 0
1746749356683 0.02045958782124964 1
1746749489364 0.30458186945728594 2
1746749622329 0.6250265217496427 3
1746749748146 0.6962597658695642 4
1746749886378 0.7848091982336574 5
1746750020719 0.8400995974758986 6
1746750154998 0.9217411357158856 7
1746750285442 0.9203531411319977 8
1746750417057 0.9347688456059787 9
1746750550477 0.9591659885787345 10
1746750681994 0.9576086210401419 11
1746750815988 0.9440979655371642 12
1746750947146 0.9539752118563529 13
1746751081732 0.9767576224828471 14
1746751212468 0.9812079101565968 15
1746751342481 0.9827770181115094 16
1746751474679 0.9842939660414282 17
1746751607436 0.9842477118880874 18
1746751740190 0.980790214816817 19
