1746749223048 0.0 0
1746749356683 0.18421052631574542 1
1746749489364 0.6548323471399748 2
1746749622329 0.7666941467435476 3
1746749748146 0.8499566348654943 4
1746749886378 0.8508333333332624 5
1746750020719 0.8637489677951392 6
1746750154998 0.9301310043667309 7
1746750285442 0.9438103599647986 8
1746750417057 0.9469565217390481 9
1746750550477 0.9499561018436391 10
1746750681994 0.960422163588306 11
1746750815988 0.9554973821988695 12
1746750947146 0.9577092511012372 13
1746751081732 0.9674008810571835 14
1746751212468 0.97589285714277 15
1746751342481 0.9683098591548444 16
1746751474679 0.9735449735448877 17
1746751607436 0.9847806624887211 18
1746751740190 0.9667541557304491 19
