1746749223048 0.0 0
1746749356683 0.06893464637421048 1
1746749489364 0.5944494180841008 2
1746749622329 0.8325872873768279 3
1746749748146 0.8773500447626789 4
1746749886378 0.9140555058190766 5
1746750020719 0.936436884512002 6
1746750154998 0.9534467323186254 7
1746750285442 0.9623992837957956 8
1746750417057 0.9749328558638339 9
1746750550477 0.9686660698298147 10
1746750681994 0.977618621306985 11
1746750815988 0.980304386750136 12
1746750947146 0.9731423455683998 13
1746751081732 0.9829901521932871 14
1746751212468 0.978513876454702 15
1746751342481 0.9847806624887211 16
1746751474679 0.9883616830795892 17
1746751607436 0.9847806624887211 18
1746751740190 0.9892569382273062 19
