1746749223048 0.0 0
1746749356683 0.018002416852335446 1
1746749489364 0.33311514859959634 2
1746749622329 0.7148500884539868 3
1746749748146 0.7276623011734255 4
1746749886378 0.8337277248837425 5
1746750020719 0.8885585206633281 6
1746750154998 0.9394663638771851 7
1746750285442 0.9509075391244401 8
1746750417057 0.9727307927626032 9
1746750550477 0.9636483889534208 10
1746750681994 0.9722238930537598 11
1746750815988 0.9513404670063565 12
1746750947146 0.9678113157392956 13
1746751081732 0.9789248019920679 14
1746751212468 0.9841074817963364 15
1746751342481 0.9878382789439961 16
1746751474679 0.9911967134667319 17
1746751607436 0.9858401701979649 18
1746751740190 0.9921681483240448 19
