1746197004779 0.3551526506943659 0
1746197068684 0.53672676641519 1
1746197133032 0.7007799973058477 2
1746197197699 0.6943649070562325 3
1746197261999 0.6253400086847416 4
1746197326438 0.639441629344693 5
1746197391038 0.6391077256269713 6
1746197455169 0.6510479034838439 7
1746197519468 0.6920761393464581 8
1746197586036 0.6569026078491 9
1746197650373 0.6594711240445645 10
1746197714737 0.6585927612379254 11
1746197779217 0.6998290778700309 12
1746197844110 0.6801619167563351 13
1746197908742 0.6471859678928991 14
1746197973142 0.6709488073784574 15
1746198037371 0.681336993504919 16
1746198102157 0.6880238585486326 17
1746198166873 0.6864188231751365 18
1746198231342 0.6950424452156834 19
1746198295808 0.6847323167925887 20
1746198360162 0.6761817926346423 21
1746198424498 0.6920298489876687 22
1746198490664 0.692947367324677 23
1746198554924 0.6931437647414144 24
1746198619224 0.6824105340903546 25
1746198684367 0.6670206703700826 26
1746198748606 0.6713772074028177 27
1746198812867 0.6652491693199996 28
1746198877191 0.6738928984787738 29
