1746197004779 0.5561377245508565 0
1746197068684 0.6676579925650061 1
1746197133032 0.7547660311957751 2
1746197197699 0.7321281840591017 3
1746197261999 0.7195219123505403 4
1746197326438 0.7135007849293004 5
1746197391038 0.6923076923076401 6
1746197455169 0.7184542586750222 7
1746197519468 0.7506234413964463 8
1746197586036 0.7308319738987984 9
1746197650373 0.7340946166394181 10
1746197714737 0.7327447833065223 11
1746197779217 0.7641112047177115 12
1746197844110 0.733067729083607 13
1746197908742 0.7297959183672873 14
1746197973142 0.7438625204582042 15
1746198037371 0.7359550561797162 16
1746198102157 0.7410130718953643 17
1746198166873 0.7348912167606176 18
1746198231342 0.749999999999939 19
1746198295808 0.7504091653027208 20
1746198360162 0.7409783480352252 21
1746198424498 0.7569786535303155 22
1746198490664 0.750819672131086 23
1746198554924 0.7551187551186932 24
1746198619224 0.7579983593108484 25
1746198684367 0.750819672131086 26
1746198748606 0.7397590361445189 27
1746198812867 0.7385358004826437 28
1746198877191 0.7514216084483548 29
