1746197004779 0.6651745747537453 0
1746197068684 0.8039391226498832 1
1746197133032 0.7797672336615237 2
1746197197699 0.7976723366158641 3
1746197261999 0.8084153983884683 4
1746197326438 0.8137869292747705 5
1746197391038 0.8218442256042237 6
1746197455169 0.8155774395702045 7
1746197519468 0.8084153983884683 8
1746197586036 0.8021486123544492 9
1746197650373 0.8057296329453173 10
1746197714737 0.8173679498656385 11
1746197779217 0.8119964189793364 12
1746197844110 0.8236347358996576 13
1746197908742 0.8003581020590151 14
1746197973142 0.8137869292747705 15
1746198037371 0.8209489704565066 16
1746198102157 0.8119964189793364 17
1746198166873 0.8164726947179215 18
1746198231342 0.8272157564905257 19
1746198295808 0.8209489704565066 20
1746198360162 0.8272157564905257 21
1746198424498 0.8254252461950917 22
1746198490664 0.8200537153087896 23
1746198554924 0.8254252461950917 24
1746198619224 0.8272157564905257 25
1746198684367 0.8200537153087896 26
1746198748606 0.8245299910473747 27
1746198812867 0.8218442256042237 28
1746198877191 0.8281110116382427 29
