1746468269636 0.0 0
1746468387875 0.0 1
1746468500025 0.0852775542858708 2
1746468612677 0.3697945585314165 3
1746468851798 0.7479604980178591 4
1746469089934 0.7361591695001661 5
1746469327764 0.8078260869064926 6
1746469569280 0.8102609464337921 7
1746469829655 0.7935291612953055 8
1746470087592 0.8096491227569668 9
1746470345186 0.796934865850435 10
1746470603134 0.7857142856644814 11
1746470860869 0.8084012001214738 12
1746471118389 0.812126387652855 13
1746471364536 0.7991525423229561 14
1746471623619 0.8049721388270035 15
1746471903853 0.8092584654450913 16
1746472196777 0.8037784456348575 17
1746472488317 0.8175054704094719 18
1746472785931 0.8015332197115487 19
1746473081493 0.8096885812648656 20
1746473374161 0.8159031978756591 21
1746473667784 0.8132815868408982 22
1746473964096 0.8138228941184574 23
1746474258452 0.8056506848815331 24
1746474551724 0.8141745894054776 25
1746474845199 0.8099742045931728 26
1746475139583 0.8129310344327573 27
1746475433332 0.8127696289405044 28
1746475728913 0.8084373654256819 29
