1746468269636 0.0 0
1746468387875 0.0 1
1746468500025 0.02758430071186296 2
1746468612677 0.1394270263453648 3
1746468851798 0.5422040713211034 4
1746469089934 0.5761684779262092 5
1746469327764 0.6930876317003437 6
1746469569280 0.7163556842422756 7
1746469829655 0.675137866642043 8
1746470087592 0.7141284834328283 9
1746470345186 0.6977020663559063 10
1746470603134 0.6717858010190494 11
1746470860869 0.7134021248136874 12
1746471118389 0.724443779826827 13
1746471364536 0.7099724079415038 14
1746471623619 0.7158119761171814 15
1746471903853 0.7054750444257996 16
1746472196777 0.7050743963006654 17
1746472488317 0.7233661414040984 18
1746472785931 0.7111456738707578 19
1746473081493 0.7167946901743599 20
1746473374161 0.7243089754315364 21
1746473667784 0.720037667566483 22
1746473964096 0.7220590175257068 23
1746474258452 0.7183366092860817 24
1746474551724 0.7275972732006372 25
1746474845199 0.7221501371085465 26
1746475139583 0.7260285992144466 27
1746475433332 0.7231778577398722 28
1746475728913 0.7214640631432953 29
