1746468269636 0.0 0
1746468387875 0.0 1
1746468500025 0.04744852282900202 2
1746468612677 0.2981199641897674 3
1746468851798 0.7797672336615237 4
1746469089934 0.7618621307071833 5
1746469327764 0.8316920322291108 6
1746469569280 0.8200537153087896 7
1746469829655 0.8343777976722618 8
1746470087592 0.8263205013428088 9
1746470345186 0.83795881826313 10
1746470603134 0.8469113697403001 11
1746470860869 0.8442256042971491 12
1746471118389 0.8513876454788852 13
1746471364536 0.8442256042971491 14
1746471623619 0.840644583706281 15
1746471903853 0.8451208594448661 16
1746472196777 0.83795881826313 17
1746472488317 0.8361683079676959 18
1746472785931 0.842435094001715 19
1746473081493 0.83795881826313 20
1746473374161 0.8451208594448661 21
1746473667784 0.8442256042971491 22
1746473964096 0.8433303491494321 23
1746474258452 0.842435094001715 24
1746474551724 0.8433303491494321 25
1746474845199 0.8433303491494321 26
1746475139583 0.8442256042971491 27
1746475433332 0.8433303491494321 28
1746475728913 0.840644583706281 29
