1746468269636 0.0 0
1746468387875 0.0 1
1746468500025 0.018470517735338168 2
1746468612677 0.1452620605930613 3
1746468851798 0.5880727930686522 4
1746469089934 0.6181501469034069 5
1746469327764 0.7432942526200195 6
1746469569280 0.7519206826237975 7
1746469829655 0.7503232456196911 8
1746470087592 0.7620677030644702 9
1746470345186 0.7671321907587368 10
1746470603134 0.7434344784485615 11
1746470860869 0.7872198479142279 12
1746471118389 0.7872668395473756 13
1746471364536 0.7840064085837427 14
1746471623619 0.7831622611604652 15
1746471903853 0.7735361006388604 16
1746472196777 0.7704784171580741 17
1746472488317 0.771832583305276 18
1746472785931 0.7815037391822094 19
1746473081493 0.7781737818001596 20
1746473374161 0.7830865157756592 21
1746473667784 0.7837014762783233 22
1746473964096 0.7815401667293901 23
1746474258452 0.7846576418210505 24
1746474551724 0.7857838570062837 25
1746474845199 0.785194376812236 26
1746475139583 0.7855613045164122 27
1746475433332 0.784539533347343 28
1746475728913 0.7827999407701637 29
