1746653171294 0.0 0
1746653290161 0.005054759887805055 1
1746653421029 0.46276293343852803 2
1746653552094 0.6959304983495936 3
1746653683061 0.7621978021477512 4
1746653812363 0.7972149694886985 5
1746653942888 0.817110432075669 6
1746654072683 0.8065068492650947 7
1746654201819 0.8154246100019739 8
1746654331076 0.8143041791830893 9
1746654459804 0.8111111110611443 10
1746654588297 0.8201127004267885 11
1746654718469 0.8251389482185209 12
1746654849222 0.8162559446106016 13
1746654979358 0.8129870129369966 14
1746655110123 0.8087855296657644 15
1746655239597 0.816790555262592 16
1746655369232 0.8056506848815331 17
1746655497671 0.818456231084106 18
1746655626556 0.8159031978756591 19
1746655755100 0.8023698687609148 20
1746655883367 0.8080895008105906 21
1746656011883 0.8046371832905035 22
1746656141187 0.807394668909596 23
1746656270516 0.8096885812648656 24
1746656399449 0.810367170576341 25
1746656516894 0.8070628767803211 26
1746656645719 0.804273504223538 27
1746656774347 0.804961505510338 28
1746656902618 0.8049828178194282 29
