1746653171294 0.0 0
1746653290161 0.0033444816053463233 1
1746653421029 0.18534142328183953 2
1746653552094 0.4119383936486945 3
1746653683061 0.5344586342530088 4
1746653812363 0.595344356052222 5
1746653942888 0.6066404985146485 6
1746654072683 0.6589600067059069 7
1746654201819 0.7053969774479737 8
1746654331076 0.6922095753464149 9
1746654459804 0.6987795129110632 10
1746654588297 0.7039980949800559 11
1746654718469 0.7359323087427263 12
1746654849222 0.7313096634179619 13
1746654979358 0.6921063435373292 14
1746655110123 0.7106932155976424 15
1746655239597 0.7251170828755421 16
1746655369232 0.6959588324170208 17
1746655497671 0.7100652911980831 18
1746655626556 0.7177320050185122 19
1746655755100 0.6906073976264288 20
1746655883367 0.7005528062001946 21
1746656011883 0.7056162396305807 22
1746656141187 0.7053461639513248 23
1746656270516 0.7195003060523532 24
1746656399449 0.7142206608714369 25
1746656516894 0.7074859529689485 26
1746656645719 0.6952093031221924 27
1746656774347 0.6944111316671756 28
1746656902618 0.7004385175273147 29
