1746653171294 0.0 0
1746653290161 0.04285714285708163 1
1746653421029 0.6339563862927361 2
1746653552094 0.7112149532709615 3
1746653683061 0.7487046632123705 4
1746653812363 0.7756138865367674 5
1746653942888 0.7972742759794891 6
1746654072683 0.7727645611156052 7
1746654201819 0.7900923593618144 8
1746654331076 0.7848837209301673 9
1746654459804 0.7759607522485056 10
1746654588297 0.7949579831932104 11
1746654718469 0.7896890343698207 12
1746654849222 0.7892976588628102 13
1746654979358 0.7870913663033707 14
1746655110123 0.7792531120331303 15
1746655239597 0.7982905982905301 16
1746655369232 0.7719442165708964 17
1746655497671 0.7895174708817978 18
1746655626556 0.788638262322407 19
1746655755100 0.7608346709469694 20
1746655883367 0.77796188898088 21
1746656011883 0.7731023102309593 22
1746656141187 0.7766749379651963 23
1746656270516 0.7832635983262942 24
1746656399449 0.7829716193655439 25
1746656516894 0.777593360995786 26
1746656645719 0.7694194603433548 27
1746656774347 0.7706797706797075 28
1746656902618 0.7737407101568312 29
