1746653171294 0.0 0
1746653290161 0.0026857654431510576 1
1746653421029 0.3643688451208268 2
1746653552094 0.6812891674126516 3
1746653683061 0.7761862130706556 4
1746653812363 0.8200537153087896 5
1746653942888 0.83795881826313 6
1746654072683 0.8433303491494321 7
1746654201819 0.842435094001715 8
1746654331076 0.8460161145925831 9
1746654459804 0.8495971351834513 10
1746654588297 0.8469113697403001 11
1746654718469 0.8639212175469235 12
1746654849222 0.8451208594448661 13
1746654979358 0.840644583706281 14
1746655110123 0.840644583706281 15
1746655239597 0.8361683079676959 16
1746655369232 0.842435094001715 17
1746655497671 0.8495971351834513 18
1746655626556 0.8451208594448661 19
1746655755100 0.8487018800357342 20
1746655883367 0.840644583706281 21
1746656011883 0.838854073410847 22
1746656141187 0.840644583706281 23
1746656270516 0.83795881826313 24
1746656399449 0.839749328558564 25
1746656516894 0.838854073410847 26
1746656645719 0.842435094001715 27
1746656774347 0.842435094001715 28
1746656902618 0.838854073410847 29
