1746653171294 0.0 0
1746653290161 0.0006088897909476778 1
1746653421029 0.13634016211381267 2
1746653552094 0.4280639250109124 3
1746653683061 0.592713087490166 4
1746653812363 0.6707847029000098 5
1746653942888 0.6938782173125665 6
1746654072683 0.762801350667281 7
1746654201819 0.7772787872592717 8
1746654331076 0.7502140451955579 9
1746654459804 0.7901657888529786 10
1746654588297 0.7707531330664635 11
1746654718469 0.809705083459858 12
1746654849222 0.804687093816484 13
1746654979358 0.7420729785063038 14
1746655110123 0.7867770824267553 15
1746655239597 0.7732442285449039 16
1746655369232 0.7993140369667249 17
1746655497671 0.8009910827222247 18
1746655626556 0.7972305389104333 19
1746655755100 0.7835705846957187 20
1746655883367 0.7761824273734567 21
1746656011883 0.7797802644171097 22
1746656141187 0.7831531238458334 23
1746656270516 0.7776997331617811 24
1746656399449 0.7758050335098301 25
1746656516894 0.7771342248317666 26
1746656645719 0.7799902736846502 27
1746656774347 0.7814783562761705 28
1746656902618 0.7767634641870346 29
