1745581597075 0.0 0
1745581974372 0.12568915475511194 1
1745582595272 0.35331108373857584 2
1745582633681 0.5456111288131769 3
1745583132915 0.5977520870481476 4
1745583648231 0.6523792697103172 5
1745584170035 0.6920115840784631 6
1745584638649 0.6446420010701577 7
1745585115961 0.6590823562934565 8
1745585606032 0.6948285939190806 9
1745586135979 0.6883498674187221 10
1745586669173 0.6665923433633589 11
1745587197657 0.6870364086725498 12
1745587709991 0.655346872525753 13
1745588216295 0.6646767871234154 14
1745588733380 0.6771471986092786 15
1745589263285 0.6859138740788867 16
1745589792595 0.6891994702874312 17
1745590312600 0.6959446380236733 18
1745590844256 0.6681776956884875 19
1745591373183 0.6883421627279542 20
1745591898074 0.6735104117368199 21
1745592414711 0.6871002836853878 22
1745592930372 0.6946001404785288 23
1745593444201 0.6852429348215258 24
1745593949227 0.6842247433597326 25
1745594459077 0.6783155293516558 26
1745594966680 0.6957949157031316 27
1745595463588 0.6885729587400321 28
1745595975265 0.6936321322904201 29
