1745581300975 1.5075909793376923 0
1745581628556 0.8546257019042969 1
1745582006346 0.5791061990536176 2
1745582627591 0.3876740084244655 3
1745582666299 0.27515719200556094 4
1745583165422 0.2168533859344629 5
1745583681137 0.17153976356180814 6
1745584203609 0.1374320647177788 7
1745584670683 0.11650566463000499 8
1745585147964 0.09447241467065536 9
1745585639330 0.07576141563745645 10
1745586169025 0.06211221758992626 11
1745586703486 0.055054699249852165 12
1745587230327 0.05043544104466072 13
1745587742129 0.03961598025993086 14
1745588248149 0.033100548737610765 15
1745588765372 0.02622002176940441 16
1745589295758 0.0218167498958512 17
1745589824901 0.018568015639455274 18
1745590344155 0.01701556076295674 19
1745590876780 0.015031044049045214 20
1745591404798 0.013264070623196088 21
1745591929765 0.011688295715989975 22
1745592446417 0.011020502621809451 23
1745592962315 0.009867428954189213 24
1745593475856 0.009089932812807651 25
1745593980859 0.008924748757495903 26
1745594490790 0.008120726919374786 27
1745594999558 0.007683013109132075 28
1745595495239 0.006954867142037704 29
