1746746151028 0.9939087697184912 0
1746746214746 0.3094556920304157 1
1746746278587 0.20942249820374026 2
1746746343381 0.16942424091077088 3
1746746408792 0.13124093324831215 4
1746746473951 0.10756259522225597 5
1746746539387 0.08450687215617388 6
1746746603143 0.06880620970289306 7
1746746669751 0.05573570540193284 8
1746746734990 0.04369545726124013 9
1746746799111 0.03658721937180156 10
1746746863451 0.03236916140275131 11
1746746928224 0.031021656320974377 12
1746746991946 0.025538026244554778 13
1746747056083 0.02504494881238973 14
1746747119887 0.019617331002165776 15
1746747183960 0.01364013459533453 16
1746747249067 0.01123126347706017 17
1746747313017 0.009485395592960095 18
1746747376798 0.007741219108223472 19
