1746628663270 1.1152036460686703 0
1746628726568 0.4125641511411083 1
1746628795770 0.25630627557331204 2
1746628859306 0.20131934464586024 3
1746628922943 0.15415099871401883 4
1746628986893 0.11795818706860348 5
1746629050035 0.0978903452656707 6
1746629114179 0.08073144485907895 7
1746629177487 0.06726692594131645 8
1746629240870 0.05453633019054423 9
1746629314596 0.05447937093903216 10
1746629377662 0.042668486280100684 11
1746629440990 0.03522617255850714 12
1746629504219 0.034300679474004676 13
1746629567524 0.02902884773757993 14
1746629630654 0.022756675438841387 15
1746629693883 0.01759784232482922 16
1746629757737 0.013504232797885731 17
1746629824176 0.01193925590083307 18
1746629887336 0.010456884104036251 19
1746629950663 0.008640402899484853 20
1746630014953 0.007740229805361251 21
1746630078159 0.007242667374714296 22
1746630141780 0.006269690010468571 23
1746630205112 0.00592164504009166 24
1746630268337 0.005394346781588178 25
1746630331859 0.004955876691086332 26
1746630395074 0.0046141173094225935 27
1746630458290 0.004292268098132419 28
1746630521552 0.004229254657117536 29
