1746628665075 0.1617001066284536 0
1746628728761 0.5652685691912708 1
1746628796736 0.6268181562509051 2
1746628860206 0.6730834681953475 3
1746628924095 0.7222614092754015 4
1746628987784 0.7076265822890826 5
1746629051943 0.7049533071398574 6
1746629115157 0.7285077610484975 7
1746629178507 0.6843427941440777 8
1746629242434 0.6881321759699345 9
1746629315498 0.7065728311261597 10
1746629378849 0.727432823002125 11
1746629441960 0.7042358838273515 12
1746629505145 0.6873360719873182 13
1746629568429 0.7285900466633011 14
1746629631582 0.7182989080685018 15
1746629694867 0.7241357819250194 16
1746629759505 0.7256716672085738 17
1746629825107 0.6989584679497673 18
1746629888345 0.7037795434326279 19
1746629952663 0.7043522003060503 20
1746630015852 0.695586970085489 21
1746630079473 0.7162260996878675 22
1746630142679 0.7099355347782365 23
1746630206045 0.7086367474297129 24
1746630269473 0.7149092007303969 25
1746630332755 0.7099079349338422 26
1746630395989 0.721042729269439 27
1746630459210 0.7131213693957179 28
1746630522607 0.7181162122946628 29
