1746628665075 0.15175669507502193 0
1746628728761 0.5484921296306952 1
1746628796736 0.6096267533394898 2
1746628860206 0.6283356118289637 3
1746628924095 0.7272447036515819 4
1746628987784 0.6744482582946674 5
1746629051943 0.699176038426735 6
1746629115157 0.7067120539928493 7
1746629178507 0.6473303747298852 8
1746629242434 0.6599782128985504 9
1746629315498 0.6994058000219875 10
1746629378849 0.7150030027185257 11
1746629441960 0.7115151523075984 12
1746629505145 0.6552244302389458 13
1746629568429 0.7107713875810313 14
1746629631582 0.6892966274561982 15
1746629694867 0.6957825281564644 16
1746629759505 0.7057160739424666 17
1746629825107 0.6669978570944495 18
1746629888345 0.6753010420319564 19
1746629952663 0.6811568682259832 20
1746630015852 0.6672266903037302 21
1746630079473 0.6970922329072452 22
1746630142679 0.6842029542925736 23
1746630206045 0.6910748719349775 24
1746630269473 0.6902661234018368 25
1746630332755 0.6847730612002413 26
1746630395989 0.7039123898507769 27
1746630459210 0.6945121299280539 28
1746630522607 0.69920716605943 29
