1746628665075 0.4412060301507094 0
1746628728761 0.7271171941830002 1
1746628796736 0.754999999999937 2
1746628860206 0.7378872120730152 3
1746628924095 0.7826810990840314 4
1746628987784 0.7621359223300354 5
1746629051943 0.7582861762327601 6
1746629115157 0.7841971112998484 7
1746629178507 0.7279752704790782 8
1746629242434 0.745830023828376 9
1746629315498 0.7670311185869834 10
1746629378849 0.7811447811447154 11
1746629441960 0.7778709136629691 12
1746629505145 0.7250589159465259 13
1746629568429 0.7690417690417061 14
1746629631582 0.7606084867893707 15
1746629694867 0.7825370675452403 16
1746629759505 0.7741137675184852 17
1746629825107 0.7509881422924307 18
1746629888345 0.7578439259854579 19
1746629952663 0.7676518883414805 20
1746630015852 0.7530168946097544 21
1746630079473 0.7735849056603139 22
1746630142679 0.7612179487178877 23
1746630206045 0.7681041497151531 24
1746630269473 0.7639000805801157 25
1746630332755 0.7652243589742976 26
1746630395989 0.7762295081966577 27
1746630459210 0.7756933115823185 28
1746630522607 0.7711726384364193 29
