1746628665075 0.39301700984777144 0
1746628728761 0.7609668755594663 1
1746628796736 0.8111011638316193 2
1746628860206 0.8316920322291108 3
1746628924095 0.8415398388539981 4
1746628987784 0.8433303491494321 5
1746629051943 0.839749328558564 6
1746629115157 0.8263205013428088 7
1746629178507 0.8433303491494321 8
1746629242434 0.840644583706281 9
1746629315498 0.8164726947179215 10
1746629378849 0.8307967770813938 11
1746629441960 0.8307967770813938 12
1746629505145 0.8263205013428088 13
1746629568429 0.840644583706281 14
1746629631582 0.8504923903311682 15
1746629694867 0.8504923903311682 16
1746629759505 0.840644583706281 17
1746629825107 0.8504923903311682 18
1746629888345 0.8433303491494321 19
1746629952663 0.837063563115413 20
1746630015852 0.83795881826313 21
1746630079473 0.8442256042971491 22
1746630142679 0.8504923903311682 23
1746630206045 0.8451208594448661 24
1746630269473 0.8487018800357342 25
1746630332755 0.8549686660697533 26
1746630395989 0.8478066248880172 27
1746630459210 0.8513876454788852 28
1746630522607 0.8478066248880172 29
