1745750777740 0.9983007472996809 0
1745750840703 0.3597606572569633 1
1745750902508 0.2374182440796677 2
1745750964158 0.20818903107120065 3
1745751026648 0.157590135779916 4
1745751089227 0.1265617050230503 5
1745751151857 0.10056160489211277 6
1745751213796 0.08240592225017596 7
1745751276169 0.06411361679130671 8
1745751337878 0.052568583844267595 9
1745751399514 0.044639120182516624 10
1745751461198 0.03769602060165941 11
1745751522805 0.03009800852409431 12
1745751584468 0.022701173422059844 13
1745751646550 0.018222957640430148 14
1745751708317 0.014405811590389634 15
1745751770720 0.012079816886546964 16
1745751832399 0.01025595276008303 17
1745751894785 0.009055612817862812 18
1745751956510 0.00789499520894368 19
