1745750777740 2e-05 0
1745750840703 2e-05 1
1745750902508 2e-05 2
1745750964158 8e-05 3
1745751026648 8e-05 4
1745751089227 8e-05 5
1745751151857 8e-05 6
1745751213796 8e-05 7
1745751276169 8e-05 8
1745751337878 8e-05 9
1745751399514 8e-05 10
1745751461198 8e-05 11
1745751522805 6.400000000000001e-05 12
1745751584468 6.400000000000001e-05 13
1745751646550 5.120000000000001e-05 14
1745751708317 5.120000000000001e-05 15
1745751770720 4.0960000000000014e-05 16
1745751832399 4.0960000000000014e-05 17
1745751894785 3.276800000000001e-05 18
1745751956510 3.276800000000001e-05 19
