1745750779688 0.4375324001585659 0
1745750841618 0.751937984446131 1
1745750903420 0.7664041994250244 2
1745750965082 0.7783595112937687 3
1745751027583 0.7967409948042222 4
1745751090240 0.8065772392403362 5
1745751153122 0.7960666951189083 6
1745751214792 0.8093385213507666 7
1745751277126 0.7967618235546496 8
1745751338795 0.7993282955000839 9
1745751400450 0.7957446808011179 10
1745751462111 0.7862886161159732 11
1745751523725 0.8063410453656181 12
1745751585778 0.8057118130179217 13
1745751647510 0.808201623187968 14
