1745750779688 0.5197044334974729 0
1745750841618 0.7244813278007697 1
1745750903420 0.7493584260050684 2
1745750965082 0.7591489361701481 3
1745751027583 0.7646090534978794 4
1745751090240 0.7805695142377905 5
1745751153122 0.761865793780625 6
1745751214792 0.7826086956521084 7
1745751277126 0.7601626016259544 8
1745751338795 0.7525691699604148 9
1745751400450 0.758313057583069 10
1745751462111 0.745585874799298 11
1745751523725 0.7732128184058527 12
1745751585778 0.7797319932997672 13
1745751647510 0.7728758169934009 14
1745751709302 0.7843621399176309 15
1745751771663 0.7846410684473468 16
1745751834023 0.7762180016514635 17
1745751895729 0.7752442996742039 18
1745751957492 0.7594529364440258 19
