1745750779688 0.16621794743622037 0
1745750841618 0.6116747365730298 1
1745750903420 0.6815006908577353 2
1745750965082 0.6872514077407564 3
1745751027583 0.7728424908768395 4
1745751090240 0.7692109709171866 5
1745751153122 0.7709095566767347 6
1745751214792 0.7840058971712849 7
1745751277126 0.7838043638901774 8
1745751338795 0.7900988654710539 9
1745751400450 0.7795125942934226 10
1745751462111 0.7757401111747624 11
1745751523725 0.7912999734288775 12
1745751585778 0.7860818511450416 13
1745751647510 0.7918942626456963 14
1745751709302 0.7949153743759597 15
1745751771663 0.7866886761033919 16
1745751834023 0.7813063396420964 17
1745751895729 0.7961626451597884 18
1745751957492 0.7938875703607422 19
