1745750918644 0.7224205076998594 0
1745751113884 0.22819539418025891 1
1745751307695 0.17735082245602898 2
1745751501833 0.1864447330637854 3
1745751696160 0.1397332747523882 4
1745751888310 0.1005693621629355 5
1745752083286 0.07757531459994461 6
1745752275716 0.06206983031362903 7
1745752468365 0.044852442602265855 8
1745752665671 0.03484082121249973 9
1745752860990 0.031235323221023594 10
1745753056037 0.02787889516437236 11
1745753249435 0.025093788528168688 12
1745753444110 0.02223380511550575 13
1745753637925 0.02103603073414795 14
1745753831163 0.01881753544475199 15
1745754024659 0.016312643011309663 16
1745754217865 0.010244874416717462 17
1745754411640 0.006844623045216562 18
1745754604281 0.005395208245466406 19
1745754797753 0.0036678111384983877 20
1745754989867 0.003148111381701061 21
1745755183242 0.0026920470735770936 22
