1745750920696 0.5209070368006731 0
1745751116223 0.644078941292136 1
1745751309747 0.6919995541701491 2
1745751504176 0.6714086246152955 3
1745751698238 0.6522165965398984 4
1745751890787 0.7000771247366655 5
1745752085428 0.6784281352479553 6
1745752277938 0.7126764141985373 7
1745752471162 0.6873918885839821 8
1745752667808 0.7143972543687362 9
1745752863120 0.7389395757130018 10
1745753058400 0.679921861702928 11
1745753251622 0.7527206166139498 12
1745753447253 0.6546995720181372 13
1745753640120 0.7034564290993947 14
1745753833608 0.6899519493996972 15
1745754026764 0.7127616415958046 16
1745754220065 0.6894047776445814 17
1745754413769 0.669343625742007 18
