1746729602209 2e-05 0
1746729818132 4e-05 1
1746730043230 6.000000000000001e-05 2
1746730247185 8e-05 3
1746730448937 8e-05 4
1746730718039 8e-05 5
1746731060629 8e-05 6
1746731304423 8e-05 7
1746731510687 8e-05 8
1746731713199 8e-05 9
1746731975400 8e-05 10
1746732331965 8e-05 11
1746732538178 8e-05 12
1746732748579 8e-05 13
1746732950402 8e-05 14
1746733235569 6.400000000000001e-05 15
1746733561687 6.400000000000001e-05 16
1746733763703 5.120000000000001e-05 17
1746733965899 5.120000000000001e-05 18
1746734168421 4.0960000000000014e-05 19
