1746729602209 0.5556009712785778 0
1746729818132 0.2154521390353099 1
1746730043230 0.16782023278203342 2
1746730247185 0.13674590426801456 3
1746730448937 0.10603118887042055 4
1746730718039 0.08174152196486398 5
1746731060629 0.05949440902781369 6
1746731304423 0.04226315810833827 7
1746731510687 0.030948782321250083 8
1746731713199 0.03516157390088728 9
1746731975400 0.028805143568701674 10
1746732331965 0.026601769269840553 11
1746732538178 0.026789004268991477 12
1746732748579 0.030871466567536983 13
1746732950402 0.03265989624369558 14
1746733235569 0.020970908491549516 15
1746733561687 0.013060083755725387 16
1746733763703 0.009025239445601064 17
1746733965899 0.006036840672005374 18
1746734168421 0.004532950539556839 19
