1746729605232 0.7653895823865119 0
1746729822421 0.8297506448339278 1
1746730046375 0.8822779430014766 2
1746730249458 0.8869489305479457 3
1746730451309 0.9022887323443007 4
1746730723851 0.9395267308877137 5
1746731067249 0.9525919361484143 6
1746731308031 0.9442477875605425 7
1746731513234 0.9587719297744975 8
1746731715704 0.9498000887993188 9
1746731983640 0.9679144384525885 10
1746732336426 0.944180008604236 11
1746732541991 0.972900932868619 12
1746732751521 0.9527145358518668 13
1746732953411 0.9599999999499317 14
1746733241031 0.9738126941354475 15
1746733565388 0.9725177304463725 16
1746733766934 0.9721362228601378 17
1746733968767 0.9857397503955461 18
1746734170707 0.977836879382542 19
