1745702594812 0.2773551784216257 0
1745702659189 0.6827524575013243 1
1745702723507 0.7229129662021591 2
1745702788846 0.7903083699939958 3
1745702853150 0.79843614243477 4
1745702917590 0.7958387515754688 5
1745702981210 0.7875734676243502 6
1745703045640 0.8070325900014771 7
1745703110195 0.7900923593120075 8
1745703173741 0.805829404150621 9
1745703237396 0.8143041791830893 10
1745703301681 0.814751286399418 11
1745703366063 0.814942035158257 12
1745703430410 0.8022212729103093 13
1745703494026 0.7970827970328153 14
1745703557661 0.814751286399418 15
1745703621782 0.8022404135648225 16
1745703685343 0.7993197278412144 17
1745703749228 0.8174363400449438 18
1745703813804 0.802580645111298 19
1745703877377 0.8114186850710939 20
1745703940899 0.8065772392403362 21
1745704004659 0.7998296421987721 22
1745704068374 0.8079242032230427 23
1745704131969 0.8121739129934488 24
1745704195561 0.8144952544797623 25
1745704259115 0.8140442132139587 26
1745704322714 0.8131772864692686 27
1745704386296 0.8124459809352964 28
1745704449896 0.8183006535447352 29
