1745702594812 0.09065290469108499 0
1745702659189 0.4903205242947624 1
1745702723507 0.5725652072826267 2
1745702788846 0.6924763460333938 3
1745702853150 0.7670717456079814 4
1745702917590 0.7627775629589189 5
1745702981210 0.7732146565877211 6
1745703045640 0.7867121461965444 7
1745703110195 0.7687118316808962 8
1745703173741 0.7828033091854375 9
1745703237396 0.7837590615016901 10
1745703301681 0.793530682779623 11
1745703366063 0.7767752830645834 12
1745703430410 0.7712590244029188 13
1745703494026 0.760858852946058 14
1745703557661 0.793854964836386 15
1745703621782 0.7689602953852541 16
1745703685343 0.7773946736563373 17
1745703749228 0.780457807561369 18
1745703813804 0.7672582418018682 19
1745703877377 0.7718831522295161 20
1745703940899 0.7681768515631242 21
1745704004659 0.7729006781570866 22
1745704068374 0.7722513705310353 23
1745704131969 0.770440733169566 24
1745704195561 0.7825649955659534 25
1745704259115 0.7764825012509277 26
1745704322714 0.7768139479984459 27
1745704386296 0.7792780587136079 28
1745704449896 0.7796434142853723 29
