1746749515283 0.0 0
1746749697454 0.0404235300388961 1
1746749876038 0.18211669045971288 2
1746750055831 0.3655081403221768 3
1746750228120 0.540718542414955 4
1746750406915 0.5694257814203803 5
1746750582960 0.6814952233604061 6
1746750757882 0.8006003028274277 7
1746750936035 0.8424643930318836 8
1746751104613 0.8949947404563999 9
1746751263133 0.9338843739797331 10
1746751422102 0.9388729757427859 11
1746751579412 0.9548575989783998 12
1746751738495 0.9085115906243115 13
1746751893201 0.9567067045905061 14
1746752052028 0.9446432201123709 15
1746752211059 0.9667264042705549 16
1746752367716 0.9701931759813766 17
1746752525250 0.951151061663738 18
1746752681247 0.9664738213161493 19
