1746777640105 1.2020388452374204 0
1746777707310 0.4645822251937827 1
1746777778022 0.26318779116382407 2
1746777849856 0.1958041754456199 3
1746777918122 0.1547149508735355 4
1746777987575 0.12406760507396289 5
1746778057023 0.09939924680760928 6
1746778128038 0.07972168599312403 7
1746778195788 0.06674034467765264 8
1746778264098 0.053979464920655806 9
1746778331791 0.046454920205382666 10
1746778400499 0.03970197242285524 11
1746778468712 0.034654775615401416 12
1746778535610 0.027307528508256892 13
1746778604788 0.026314928443456183 14
1746778672032 0.02151690563187003 15
1746778743284 0.017591984605188578 16
1746778812510 0.013676284959691823 17
1746778879676 0.011297969427910082 18
1746778952250 0.009420958939198481 19
1746779021341 0.008726315482576586 20
1746779088661 0.007749533499305954 21
1746779155590 0.006727346874849528 22
1746779224614 0.006262507082951464 23
1746779292054 0.005345808721042941 24
1746779358899 0.004676860343778924 25
1746779425559 0.00440487611981831 26
1746779492346 0.004190328431182674 27
1746779558926 0.00388360094773222 28
1746779625583 0.003655665980566445 29
