1746777642065 0.27854855923156047 0
1746777709872 0.6981907894736268 1
1746777781324 0.7053973013492725 2
1746777852045 0.7609958506223434 3
1746777920388 0.741459627329135 4
1746777990183 0.7775905644481231 5
1746778059327 0.7901023890784309 6
1746778130205 0.7839195979898841 7
1746778198349 0.7611336032388047 8
1746778266790 0.7891156462584362 9
1746778333987 0.7732558139534241 10
1746778403086 0.7588141025640417 11
1746778470810 0.7758333333332686 12
1746778538975 0.7661157024792755 13
1746778607205 0.7814345991560522 14
1746778675274 0.7507961783438892 15
1746778746973 0.7726523887973004 16
1746778814699 0.7861369399830274 17
1746778882173 0.7907172995779923 18
1746778955421 0.7568659127624591 19
1746779023829 0.756295694557209 20
1746779090882 0.7665016501649532 21
1746779158462 0.7685337726523255 22
1746779226827 0.7898734177214523 23
1746779294232 0.7770437654830077 24
1746779360924 0.7806291390727831 25
1746779427754 0.782318598832295 26
1746779494352 0.7806505421183669 27
1746779560990 0.7847571189279074 28
1746779627681 0.7763048881523797 29
