1746630999367 0.42345568487015006 0
1746631151285 0.7717099373320705 1
1746631302065 0.83795881826313 2
1746631455104 0.8558639212174703 3
1746631605491 0.8469113697403001 4
1746631754796 0.8361683079676959 5
1746631910857 0.8352730528199789 6
1746632062583 0.8316920322291108 7
1746632215128 0.8316920322291108 8
1746632364595 0.8299015219336768 9
1746632515306 0.8137869292747705 10
1746632665126 0.8191584601610725 11
1746632818371 0.8325872873768279 12
1746632972239 0.8281110116382427 13
1746633126255 0.8218442256042237 14
1746633277729 0.8218442256042237 15
1746633438551 0.8218442256042237 16
1746633598073 0.8281110116382427 17
1746633750863 0.8191584601610725 18
1746633908145 0.8173679498656385 19
1746634064069 0.8254252461950917 20
1746634222744 0.8290062667859598 21
1746634380308 0.8325872873768279 22
1746634539130 0.8299015219336768 23
1746634699973 0.8334825425245449 24
1746634856661 0.8307967770813938 25
1746635012457 0.8307967770813938 26
1746635165393 0.8281110116382427 27
1746635316213 0.8343777976722618 28
1746635468546 0.8307967770813938 29
