1745738869097 2e-05 0
1745738902099 2e-05 1
1745738936448 2e-05 2
1745738971777 8e-05 3
1745739006868 8e-05 4
1745739042370 8e-05 5
1745739076738 8e-05 6
1745739110533 8e-05 7
1745739145430 8e-05 8
1745739180197 8e-05 9
1745739218145 8e-05 10
1745739254976 8e-05 11
1745739290262 8e-05 12
1745739325222 8e-05 13
1745739360116 8e-05 14
1745739394445 6.400000000000001e-05 15
1745739429136 6.400000000000001e-05 16
1745739463862 5.120000000000001e-05 17
1745739498672 5.120000000000001e-05 18
1745739532882 4.0960000000000014e-05 19
1745739567089 4.0960000000000014e-05 20
1745739601239 3.276800000000001e-05 21
1745739635428 3.276800000000001e-05 22
1745739669736 2.6214400000000008e-05 23
1745739703973 2.6214400000000008e-05 24
1745739738247 2.097152000000001e-05 25
1745739772500 2.097152000000001e-05 26
1745739806749 1.6777216000000006e-05 27
1745739840967 1.6777216000000006e-05 28
1745739875212 1.3421772800000009e-05 29
