1745738870006 0.0 0
1745738902994 0.12705228496402962 1
1745738937366 0.3732284412681746 2
1745738972695 0.5429668003958438 3
1745739008458 0.6384035369589006 4
1745739043270 0.5873645918175848 5
1745739077658 0.6320936415191825 6
1745739111488 0.63786599312723 7
1745739146341 0.6211983406457825 8
1745739182776 0.6930704963211939 9
1745739219232 0.7105626904181844 10
1745739256134 0.695968848774991 11
1745739291356 0.6549663365654486 12
1745739326216 0.6997085686827085 13
1745739361064 0.6568862799970184 14
1745739395344 0.6943819960859301 15
1745739430048 0.7219814389513981 16
1745739464796 0.7416590040889193 17
1745739499623 0.7156855860805662 18
1745739533858 0.6917219203292794 19
1745739567985 0.7055227585046169 20
1745739602138 0.7194139970079536 21
1745739636357 0.699472778044682 22
1745739670725 0.7073840484231179 23
1745739704879 0.7203850685734039 24
1745739739165 0.7128666591347133 25
1745739773416 0.7012918033168798 26
1745739807645 0.7095741123483494 27
1745739841869 0.7061946688151053 28
1745739876109 0.7034548948896652 29
