1745738870006 0.0 0
1745738902994 0.3491495076096375 1
1745738937366 0.6159355416293092 2
1745738972695 0.7761862130706556 3
1745739008458 0.8003581020590151 4
1745739043270 0.8128916741270534 5
1745739077658 0.8182632050133556 6
1745739111488 0.8182632050133556 7
1745739146341 0.8343777976722618 8
1745739182776 0.8281110116382427 9
1745739219232 0.83795881826313 10
1745739256134 0.840644583706281 11
1745739291356 0.8442256042971491 12
1745739326216 0.8263205013428088 13
1745739361064 0.8164726947179215 14
1745739395344 0.83795881826313 15
1745739430048 0.8209489704565066 16
1745739464796 0.8316920322291108 17
1745739499623 0.8227394807519406 18
1745739533858 0.8469113697403001 19
1745739567985 0.8415398388539981 20
1745739602138 0.8343777976722618 21
1745739636357 0.8460161145925831 22
1745739670725 0.837063563115413 23
1745739704879 0.8442256042971491 24
1745739739165 0.8469113697403001 25
1745739773416 0.8487018800357342 26
1745739807645 0.8478066248880172 27
1745739841869 0.8469113697403001 28
1745739876109 0.8487018800357342 29
