1745830873964 2e-05 0
1745830935338 2e-05 1
1745830997671 2e-05 2
1745831059430 8e-05 3
1745831121279 8e-05 4
1745831183753 8e-05 5
1745831245591 8e-05 6
1745831306966 8e-05 7
1745831368986 8e-05 8
1745831430378 8e-05 9
1745831492850 8e-05 10
1745831556296 8e-05 11
1745831618359 8e-05 12
1745831680015 8e-05 13
1745831741353 8e-05 14
1745831802937 6.400000000000001e-05 15
1745831864247 6.400000000000001e-05 16
1745831926296 5.120000000000001e-05 17
1745831988881 5.120000000000001e-05 18
1745832050758 4.0960000000000014e-05 19
1745832113044 4.0960000000000014e-05 20
1745832174496 3.276800000000001e-05 21
1745832236296 3.276800000000001e-05 22
1745832297781 2.6214400000000008e-05 23
1745832359182 2.6214400000000008e-05 24
1745832420600 2.097152000000001e-05 25
1745832482046 2.097152000000001e-05 26
1745832544095 1.6777216000000006e-05 27
1745832606102 1.6777216000000006e-05 28
1745832667504 1.3421772800000009e-05 29
