1745830875939 0.11792543244612844 0
1745830936515 0.40839425476097896 1
1745830998698 0.5511536952529955 2
1745831060472 0.6743588619334678 3
1745831122474 0.6777616967912793 4
1745831185121 0.6909419255347651 5
1745831246649 0.6709067548701462 6
1745831308018 0.6962369391152502 7
1745831370148 0.6952889381713854 8
1745831432235 0.6863358085816602 9
1745831494390 0.7015115351454585 10
1745831557361 0.713866964615424 11
1745831619862 0.6791205409525395 12
1745831681080 0.6932857148523127 13
1745831742697 0.702233041319778 14
1745831803985 0.6954704268151631 15
1745831865294 0.7292501005957945 16
1745831928182 0.6999898939983323 17
1745831990265 0.7163295085798229 18
1745832052556 0.7228209443683867 19
1745832114161 0.7080892147385008 20
1745832175986 0.7184386600025956 21
1745832237355 0.7107449096280429 22
1745832298827 0.7097341572429336 23
1745832360232 0.7017511150418121 24
1745832421672 0.7070643547251656 25
1745832483736 0.7101937312777673 26
1745832545817 0.714168086343515 27
1745832607161 0.7076769179045195 28
1745832668616 0.7146446137348524 29
