1745830875939 0.4494892167990409 0
1745830936515 0.6190476190475663 1
1745830998698 0.687999999999945 2
1745831060472 0.7233009708737279 3
1745831122474 0.765939597315372 4
1745831185121 0.7547481420313167 5
1745831246649 0.7284925019731074 6
1745831308018 0.7653814602132267 7
1745831370148 0.7555012224938259 8
1745831432235 0.7611697806660632 9
1745831494390 0.7809604043807261 10
1745831557361 0.7818791946308069 11
1745831619862 0.7453815261043578 12
1745831681080 0.7556634304206508 13
1745831742697 0.7680198840098783 14
1745831803985 0.7498014297060563 15
1745831865294 0.7834448160534462 16
1745831928182 0.762214983713293 17
1745831990265 0.7692307692307055 18
1745832052556 0.7659574468084479 19
1745832114161 0.7762825904120457 20
1745832175986 0.7771285475792339 21
1745832237355 0.7698019801979562 22
1745832298827 0.7726141078837533 23
1745832360232 0.7603911980439478 24
1745832421672 0.7683429513602005 25
1745832483736 0.770954356846409 26
1745832545817 0.7655737704917405 27
1745832607161 0.7628781684382041 28
1745832668616 0.778517901748478 29
