1745830875939 0.3545210384959396 0
1745830936515 0.65174574753799 1
1745830998698 0.7699194270366365 2
1745831060472 0.8003581020590151 3
1745831122474 0.8173679498656385 4
1745831185121 0.8182632050133556 5
1745831246649 0.8263205013428088 6
1745831308018 0.8352730528199789 7
1745831370148 0.8299015219336768 8
1745831432235 0.838854073410847 9
1745831494390 0.8299015219336768 10
1745831557361 0.8343777976722618 11
1745831619862 0.8307967770813938 12
1745831681080 0.8361683079676959 13
1745831742697 0.8299015219336768 14
1745831803985 0.8451208594448661 15
1745831865294 0.838854073410847 16
1745831928182 0.83795881826313 17
1745831990265 0.8325872873768279 18
1745832052556 0.83795881826313 19
1745832114161 0.8263205013428088 20
1745832175986 0.8334825425245449 21
1745832237355 0.8352730528199789 22
1745832298827 0.8334825425245449 23
1745832360232 0.8352730528199789 24
1745832421672 0.8343777976722618 25
1745832483736 0.8316920322291108 26
1745832545817 0.8361683079676959 27
1745832607161 0.8352730528199789 28
1745832668616 0.837063563115413 29
