1746611456886 2e-05 0
1746611541977 4e-05 1
1746611598670 6.000000000000001e-05 2
1746611653350 8e-05 3
1746611749126 8e-05 4
1746611845862 8e-05 5
1746611942765 8e-05 6
1746612038765 8e-05 7
1746612135542 8e-05 8
1746612230430 8e-05 9
1746612326579 8e-05 10
1746612424165 8e-05 11
1746612519028 8e-05 12
1746612615695 8e-05 13
1746612712295 8e-05 14
1746612841614 6.400000000000001e-05 15
1746612970278 6.400000000000001e-05 16
1746613097109 5.120000000000001e-05 17
1746613224664 5.120000000000001e-05 18
1746613351874 4.0960000000000014e-05 19
1746613480063 4.0960000000000014e-05 20
1746613608351 3.276800000000001e-05 21
1746613735313 3.276800000000001e-05 22
1746613862809 2.6214400000000008e-05 23
1746613987370 2.6214400000000008e-05 24
1746614113221 2.097152000000001e-05 25
1746614239824 2.097152000000001e-05 26
1746614366152 1.6777216000000006e-05 27
1746614492886 1.6777216000000006e-05 28
1746614619655 1.3421772800000009e-05 29
