1746611459596 0.0 0
1746611544637 0.0 1
1746611600610 0.018800358102057404 2
1746611655260 0.07341092211279557 3
1746611751162 0.7582811101163153 4
1746611848131 0.7806624888092407 5
1746611944687 0.8218442256042237 6
1746612041538 0.8433303491494321 7
1746612137420 0.8182632050133556 8
1746612233149 0.8361683079676959 9
1746612328722 0.8307967770813938 10
1746612426090 0.8281110116382427 11
1746612521110 0.8513876454788852 12
1746612619315 0.837063563115413 13
1746612715544 0.8415398388539981 14
1746612844443 0.8334825425245449 15
1746612972827 0.842435094001715 16
1746613099915 0.8433303491494321 17
1746613227524 0.8361683079676959 18
1746613354412 0.8352730528199789 19
1746613482666 0.8299015219336768 20
1746613610948 0.8316920322291108 21
1746613738173 0.8334825425245449 22
1746613865642 0.837063563115413 23
1746613990433 0.8361683079676959 24
1746614115976 0.8352730528199789 25
1746614242353 0.8352730528199789 26
1746614368728 0.837063563115413 27
1746614496044 0.8334825425245449 28
1746614622410 0.8334825425245449 29
