1745574516788 0.5408618127291166 0
1745574597629 0.7257167308015539 1
1745574671809 0.7714162720119957 2
1745574740686 0.7793671434263586 3
1745574809390 0.769999999950175 4
1745574878381 0.7890457851447236 5
1745574949430 0.8088300220249931 6
1745575043375 0.765421737256048 7
1745575111354 0.7926621159909981 8
1745575180340 0.7836206896051736 9
1745575250015 0.7970827970328153 10
1745575319228 0.7742207244656941 11
1745575388902 0.781130471688268 12
1745575460080 0.8063410453656181 13
1745575529543 0.7962489343063972 14
1745575598302 0.7954062100734078 15
1745575666923 0.7998289135513992 16
1745575736182 0.799147121485225 17
1745575806823 0.7981300466988913 18
1745575875295 0.7969217613865439 19
1745575943405 0.7998289135513992 20
1745576011274 0.7967618235546496 21
1745576079157 0.7959009393180998 22
1745576146902 0.7979495941405531 23
1745576214888 0.7974358973859319 24
1745576282683 0.8005136985801637 25
1745576350342 0.7996575341966022 26
1745576418089 0.7998289135513992 27
1745576486054 0.7964224871732186 28
1745576554851 0.7982905982406326 29
