1745574516788 0.2822567723925435 0
1745574597629 0.5253848612727038 1
1745574671809 0.6426413743856609 2
1745574740686 0.6577629849621759 3
1745574809390 0.6609470064201688 4
1745574878381 0.6887928552925152 5
1745574949430 0.6986109274499861 6
1745575043375 0.6801455935922605 7
1745575111354 0.6855176608932043 8
1745575180340 0.6692347318702873 9
1745575250015 0.7065904066210764 10
1745575319228 0.6697002130105525 11
1745575388902 0.6835913018961995 12
1745575460080 0.7070983172791323 13
1745575529543 0.6900759168841419 14
1745575598302 0.6832902497358108 15
1745575666923 0.699002280891163 16
1745575736182 0.6923520053376311 17
1745575806823 0.7026887461173431 18
1745575875295 0.6802404767691002 19
1745575943405 0.6953681567948483 20
1745576011274 0.6908624504166079 21
1745576079157 0.6865243858344139 22
1745576146902 0.6900599186216148 23
1745576214888 0.6845381879017539 24
1745576282683 0.6872691415106154 25
1745576350342 0.6882376915246725 26
1745576418089 0.6934309240821739 27
1745576486054 0.6930099545205017 28
1745576554851 0.6927980938397033 29
