1745574516788 0.605321507760465 0
1745574597629 0.6950819672130577 1
1745574671809 0.7429519071309499 2
1745574740686 0.7554621848738861 3
1745574809390 0.7201870615743787 4
1745574878381 0.7557377049179708 5
1745574949430 0.7979094076654357 6
1745575043375 0.7203791469193743 7
1745575111354 0.7571312143438665 8
1745575180340 0.7556109725685157 9
1745575250015 0.7652388797363455 10
1745575319228 0.7311058074780643 11
1745575388902 0.7435275080905547 12
1745575460080 0.7732128184058527 13
1745575529543 0.7599674532139332 14
1745575598302 0.7576985413289499 15
1745575666923 0.765765765765703 16
1745575736182 0.7630293159608499 17
1745575806823 0.7597087378640162 18
1745575875295 0.7626841243861896 19
1745575943405 0.765765765765703 20
1745576011274 0.7601626016259544 21
1745576079157 0.7608163265305501 22
1745576146902 0.7630718954247743 23
1745576214888 0.7628781684382041 24
1745576282683 0.7670221493026442 25
1745576350342 0.7662018047579354 26
1745576418089 0.765765765765703 27
1745576486054 0.7595450852964452 28
1745576554851 0.763695829926348 29
