1746198853445 774.5764026252591 0
1746199004608 420.5859378114039 1
1746199155519 314.5437572245695 2
1746199311131 245.7911995089784 3
1746199603155 110.89881678989956 4
1746199894086 59.729698064375896 5
1746200186242 43.99353046806491 6
1746200473398 32.85500088516547 7
1746200761181 24.51342589514596 8
1746201049220 21.120240493696564 9
1746201334028 16.15947324402478 10
1746201619151 13.121571531101148 11
1746201908502 12.236708402633667 12
1746202194478 8.470844901337916 13
1746202485266 6.305002229554312 14
1746202774272 5.069716424358134 15
1746203061888 3.345096865478827 16
1746203350610 2.8540023054395403 17
1746203638807 2.514833518436977 18
1746203928822 2.8666392954028383 19
1746204218529 1.7590764809627921 20
1746204509122 2.07751088482993 21
1746204799734 1.4171362063106225 22
1746205092986 0.9449205678336474 23
1746205382834 0.7973151419843946 24
1746205673093 0.7984019116479524 25
1746205962392 0.9006503820419312 26
1746206258913 0.6458595601879821 27
1746206551230 0.6078503983361381 28
1746206842370 0.4976430194718497 29
