1746198859095 0.0 0
1746199009999 0.0 1
1746199161272 0.05372167538778615 2
1746199316519 0.11106624602494258 3
1746199608630 0.563613938231624 4
1746199900063 0.6925980224290146 5
1746200191944 0.7224431553379025 6
1746200478873 0.6783060725853756 7
1746200767201 0.6746749928826025 8
1746201054796 0.6655694357065507 9
1746201340387 0.6857726955398051 10
1746201624540 0.6743504768102235 11
1746201914311 0.6861969006341746 12
1746202200078 0.688791835619016 13
1746202490765 0.6796139417771155 14
1746202779684 0.6998948430485051 15
1746203067514 0.6834191062661551 16
1746203356223 0.6768036735786568 17
1746203644548 0.7077778889844027 18
1746203934547 0.7043337580192083 19
1746204224716 0.7185811740236504 20
1746204515211 0.7085528656829396 21
1746204805722 0.7299919082669631 22
1746205098553 0.7147023388009833 23
1746205388585 0.7117254186259137 24
1746205678788 0.7226037873111142 25
1746205968265 0.7157979342144407 26
1746206264648 0.7082563250066738 27
1746206557017 0.7083197937726435 28
1746206848022 0.7126970728999831 29
