1746472016470 0.0 0
1746472145612 0.0 1
1746472275110 0.015384615384538463 2
1746472406871 0.09179305613708967 3
1746472664974 0.4853904745259576 4
1746472924977 0.5940678941318486 5
1746473185174 0.6742278516278304 6
1746473445272 0.7303618570690419 7
1746473705052 0.7063566064210722 8
1746473966461 0.701506985860537 9
1746474224738 0.7018477306313512 10
1746474483417 0.6745728870203594 11
1746474741461 0.6942551985638732 12
1746475000097 0.7229122817317054 13
1746475263510 0.7210876443947534 14
1746475528155 0.7276474519217692 15
1746475788848 0.7245311482161866 16
1746476049316 0.7298935846533976 17
1746476306456 0.7424104525484753 18
1746476570485 0.7246217529587168 19
1746476828341 0.7280148834298225 20
1746477087447 0.7453144656058981 21
1746477348040 0.7299916416813435 22
1746477607331 0.738133764399653 23
1746477867740 0.7374960638484609 24
1746478127964 0.726180655800331 25
1746478386664 0.7273570176040003 26
1746478644871 0.7259908482171545 27
1746478902079 0.7333135542223668 28
1746479162170 0.7330104368266229 29
