1746472016470 0.0 0
1746472145612 0.0 1
1746472275110 0.199999999999 2
1746472406871 0.4392857142855574 3
1746472664974 0.7144032921810112 4
1746472924977 0.7712363330529208 5
1746473185174 0.7781541066891805 6
1746473445272 0.7936643835615759 7
1746473705052 0.7860738255032897 8
1746473966461 0.770096463022446 9
1746474224738 0.774246128769293 10
1746474483417 0.7553784860557167 11
1746474741461 0.7739837398373354 12
1746475000097 0.7902274641953841 13
1746475263510 0.7787021630614992 14
1746475528155 0.7744610281923072 15
1746475788848 0.7785123966941505 16
1746476049316 0.7785069729285661 17
1746476306456 0.8017094017093331 18
1746476570485 0.7876254180601348 19
1746476828341 0.7831125827813921 20
1746477087447 0.8037542662115355 21
1746477348040 0.7877280265339314 22
1746477607331 0.7952822240942885 23
1746477867740 0.7896494156927554 24
1746478127964 0.7879799666109526 25
1746478386664 0.7906197654940711 26
1746478644871 0.7854785478547206 27
1746478902079 0.7906197654940711 28
1746479162170 0.7864238410595376 29
