1746472016470 0.0 0
1746472145612 0.0 1
1746472275110 0.0035810205908680766 2
1746472406871 0.11011638316919337 3
1746472664974 0.7770814682183727 4
1746472924977 0.8209489704565066 5
1746473185174 0.8227394807519406 6
1746473445272 0.8299015219336768 7
1746473705052 0.838854073410847 8
1746473966461 0.8576544315129044 9
1746474224738 0.8504923903311682 10
1746474483417 0.8487018800357342 11
1746474741461 0.8522829006266023 12
1746475000097 0.839749328558564 13
1746475263510 0.83795881826313 14
1746475528155 0.8361683079676959 15
1746475788848 0.8433303491494321 16
1746476049316 0.8495971351834513 17
1746476306456 0.839749328558564 18
1746476570485 0.8433303491494321 19
1746476828341 0.8469113697403001 20
1746477087447 0.8433303491494321 21
1746477348040 0.8504923903311682 22
1746477607331 0.8451208594448661 23
1746477867740 0.8469113697403001 24
1746478127964 0.8451208594448661 25
1746478386664 0.8451208594448661 26
1746478644871 0.8522829006266023 27
1746478902079 0.8451208594448661 28
1746479162170 0.8504923903311682 29
