1746658695989 0.0 0
1746658956666 0.11188090988228752 1
1746659216315 0.32243016547347764 2
1746659478652 0.47466997746890327 3
1746659736699 0.590127942333307 4
1746659996268 0.5809277662317581 5
1746660254461 0.6392078258696972 6
1746660516023 0.672150419747047 7
1746660776602 0.6634526811242462 8
1746661038506 0.7184039102711891 9
1746661300804 0.6858400617945731 10
1746661562303 0.6790800945016348 11
1746661816359 0.6581378639901493 12
1746662073897 0.6729747480540603 13
1746662332547 0.6336864123191349 14
1746662590579 0.6877926584309584 15
1746662849379 0.626771870448345 16
1746663107801 0.678322972824301 17
1746663367857 0.747573680476431 18
1746663629176 0.6793587885349381 19
1746663887971 0.6598261886927118 20
1746664150033 0.6724650105223083 21
1746664411923 0.6845276739882447 22
1746664672103 0.6729953371264273 23
1746664929268 0.6775833962370947 24
1746665187670 0.6880995413575814 25
1746665445941 0.6712816995132513 26
1746665703971 0.674892948064939 27
1746665962895 0.6708739013064021 28
1746666218039 0.6625316240352336 29
