1746658695989 0.0 0
1746658956666 0.3965980304386395 1
1746659216315 0.655326768128858 2
1746659478652 0.7645478961503344 3
1746659736699 0.8155774395702045 4
1746659996268 0.7627573858549004 5
1746660254461 0.8281110116382427 6
1746660516023 0.8325872873768279 7
1746660776602 0.8325872873768279 8
1746661038506 0.838854073410847 9
1746661300804 0.8343777976722618 10
1746661562303 0.8415398388539981 11
1746661816359 0.8173679498656385 12
1746662073897 0.8128916741270534 13
1746662332547 0.8316920322291108 14
1746662590579 0.8316920322291108 15
1746662849379 0.8325872873768279 16
1746663107801 0.8299015219336768 17
1746663367857 0.8307967770813938 18
1746663629176 0.8361683079676959 19
1746663887971 0.8263205013428088 20
1746664150033 0.8325872873768279 21
1746664411923 0.8307967770813938 22
1746664672103 0.839749328558564 23
1746664929268 0.8334825425245449 24
1746665187670 0.840644583706281 25
1746665445941 0.8299015219336768 26
1746665703971 0.8316920322291108 27
1746665962895 0.8272157564905257 28
1746666218039 0.8263205013428088 29
