1746750146179 2e-05 0
1746750270239 4e-05 1
1746750417080 6.000000000000001e-05 2
1746750794994 8e-05 3
1746751160804 8e-05 4
1746751290748 8e-05 5
1746751415884 8e-05 6
1746751552301 8e-05 7
1746751683120 8e-05 8
1746751808350 8e-05 9
1746752043755 8e-05 10
1746752372800 8e-05 11
1746752503442 8e-05 12
1746752649915 8e-05 13
1746752777673 8e-05 14
1746752898197 6.400000000000001e-05 15
1746753026243 6.400000000000001e-05 16
1746753269702 5.120000000000001e-05 17
1746753538893 5.120000000000001e-05 18
1746753721479 4.0960000000000014e-05 19
