1745738894448 1.2437125480904871 0
1745738957558 0.5495850227925242 1
1745739021940 0.35803123715580726 2
1745739086107 0.28810324124535736 3
1745739151100 0.2092355424348189 4
1745739215353 0.1645841444177287 5
1745739280919 0.12714727975580156 6
1745739345155 0.10124306536602731 7
1745739408572 0.08234260641798681 8
1745739471576 0.06552291862970712 9
1745739535620 0.057179472333162416 10
1745739599127 0.05115987696893969 11
1745739662956 0.04138776040350904 12
1745739726399 0.034243064609413246 13
1745739789656 0.02895840332482238 14
1745739852944 0.02353964050357439 15
1745739916753 0.019927087938413024 16
1745739980237 0.01653358512272944 17
1745740043567 0.01518126063485991 18
1745740106891 0.012978920009823479 19
1745740170186 0.01099701744637319 20
1745740233526 0.009569107735415503 21
1745740297066 0.009057296770244685 22
1745740360440 0.008349066692860606 23
1745740423685 0.007805224776515091 24
1745740487723 0.006765928333245066 25
1745740550929 0.006801317974554413 26
1745740615035 0.006042593636321931 27
1745740678308 0.005750218118845048 28
1745740741623 0.005573081871855776 29
