1745738894448 2e-05 0
1745738957558 2e-05 1
1745739021940 2e-05 2
1745739086107 8e-05 3
1745739151100 8e-05 4
1745739215353 8e-05 5
1745739280919 8e-05 6
1745739345155 8e-05 7
1745739408572 8e-05 8
1745739471576 8e-05 9
1745739535620 8e-05 10
1745739599127 8e-05 11
1745739662956 8e-05 12
1745739726399 8e-05 13
1745739789656 8e-05 14
1745739852944 6.400000000000001e-05 15
1745739916753 6.400000000000001e-05 16
1745739980237 5.120000000000001e-05 17
1745740043567 5.120000000000001e-05 18
1745740106891 4.0960000000000014e-05 19
1745740170186 4.0960000000000014e-05 20
1745740233526 3.276800000000001e-05 21
1745740297066 3.276800000000001e-05 22
1745740360440 2.6214400000000008e-05 23
1745740423685 2.6214400000000008e-05 24
1745740487723 2.097152000000001e-05 25
1745740550929 2.097152000000001e-05 26
1745740615035 1.6777216000000006e-05 27
1745740678308 1.6777216000000006e-05 28
1745740741623 1.3421772800000009e-05 29
