1745738895726 0.10119959466263734 0
1745738958728 0.4422543131896689 1
1745739022845 0.566543239341861 2
1745739087727 0.6432763613766818 3
1745739152013 0.7289682198991572 4
1745739216869 0.7065519146794158 5
1745739282112 0.6799107669432274 6
1745739346051 0.7317064525420249 7
1745739409489 0.7184583193665909 8
1745739472495 0.7339269469028158 9
1745739536512 0.7049184806193028 10
1745739600550 0.7202723598348199 11
1745739663863 0.7121148118787045 12
1745739727296 0.7155696201850762 13
1745739790549 0.7003656746336956 14
1745739854124 0.7122656049391309 15
1745739917844 0.7095336628731483 16
1745739981130 0.7186407996419173 17
1745740044494 0.7073345567749147 18
1745740107791 0.7143140435675471 19
1745740171094 0.7225316645840449 20
1745740234691 0.7134654152398875 21
1745740298014 0.7189923842829384 22
1745740361349 0.7159595230949259 23
1745740424669 0.7220341311316297 24
1745740488615 0.7208281948395909 25
1745740551826 0.7251413884488362 26
1745740615935 0.7133540156300361 27
1745740679204 0.716256768567249 28
1745740742539 0.7095507061691669 29
