1746732770001 0.0 0
1746733037869 0.6284470246733486 1
1746733307896 0.7616014558689025 2
1746733575724 0.8222789115645559 3
1746733847453 0.836683417085357 4
1746734118933 0.87904599659277 5
1746734379432 0.9096334185847477 6
1746734651712 0.935030728709312 7
1746734922198 0.9429323968392499 8
1746735197623 0.9263067694943508 9
1746735468747 0.9176672384218767 10
1746735737708 0.9563699825479095 11
1746736008110 0.9760638297871475 12
1746736280713 0.958916083916 13
1746736551232 0.9632867132866291 14
1746736804835 0.9708737864076813 15
1746737072345 0.9797356828192969 16
1746737341640 0.974605954465764 17
1746737607948 0.9814323607426187 18
1746737875371 0.986702127659487 19
