1744631289879 0.33075771355926453 0
1744631323156 0.6031879544600068 1
1744631357459 0.6086565904162335 2
1744631391832 0.6096670449910178 3
1744631425362 0.7116332912297172 4
1744631459527 0.7406963706776344 5
1744631492901 0.7222729282882293 6
1744631526227 0.7201624174426074 7
1744631559569 0.7016212495563043 8
1744631592856 0.7399664367600503 9
1744631626890 0.7312828695230665 10
1744631660184 0.709955516586077 11
1744631693471 0.7264573333054516 12
1744631726778 0.7080913567635347 13
1744631760088 0.7109208440766385 14
1744631793414 0.7101933422594866 15
1744631826699 0.7114603054396793 16
1744631859977 0.7032391762844573 17
1744631893249 0.7124656041356231 18
1744631926554 0.7131677587668684 19
