1744631289879 0.8693083928131923 0
1744631323156 0.9240298629912216 1
1744631357459 0.9200918861268357 2
1744631391832 0.9170563622938716 3
1744631425362 0.9261629337927639 4
1744631459527 0.9301009106571498 5
1744631492901 0.9238657806218722 6
1744631526227 0.9281319222249569 7
1744631559569 0.9216506686356551 8
1744631592856 0.9313315284272705 9
1744631626890 0.9298547871031257 10
1744631660184 0.9309213225038969 11
1744631693471 0.9315776519812946 12
1744631726778 0.928952334071704 13
1744631760088 0.9288702928870293 14
1744631793414 0.929772745918451 15
1744631826699 0.9298547871031257 16
1744631859977 0.9280498810402822 17
1744631893249 0.9300188694724751 18
1744631926554 0.9300188694724751 19
