1744631289879 0.6366074421723098 0
1744631323156 0.7985249748575259 1
1744631357459 0.8193094200469326 2
1744631391832 0.8072410325175997 3
1744631425362 0.8250083808246731 4
1744631459527 0.8018773047267851 5
1744631492901 0.8172980221253772 6
1744631526227 0.8243379148508213 7
1744631559569 0.802212537713711 8
1744631592856 0.8290311766677841 9
1744631626890 0.8146161582299698 10
1744631660184 0.8199798860207844 11
1744631693471 0.8169627891384512 12
1744631726778 0.8099228964130071 13
1744631760088 0.8169627891384512 14
1744631793414 0.8233322158900436 15
1744631826699 0.8186389540730807 16
1744631859977 0.8209855849815622 17
1744631893249 0.8189741870600067 18
1744631926554 0.8156218571907475 19
