1745738769535 1.2182795898038514 0
1745738834635 0.5132283486273824 1
1745738899513 0.3428480599303635 2
1745738964087 0.279023073005433 3
1745739028712 0.20425391136383525 4
1745739092790 0.161041259537546 5
1745739157611 0.12555198470244602 6
1745739221710 0.09954127897413409 7
1745739286518 0.08188600583496142 8
1745739351575 0.06585537353340461 9
1745739415772 0.05454035804663994 10
1745739479996 0.04698812822830312 11
1745739544133 0.039430493907052645 12
1745739608236 0.03282943550421267 13
1745739672537 0.028774997723117774 14
1745739736714 0.023632164683421046 15
1745739800796 0.019285105159316137 16
1745739864895 0.015196950022815441 17
1745739928980 0.012181251328818652 18
1745739993095 0.011597469586841002 19
1745740057095 0.009125338601214545 20
1745740121117 0.008230394270385102 21
1745740184920 0.007374286238218145 22
1745740249028 0.006867667154066873 23
1745740313139 0.006278243379154224 24
1745740377304 0.0058757317732373365 25
1745740441348 0.005672062160352207 26
1745740505423 0.005014440269275967 27
1745740569442 0.00477105853318864 28
1745740633372 0.004443295567286942 29
