1745738772138 0.12374616253213978 0
1745738836061 0.43772679773513645 1
1745738900944 0.5130247627054104 2
1745738965564 0.5673912324121193 3
1745739030145 0.6013494778110158 4
1745739094225 0.5882108119293539 5
1745739159046 0.5893902594514885 6
1745739223151 0.6217138178914976 7
1745739288206 0.6077733773237454 8
1745739353010 0.608772762223155 9
1745739417312 0.5845355403756239 10
1745739481436 0.6133048979680882 11
1745739545564 0.6068463249357625 12
1745739609678 0.63589123093492 13
1745739674011 0.634146219689783 14
1745739738151 0.6305770614228182 15
1745739802232 0.6228338591087245 16
1745739866330 0.6196762282431144 17
1745739930456 0.6053813157957181 18
1745739994527 0.6081852101855861 19
1745740058773 0.6178087207091593 20
1745740122549 0.6188631363867607 21
1745740186368 0.6019420030101037 22
1745740250577 0.6079672373200429 23
1745740314847 0.6150815240667492 24
1745740378728 0.6099441786885312 25
1745740442795 0.6111397481828529 26
1745740506856 0.6085697313357799 27
1745740570879 0.6143048394203932 28
1745740634804 0.6178100183519599 29
