1745485172615 4e-05 0
1745485320057 4e-05 0
1745485442288 4e-05 0
1745485582223 8e-05 0
1745485724410 8e-05 0
1745485844311 8e-05 0
1745485964151 8e-05 0
1745486104202 8e-05 0
1745486222937 8e-05 0
1745486341768 8e-05 0
1745486459405 8e-05 0
1745486579714 8e-05 0
1745486703635 8e-05 0
1745486822248 8e-05 0
1745486942048 8e-05 0
1745487062949 8e-05 0
1745487180726 8e-05 0
1745487297316 8e-05 0
1745487417806 2.8e-05 0
1745487538196 2.8e-05 0
1745487657899 1.96e-05 0
1745487776094 1.96e-05 0
1745487893485 1.3719999999999997e-05 0
1745488012629 1.3719999999999997e-05 0
1745488132586 9.603999999999998e-06 0
1745488254692 9.603999999999998e-06 0
1745488372400 6.7227999999999986e-06 0
1745488490445 6.7227999999999986e-06 0
1745488609717 4.705959999999999e-06 0
1745488727339 4.705959999999999e-06 0
