1745485220420 0.652208201892693 0
1745485340361 0.691759112519755 1
1745485482217 0.6948738812041745 2
1745485625074 0.6614466815808604 3
1745485742882 0.7229402261711855 4
1745485862156 0.7304204451771863 5
1745486003783 0.7385854968665408 6
1745486122501 0.7158818834795917 7
1745486240566 0.7293354943273315 8
1745486358914 0.7184054283290315 9
1745486479129 0.7086247086246535 10
1745486601743 0.7464315701090892 11
1745486722605 0.7251028806583765 12
1745486841406 0.715899919289692 13
1745486961643 0.7256857855360993 14
1745487080773 0.7446808510637664 15
1745487198087 0.7228041901691601 16
1745487317571 0.7097817299918585 17
1745487436149 0.739309210526255 18
1745487555330 0.7493775933609337 19
1745487674885 0.7592905405404764 20
1745487793562 0.7537942664417576 21
1745487912715 0.7518796992480574 22
1745488031599 0.7586206896551085 23
1745488153181 0.7609427609426969 24
1745488272153 0.7582417582416942 25
1745488390446 0.756734006733943 26
1745488509524 0.7573467674222706 27
1745488627292 0.7581589958158361 28
1745488747614 0.7562814070351125 29
