1745738729156 0.0 0
1745738762979 0.37492677206954306 1
1745738797952 0.5477430555055541 2
1745738835156 0.6722901728729276 3
1745738871586 0.703530412540451 4
1745738906538 0.7088495574720677 5
1745738941613 0.6866048862180183 6
1745738976006 0.7059329320222445 7
1745739010403 0.6777059773332984 8
1745739045027 0.6990372540313574 9
1745739079934 0.7134807108299188 10
1745739115332 0.7137322427395082 11
1745739150403 0.6974576270687275 12
1745739184799 0.6882898061843198 13
1745739219640 0.7175905717526745 14
1745739255884 0.7142243231128892 15
1745739290909 0.7170459424145986 16
1745739325505 0.7304116865369269 17
1745739360462 0.7225358227897564 18
1745739394696 0.7141630900787789 19
1745739428919 0.722367275842056 20
1745739463241 0.7175310758180096 21
1745739497528 0.720798957831007 22
1745739532119 0.7156439066051405 23
1745739566445 0.7183708838321383 24
1745739600838 0.7180370210434251 25
1745739635218 0.7202406531515649 26
1745739669504 0.7174383383316464 27
1745739703893 0.7192075796227058 28
1745739738201 0.7182368193104124 29
