1745738729156 0.0 0
1745738762979 0.12191859108140285 1
1745738797952 0.35033901346957835 2
1745738835156 0.4932299850099457 3
1745738871586 0.5321039734375308 4
1745738906538 0.5309014953324284 5
1745738941613 0.5420953651906253 6
1745738976006 0.5218472982290197 7
1745739010403 0.5131074378718371 8
1745739045027 0.5600116288640773 9
1745739079934 0.6130285805656367 10
1745739115332 0.5970467732222204 11
1745739150403 0.5724854807629622 12
1745739184799 0.570750717426633 13
1745739219640 0.589644800003983 14
1745739255884 0.5750485965504176 15
1745739290909 0.6019657294595537 16
1745739325505 0.6185510109624182 17
1745739360462 0.5898297367689751 18
1745739394696 0.5756191232549736 19
1745739428919 0.5953245387525049 20
1745739463241 0.5865146110948048 21
1745739497528 0.5932787842874594 22
1745739532119 0.5893949858109646 23
1745739566445 0.5859937535950066 24
1745739600838 0.5791887181864166 25
1745739635218 0.5872588495877245 26
1745739669504 0.5849323705699685 27
1745739703893 0.5917021057363134 28
1745739738201 0.5885510341506643 29
