1745738729156 0.0 0
1745738762979 0.5423728813558403 1
1745738797952 0.5315922493681102 2
1745738835156 0.6355661881977165 3
1745738871586 0.6701782820096701 4
1745738906538 0.7007874015747418 5
1745738941613 0.6483691328559548 6
1745738976006 0.6790736145574293 7
1745739010403 0.6173657100808965 8
1745739045027 0.6564465408804515 9
1745739079934 0.691596638655404 10
1745739115332 0.687396351575399 11
1745739150403 0.6621078037006708 12
1745739184799 0.6499602227525338 13
1745739219640 0.700170357751218 14
1745739255884 0.6867768595040754 15
1745739290909 0.6889438943893821 16
1745739325505 0.7224168126093938 17
1745739360462 0.7015177065766693 18
1745739394696 0.685902720527561 19
1745739428919 0.702794242167595 20
1745739463241 0.688322368420996 21
1745739497528 0.69983136593586 22
1745739532119 0.6917293233082129 23
1745739566445 0.6960537363559449 24
1745739600838 0.6915422885571566 25
1745739635218 0.6925619834710172 26
1745739669504 0.6943048576213824 27
1745739703893 0.6929460580912288 28
1745739738201 0.694235588972373 29
