1746649589091 467.8403195750957 0
1746649841568 246.78976814114318 1
1746650100547 138.8650889493981 2
1746650346856 89.65761387104891 3
1746650596095 66.25784982953753 4
1746650852668 52.636834650623555 5
1746651111665 41.713796109569316 6
1746651369897 33.80336286583725 7
1746651625914 28.479568890162877 8
1746651882663 24.05787586679264 9
1746652138747 21.693926246798767 10
1746652394651 23.366119355571513 11
1746652651101 15.41393737403714 12
1746652907399 12.055050616361656 13
1746653160938 9.9648530434589 14
1746653417392 7.647540763932831 15
1746653674067 6.005858241295328 16
1746653926679 4.929514897112944 17
1746654182302 3.8843859653083648 18
1746654437819 3.354674015726362 19
1746654694319 2.9546437823042577 20
1746654951219 2.635803456209144 21
1746655207950 2.3727797865867615 22
1746655464030 2.197079361701498 23
1746655721352 1.8772765835937189 24
1746655978367 1.7239102271138405 25
1746656238088 1.5323986794267381 26
1746656494923 1.457760241566872 27
1746656751706 1.3950229031699044 28
1746657001405 1.899895160782094 29
