1746649589091 2e-05 0
1746649841568 4e-05 1
1746650100547 6.000000000000001e-05 2
1746650346856 8e-05 3
1746650596095 8e-05 4
1746650852668 8e-05 5
1746651111665 8e-05 6
1746651369897 8e-05 7
1746651625914 8e-05 8
1746651882663 8e-05 9
1746652138747 8e-05 10
1746652394651 8e-05 11
1746652651101 8e-05 12
1746652907399 8e-05 13
1746653160938 8e-05 14
1746653417392 6.400000000000001e-05 15
1746653674067 6.400000000000001e-05 16
1746653926679 5.120000000000001e-05 17
1746654182302 5.120000000000001e-05 18
1746654437819 4.0960000000000014e-05 19
1746654694319 4.0960000000000014e-05 20
1746654951219 3.276800000000001e-05 21
1746655207950 3.276800000000001e-05 22
1746655464030 2.6214400000000008e-05 23
1746655721352 2.6214400000000008e-05 24
1746655978367 2.097152000000001e-05 25
1746656238088 2.097152000000001e-05 26
1746656494923 1.6777216000000006e-05 27
1746656751706 1.6777216000000006e-05 28
1746657001405 1.3421772800000009e-05 29
