1746649593717 0.0 0
1746649844893 0.4313280362758999 1
1746650104045 0.6984269662420728 2
1746650349881 0.7723292468851577 3
1746650599097 0.7917561184558117 4
1746650855908 0.7934454505752682 5
1746651115259 0.8244008714096585 6
1746651373154 0.8214904678875885 7
1746651630244 0.810645724208251 8
1746651886264 0.8065630396736545 9
1746652141975 0.7899581589459628 10
1746652398264 0.8132530119981977 11
1746652654341 0.8107638888388646 12
1746652910682 0.8119584054959083 13
1746653164650 0.8096885812648656 14
1746653420632 0.8290783210231123 15
1746653677306 0.8158007728139031 16
1746653929911 0.8218119364034261 17
1746654185656 0.8212894850213821 18
1746654441617 0.8157332192745286 19
1746654697846 0.8108566581349719 20
1746654954472 0.8252595155209197 21
1746655211187 0.8270806381561191 22
1746655467464 0.8249027236853955 23
1746655724889 0.8230736116589994 24
1746655981605 0.8301724137431006 25
1746656241336 0.8262748486967472 26
1746656498402 0.8283002587938251 27
1746656755398 0.8290783210231123 28
1746657004597 0.8234790059483073 29
