1746649593717 0.0 0
1746649844893 0.12182514580565232 1
1746650104045 0.43056386488687104 2
1746650349881 0.5503678288178893 3
1746650599097 0.6531206102588212 4
1746650855908 0.6714183008624209 5
1746651115259 0.7299086627611264 6
1746651373154 0.7382987615148552 7
1746651630244 0.7372323981720874 8
1746651886264 0.7239663626563918 9
1746652141975 0.6982109059035164 10
1746652398264 0.7095942432629797 11
1746652654341 0.718467361061288 12
1746652910682 0.7259818840227467 13
1746653164650 0.6983716506733947 14
1746653420632 0.7421859259579825 15
1746653677306 0.7353349638510832 16
1746653929911 0.7372765760842739 17
1746654185656 0.7274677814199324 18
1746654441617 0.7241295887445359 19
1746654697846 0.7141159735258155 20
1746654954472 0.7301032939821196 21
1746655211187 0.74485742214918 22
1746655467464 0.7290173934893074 23
1746655724889 0.7379566201031383 24
1746655981605 0.7490033111971444 25
1746656241336 0.7410166850053197 26
1746656498402 0.7370946601120472 27
1746656755398 0.7487198680922423 28
1746657004597 0.7406144482102971 29
