1746649593717 0.0 0
1746649844893 0.589147286821614 1
1746650104045 0.7012635379060739 2
1746650349881 0.7557840616965933 3
1746650599097 0.7607260726071979 4
1746650855908 0.7653910149749779 5
1746651115259 0.8030560271646177 6
1746651373154 0.7959697732996812 7
1746651630244 0.7906382978722731 8
1746651886264 0.7789824854044387 9
1746652141975 0.7415553809897296 10
1746652398264 0.7829328914663808 11
1746652654341 0.7868576242627812 12
1746652910682 0.7867338371116048 13
1746653164650 0.7832635983262942 14
1746653420632 0.8023450586263985 15
1746653677306 0.7838283828382191 16
1746653929911 0.7896039603959745 17
1746654185656 0.794807370184188 18
1746654441617 0.7806873977086104 19
1746654697846 0.7703464947622264 20
1746654954472 0.7983263598325692 21
1746655211187 0.7978369384358737 22
1746655467464 0.7976588628761875 23
1746655724889 0.7927031509120404 24
1746655981605 0.8004987531171404 25
1746656241336 0.7986633249790477 26
1746656498402 0.7993338884262449 27
1746656755398 0.8023450586263985 28
1746657004597 0.789646672144553 29
