1746649593717 0.0 0
1746649844893 0.12259120426849658 1
1746650104045 0.45318738633159084 2
1746650349881 0.5947067242456286 3
1746650599097 0.7081252326577656 4
1746650855908 0.7400206312567355 5
1746651115259 0.7854256608734113 6
1746651373154 0.7845460051081589 7
1746651630244 0.7827264179680284 8
1746651886264 0.7722933341920266 9
1746652141975 0.7469544878489683 10
1746652398264 0.7736976801879087 11
1746652654341 0.7727301575503561 12
1746652910682 0.7855239717612095 13
1746653164650 0.7284309002818226 14
1746653420632 0.8018143412162649 15
1746653677306 0.7959869914914515 16
1746653929911 0.7968538444832771 17
1746654185656 0.7904348502456554 18
1746654441617 0.7948895577347579 19
1746654697846 0.8008026664392752 20
1746654954472 0.7963707599079494 21
1746655211187 0.7999782596603017 22
1746655467464 0.7887716351310231 23
1746655724889 0.7990694205860515 24
1746655981605 0.8066917319733053 25
1746656241336 0.8020697040935398 26
1746656498402 0.8069828062152037 27
1746656755398 0.8038058073267351 28
1746657004597 0.8064139367827973 29
