1745871997260 2e-05 0
1745872065950 2e-05 1
1745872131562 2e-05 2
1745872197646 6.000000000000001e-05 3
1745872264368 6.000000000000001e-05 4
1745872330513 6.000000000000001e-05 5
1745872396249 6.000000000000001e-05 6
1745872463019 6.000000000000001e-05 7
1745872527376 6.000000000000001e-05 8
1745872594576 6.000000000000001e-05 9
1745872660417 6.000000000000001e-05 10
1745872725912 6.000000000000001e-05 11
1745872792008 6.000000000000001e-05 12
1745872858594 6.000000000000001e-05 13
1745872923669 6.000000000000001e-05 14
1745872989558 4.800000000000001e-05 15
1745873054644 4.800000000000001e-05 16
1745873119778 3.840000000000001e-05 17
1745873184777 3.840000000000001e-05 18
1745873250490 3.072000000000001e-05 19
1745873316150 3.072000000000001e-05 20
1745873381825 2.4576000000000003e-05 21
1745873447423 2.4576000000000003e-05 22
1745873512911 1.9660800000000007e-05 23
1745873579161 1.9660800000000007e-05 24
1745873645100 1.5728640000000007e-05 25
1745873710277 1.5728640000000007e-05 26
1745873775865 1.2582912000000006e-05 27
1745873842182 1.2582912000000006e-05 28
1745873907441 1.0066329600000006e-05 29
