1745871997260 0.8610495362354784 0
1745872065950 0.31752263268037717 1
1745872131562 0.23649208460535323 2
1745872197646 0.21259145377850047 3
1745872264368 0.16168298199772835 4
1745872330513 0.12460787054531429 5
1745872396249 0.0981018499528267 6
1745872463019 0.07475085294216263 7
1745872527376 0.06000803251351629 8
1745872594576 0.0509544397533244 9
1745872660417 0.040028629349354576 10
1745872725912 0.035423411018386176 11
1745872792008 0.030058562869624217 12
1745872858594 0.02533342377567778 13
1745872923669 0.02378716193405645 14
1745872989558 0.018668412601537242 15
1745873054644 0.014689711925136496 16
1745873119778 0.012030616307593122 17
1745873184777 0.010031131694891624 18
1745873250490 0.008520172255550872 19
1745873316150 0.007731498337863963 20
1745873381825 0.0066493729637859735 21
1745873447423 0.005621338966397607 22
1745873512911 0.005226665892761809 23
1745873579161 0.005109555339820835 24
1745873645100 0.004507926211939479 25
1745873710277 0.004219821214732923 26
1745873775865 0.003996493396995475 27
1745873842182 0.00379524433187076 28
1745873907441 0.003292724443837164 29
