1745871999458 0.2337035512722062 0
1745872066943 0.3517614127230913 1
1745872132532 0.3689716480870243 2
1745872198939 0.3863360037309433 3
1745872265745 0.4331674238242007 4
1745872332475 0.43804717024393824 5
1745872398466 0.4166080893753358 6
1745872464245 0.43410684477302364 7
1745872528353 0.44902373263228973 8
1745872595574 0.4394362047651746 9
1745872661394 0.4409409822785572 10
1745872727274 0.4462999584698686 11
1745872793009 0.43921690160006566 12
1745872859585 0.4447739522630132 13
1745872924871 0.4340709874759512 14
1745872990542 0.4438099808636995 15
1745873055755 0.4351221423666303 16
1745873120754 0.4386247612337725 17
1745873186429 0.44244833240822723 18
1745873252133 0.4319330510340159 19
1745873317983 0.4446227838398284 20
1745873383494 0.4404848983294698 21
1745873448726 0.4378520919166155 22
1745873515296 0.4390298365713842 23
1745873581222 0.4345631843423386 24
1745873646375 0.44364640010712975 25
1745873711578 0.4405679234215685 26
1745873777875 0.4399463202837142 27
1745873843170 0.44087185129500617 28
1745873908495 0.43891080874664057 29
