1745871999458 0.2166500125916927 0
1745872066943 0.3183831996088372 1
1745872132532 0.34166723147628836 2
1745872198939 0.37289935825078707 3
1745872265745 0.4304432158285843 4
1745872332475 0.4266545639520011 5
1745872398466 0.3979694460464401 6
1745872464245 0.4272069890013504 7
1745872528353 0.4475473993297147 8
1745872595574 0.43431169900137095 9
1745872661394 0.43168058253864594 10
1745872727274 0.4404554860900659 11
1745872793009 0.44311470365319183 12
1745872859585 0.42814919242122246 13
1745872924871 0.42665560368064503 14
1745872990542 0.44073922204663724 15
1745873055755 0.4223969625667321 16
1745873120754 0.42951270228004795 17
1745873186429 0.43595924453559454 18
1745873252133 0.42090107097763074 19
1745873317983 0.43720094442814 20
1745873383494 0.42797351964003066 21
1745873448726 0.42889581605249955 22
1745873515296 0.4328875268198576 23
1745873581222 0.4221220491233317 24
1745873646375 0.43538058575560135 25
1745873711578 0.4332892189739547 26
1745873777875 0.4335406490372566 27
1745873843170 0.43335386475998156 28
1745873908495 0.42910418578703147 29
