1745750916146 0.3969999999506447 0
1745750977928 0.6296135474966684 1
1745751040101 0.7232784114414359 2
1745751101483 0.7524251370230685 3
1745751163672 0.7834339947731214 4
1745751226085 0.7863539445129447 5
1745751288448 0.7779193205445457 6
1745751350544 0.7942543303260942 7
1745751412852 0.7881104033470926 8
1745751474579 0.8029134532490803 9
1745751537562 0.7834101381989877 10
1745751599319 0.8081774684145193 11
1745751661311 0.8043290042789889 12
1745751723036 0.8030495552232659 13
1745751785084 0.8070025618629323 14
1745751846970 0.7994880545575503 15
1745751908915 0.8028948488219118 16
1745751970938 0.8043010752188247 17
1745752032103 0.8023900981147858 18
1745752093456 0.8060215053263513 19
