1746178214318 0.5355343398047764 0
1746179284316 0.3466499646993943 1
1746180349984 0.2170153317470125 2
1746181413884 0.16984732138254138 3
1746182488720 0.1336352537140069 4
1746183562433 0.10928490743643214 5
1746184630073 0.09359922735365853 6
1746185693751 0.08687629344142533 7
1746186784261 0.07756747994415444 8
1746187872072 0.07202519707679576 9
1746188946327 0.06613273552075559 10
1746190012868 0.05704720057657707 11
1746191080126 0.05591606005806657 12
1746192146866 0.04866505378473071 13
1746193213004 0.04687074878513932 14
1746194281223 0.04514566539801055 15
1746195346003 0.04146394366614287 16
1746196413382 0.03910329468462774 17
1746197491251 0.03848847756163635 18
1746198570423 0.0369545541449287 19
