1746178730804 0.2614533220652749 0
1746179797037 0.7157486946572056 1
1746180861444 0.7208162529972875 2
1746181937771 0.6972272246147603 3
1746183010875 0.7037403382894372 4
1746184078175 0.6998885459465142 5
1746185142167 0.6966336202782176 6
1746186231634 0.7271766261791882 7
1746187320641 0.718788599756306 8
1746188394738 0.7324428597539657 9
1746189460883 0.6941136522575384 10
1746190527759 0.7154349548485538 11
1746191595272 0.7105502882423096 12
1746192661317 0.7057561651672267 13
1746193729609 0.6986029362027601 14
1746194794367 0.7116606952585711 15
1746195861712 0.7104866499928896 16
1746196940804 0.7365635483480879 17
1746198019081 0.7181811461520442 18
1746199095514 0.7297209113490568 19
