1746178730804 0.6279069767436993 0
1746179797037 0.6121212121210267 1
1746180861444 0.6343042071195358 2
1746181937771 0.6055045871557782 3
1746183010875 0.6066066066064245 4
1746184078175 0.5889212827986622 5
1746185142167 0.6156249999998077 6
1746186231634 0.676056338027931 7
1746187320641 0.6678200692039212 8
1746188394738 0.6346153846151812 9
1746189460883 0.5802816901406816 10
1746190527759 0.6312499999998028 11
1746191595272 0.6139817629177465 12
1746192661317 0.6066066066064245 13
1746193729609 0.6066066066064245 14
1746194794367 0.6149253731341449 15
1746195861712 0.6099706744866247 16
1746196940804 0.6472491909383019 17
1746198019081 0.6238532110089836 18
