1745747017096 0.4384002581856536 0
1745747080005 0.6928959273305739 1
1745747144470 0.7150633405591568 2
1745747206590 0.7234619545008545 3
1745747269211 0.7672456859468539 4
1745747334363 0.7503101185400202 5
1745747396993 0.7789830159754109 6
1745747460677 0.8082442407638898 7
1745747525062 0.758540001266574 8
1745747587886 0.7664102167386535 9
1745747650499 0.7569739278299252 10
1745747713793 0.7686953795097173 11
1745747776128 0.7632910549969961 12
1745747838517 0.7767653804709649 13
1745747900889 0.7667705390740901 14
