1746779453280 2e-05 0
1746779580398 4e-05 1
1746779707298 6.000000000000001e-05 2
1746779835989 8e-05 3
1746779962567 8e-05 4
1746780082379 8e-05 5
1746780210669 8e-05 6
1746780338408 8e-05 7
1746780465469 8e-05 8
1746780575174 8e-05 9
1746780695910 8e-05 10
1746780821933 8e-05 11
1746780948055 8e-05 12
1746781074814 8e-05 13
1746781200385 8e-05 14
1746781326888 6.400000000000001e-05 15
1746781450060 6.400000000000001e-05 16
1746781576326 5.120000000000001e-05 17
1746781700747 5.120000000000001e-05 18
1746781825216 4.0960000000000014e-05 19
1746781950286 4.0960000000000014e-05 20
1746782075512 3.276800000000001e-05 21
1746782203555 3.276800000000001e-05 22
1746782329687 2.6214400000000008e-05 23
1746782455727 2.6214400000000008e-05 24
1746782584641 2.097152000000001e-05 25
1746782709967 2.097152000000001e-05 26
1746782831327 1.6777216000000006e-05 27
1746782959238 1.6777216000000006e-05 28
1746783087318 1.3421772800000009e-05 29
