1746469933446 0.0 0
1746471960195 0.6915145969260545 1
1746473990416 0.7097964427397693 2
1746476018319 0.7029124803813017 3
1746478044831 0.7060376357754484 4
1746480071683 0.7238810833106005 5
1746482101723 0.7290213224978601 6
1746484131268 0.730772728507112 7
1746486157964 0.7207498070942795 8
1746488184628 0.7173367756150381 9
1746490210926 0.7173351124438015 10
1746492239548 0.7060938352864535 11
1746494265001 0.7204616866700629 12
1746496290212 0.7244658699317829 13
1746498316097 0.714143280395684 14
1746500341474 0.7108018036889291 15
