1746469933446 0.0 0
1746471960195 0.7257019437943023 1
1746473990416 0.7394209353617175 2
1746476018319 0.7300380227647472 3
1746478044831 0.7323943661475462 4
1746480071683 0.7438752783461252 5
1746482101723 0.7575757575255431 6
1746484131268 0.7524366471242084 7
1746486157964 0.7456140350374538 8
1746488184628 0.7561983470575387 9
1746490210926 0.7473460721367359 10
1746492239548 0.7479338842476249 11
1746494265001 0.7566462167191088 12
1746496290212 0.7605042016306388 13
1746498316097 0.7551020407665391 14
1746500341474 0.7561983470575387 15
