1746469933446 0.0 0
1746471960195 0.6913580246910735 1
1746473990416 0.7248908296940066 2
1746476018319 0.6274509803919518 3
1746478044831 0.6570397111910986 4
1746480071683 0.729257641921079 5
1746482101723 0.7231404958674699 6
1746484131268 0.6587030716721302 7
1746486157964 0.7203389830505422 8
1746488184628 0.6931818181815557 9
1746490210926 0.7011952191232267 10
1746492239548 0.685606060605801 11
1746494265001 0.6877323420071794 12
1746496290212 0.7070312499997239 13
1746498316097 0.6851851851849314 14
1746500341474 0.6931818181815557 15
