1745747158706 2e-05 0
1745747354327 2e-05 1
1745747550251 2e-05 2
1745747745608 8e-05 3
1745747941134 8e-05 4
1745748134380 8e-05 5
1745748328864 8e-05 6
1745748523441 8e-05 7
1745748717743 8e-05 8
1745748913381 8e-05 9
1745749108064 8e-05 10
1745749300964 8e-05 11
1745749496622 6.400000000000001e-05 12
1745749691462 6.400000000000001e-05 13
1745749885057 5.120000000000001e-05 14
1745750077721 5.120000000000001e-05 15
1745750272459 4.0960000000000014e-05 16
1745750466559 4.0960000000000014e-05 17
