1745747160753 0.6707416462917138 0
1745747356399 0.7146321746159486 1
1745747552275 0.7502109704640717 2
1745747747931 0.7554438860970891 3
1745747943465 0.7206790123456234 4
1745748136431 0.7471728594506666 5
1745748331009 0.7823788546254817 6
1745748525472 0.7718567860115927 7
1745748719824 0.7812765957446143 8
1745748915423 0.7735537190082005 9
1745749110139 0.7778730703258337 10
1745749302997 0.7866894197951547 11
1745749499155 0.7548543689319778 12
1745749693505 0.7682512733445868 13
1745749887091 0.7628099173553088 14
1745750080031 0.7839662447256722 15
1745750274960 0.7706032285470883 16
1745750468608 0.7699999999999358 17
