1745747160753 0.5534552241335561 0
1745747356399 0.6863600827024544 1
1745747552275 0.7153565262609122 2
1745747747931 0.725066448304683 3
1745747943465 0.7756652512664121 4
1745748136431 0.762458656857466 5
1745748331009 0.7326829086770895 6
1745748525472 0.7678179705064024 7
1745748719824 0.7680987142942552 8
1745748915423 0.7800497841619219 9
1745749110139 0.7640494551184752 10
1745749302997 0.7651812815292017 11
1745749499155 0.7712388727174161 12
1745749693505 0.7536191755574622 13
1745749887091 0.766520264722942 14
1745750080031 0.7672171222930331 15
1745750274960 0.7565500378202906 16
1745750468608 0.7664282920028875 17
