1746610713244 0.0 0
1746610841092 0.0 1
1746610968258 0.015384615384538463 2
1746611096739 0.09179305613708967 3
1746611345104 0.5113273844102681 4
1746611599132 0.5595743259786794 5
1746611835631 0.647934510592486 6
1746612090339 0.7233270252864978 7
1746612384587 0.6747422784991515 8
1746612683855 0.715139026817465 9
1746612976893 0.6945342142479638 10
1746613269440 0.6848656085523531 11
1746613559440 0.6853690914035252 12
1746613848890 0.7306605229129104 13
1746614151536 0.7036954018198406 14
1746614448256 0.7185582598216331 15
1746614740932 0.7182463941758834 16
1746615033822 0.7198586378628764 17
1746615326587 0.7272835220176561 18
1746615627066 0.6995084625371748 19
1746615920940 0.7143084439293769 20
1746616220096 0.7054811363088651 21
1746616517672 0.7163163869960343 22
1746616816431 0.7128714146900637 23
1746617115277 0.720078384354972 24
1746617411960 0.7161146760971021 25
1746617707596 0.7147769393172034 26
1746618002961 0.7193507874462278 27
1746618298758 0.7083073487842877 28
1746618593194 0.7194120872928492 29
