1746610713244 0.0 0
1746610841092 0.0 1
1746610968258 0.0035810205908680766 2
1746611096739 0.11011638316919337 3
1746611345104 0.7851387645478258 4
1746611599132 0.8254252461950917 5
1746611835631 0.8164726947179215 6
1746612090339 0.8236347358996576 7
1746612384587 0.8415398388539981 8
1746612683855 0.8469113697403001 9
1746612976893 0.8325872873768279 10
1746613269440 0.8227394807519406 11
1746613559440 0.8290062667859598 12
1746613848890 0.8290062667859598 13
1746614151536 0.8433303491494321 14
1746614448256 0.83795881826313 15
1746614740932 0.8325872873768279 16
1746615033822 0.8281110116382427 17
1746615326587 0.8316920322291108 18
1746615627066 0.838854073410847 19
1746615920940 0.83795881826313 20
1746616220096 0.83795881826313 21
1746616517672 0.8361683079676959 22
1746616816431 0.837063563115413 23
1746617115277 0.83795881826313 24
1746617411960 0.8325872873768279 25
1746617707596 0.83795881826313 26
1746618002961 0.839749328558564 27
1746618298758 0.838854073410847 28
1746618593194 0.839749328558564 29
