1746198855126 0.0 0
1746198992170 0.05355648534343726 1
1746199135620 0.2951167727754734 2
1746199348172 0.36047575475328475 3
1746199584749 0.7690311418185024 4
1746199819985 0.8020698576472812 5
1746200065419 0.8046571797688851 6
1746200300083 0.7782534246075629 7
1746200533321 0.7874354560601621 8
1746200769175 0.7947635134636064 9
1746201001605 0.812152331999664 10
1746201235709 0.7806533728817627 11
1746201474035 0.7957537154490029 12
1746201727337 0.8142428141928311 13
1746201981649 0.7984822933733734 14
1746202235487 0.8070325900014771 15
1746202490085 0.8001679260626363 16
1746202742929 0.8018747336526466 17
1746202996150 0.8125537402767495 18
1746203248911 0.8011945391991885 19
1746203501851 0.814846784585298 20
1746203754635 0.8094420600358523 21
1746204006508 0.8045977010994765 22
1746204259268 0.8003405704055647 23
1746204512552 0.8027327070379967 24
1746204767683 0.8030756086642605 25
1746205020955 0.8020609703235652 26
1746205274972 0.8020521589923579 27
1746205529643 0.804114873503386 28
1746205782793 0.801539777537712 29
