1746198855126 0.0 0
1746198992170 0.4102564102558843 1
1746199135620 0.3624511082137728 2
1746199348172 0.3685687558465511 3
1746199584749 0.7439330543932432 4
1746199819985 0.7737104825290537 5
1746200065419 0.7762063227952765 6
1746200300083 0.7456931911402177 7
1746200533321 0.7580778790388767 8
1746200769175 0.7521982414068143 9
1746201001605 0.7778688524589527 10
1746201235709 0.7419354838709079 11
1746201474035 0.7568659127624591 12
1746201727337 0.7817133443162453 13
1746201981649 0.7545816733067128 14
1746202235487 0.7744855967077552 15
1746202490085 0.7533596837944069 16
1746202742929 0.7650406504064419 17
1746202996150 0.7816377171215234 18
1746203248911 0.7652811735940697 19
1746203501851 0.7866666666666011 20
1746203754635 0.7774113767517908 21
1746204006508 0.7670454545453923 22
1746204259268 0.762987012986951 23
1746204512552 0.7673469387754476 24
1746204767683 0.7679738562090875 25
1746205020955 0.7706270627062071 26
1746205274972 0.7675941080195771 27
1746205529643 0.771381578947305 28
1746205782793 0.7674037674037045 29
