1745878728557 2e-05 0
1745878817271 4e-05 1
1745878906402 6.000000000000001e-05 2
1745878995595 8e-05 3
1745879127046 8e-05 4
1745879259907 8e-05 5
1745879392562 8e-05 6
1745879524430 8e-05 7
1745879658057 8e-05 8
1745879793661 8e-05 9
1745879929318 8e-05 10
1745880060838 8e-05 11
1745880193144 8e-05 12
1745880326616 8e-05 13
1745880459366 8e-05 14
1745880593216 6.400000000000001e-05 15
1745880725532 6.400000000000001e-05 16
1745880857136 5.120000000000001e-05 17
1745880989693 5.120000000000001e-05 18
1745881122297 4.0960000000000014e-05 19
1745881254723 4.0960000000000014e-05 20
1745881386815 3.276800000000001e-05 21
1745881519358 3.276800000000001e-05 22
1745881651417 2.6214400000000008e-05 23
1745881784144 2.6214400000000008e-05 24
1745881916315 2.097152000000001e-05 25
1745882052372 2.097152000000001e-05 26
1745882184243 1.6777216000000006e-05 27
1745882316868 1.6777216000000006e-05 28
1745882449465 1.3421772800000009e-05 29
