1745878731376 0.0 0
1745878820053 0.0 1
1745878909190 0.0 2
1745878998402 0.0 3
1745879129995 0.35299455535387 4
1745879262587 0.37766348273325656 5
1745879395208 0.4640883977900186 6
1745879527072 0.47719869706836504 7
1745879661340 0.5053235053234639 8
1745879797030 0.5168170631664876 9
1745879931950 0.5225916453537491 10
1745880063742 0.5113268608413826 11
1745880195787 0.519639934533509 12
1745880330178 0.5059288537549007 13
1745880462286 0.5139888089527966 14
1745880595858 0.5027537372147519 15
1745880728250 0.5113268608413826 16
1745880859910 0.519575856443677 17
1745880993107 0.5103338632749992 18
1745881125209 0.5108259823576174 19
1745881257660 0.5191836734693454 20
1745881389487 0.516286644951098 21
1745881522252 0.5067945643484807 22
1745881654052 0.5213464696222889 23
1745881786799 0.5167074164628755 24
1745881919912 0.519121236777826 25
1745882055103 0.5213464696222889 26
1745882186891 0.5212765957446381 27
1745882319506 0.5192780968006137 28
1745882452078 0.5198019801979769 29
