1746654860842 0.0 0
1746655113779 0.12105015106718578 1
1746655368832 0.41716419198445764 2
1746655625284 0.4791041090870391 3
1746655880212 0.5746071528860878 4
1746656134622 0.6120174333491988 5
1746656389836 0.7260020068882066 6
1746656644582 0.7070190648498549 7
1746656898788 0.662953748379283 8
1746657150907 0.6254736696145937 9
1746657403877 0.6965286783716486 10
1746657656372 0.6258382650207526 11
1746657909854 0.7255775767263084 12
1746658162769 0.7328963011024534 13
1746658418026 0.6801324592428409 14
1746658671741 0.7207490532055169 15
1746658925278 0.7466593034648021 16
1746659169097 0.7273729149782638 17
1746659403633 0.7276586197072267 18
1746659638344 0.7193712219263753 19
1746659873298 0.7288606877538443 20
1746660111994 0.7251428263510099 21
1746660366689 0.712480239016561 22
1746660620723 0.732235346729736 23
1746660876186 0.7219936979542183 24
1746661132862 0.7182062290773108 25
1746661387020 0.7317017110830165 26
1746661639233 0.720673173102909 27
1746661887895 0.7239611303794804 28
1746662125943 0.7274810889800705 29
