1746651070503 0.7449359238857414 0
1746651273268 0.7836804079398615 1
1746651478000 0.7908552074013924 2
1746651680191 0.7491319443944255 3
1746651880585 0.8015631784128499 4
1746652082330 0.7835497834997698 5
1746652282731 0.7483588620943795 6
1746652483274 0.7535853976031711 7
1746652683411 0.7549148099106444 8
1746652884339 0.7134453781013886 9
1746653086003 0.7463989523724887 10
1746653287213 0.7816993463551959 11
1746653488145 0.78294243065367 12
1746653689260 0.7703389830009246 13
1746653890155 0.7597623089483718 14
1746654091634 0.78168715552447 15
1746654291828 0.7886840976782693 16
1746654491705 0.7872611464468803 17
1746654691705 0.8068522483440287 18
1746654893108 0.8075439347978562 19
1746655096399 0.8096676736660063 20
1746655298789 0.8027327070379967 21
1746655499348 0.8085653104425297 22
1746655701471 0.8039468038968216 23
1746655901297 0.798640611674786 24
1746656100867 0.7994891442667822 25
1746656302919 0.8065348236817371 26
1746656503690 0.8022165387394743 27
1746656704317 0.8072133962574419 28
1746656904536 0.8084012001214738 29
