1746651070503 0.6920122887864292 0
1746651273268 0.7459546925565739 1
1746651478000 0.7502008032127911 2
1746651680191 0.7270429654590794 3
1746651880585 0.7782462057334926 4
1746652082330 0.7585917854148567 5
1746652282731 0.7320205479451428 6
1746652483274 0.7322635135134516 7
1746652683411 0.7372013651876503 8
1746652884339 0.6722090261282128 9
1746653086003 0.7282793867120333 10
1746653287213 0.7614601018675075 11
1746653488145 0.747557003257268 12
1746653689260 0.7312952534190884 13
1746653890155 0.7223567393058336 14
1746654091634 0.742351046698813 15
1746654291828 0.7565789473683588 16
1746654491705 0.7487883683359653 17
1746654691705 0.7733990147782616 18
1746654893108 0.7746710526315153 19
1746655096399 0.7816666666666015 20
1746655298789 0.7673469387754476 21
1746655499348 0.7750410509030562 22
1746655701471 0.7718286655683054 23
1746655901297 0.7599029911074567 24
1746656100867 0.7621753246752628 25
1746656302919 0.7758478081058084 26
1746656503690 0.7656631407647871 27
1746656704317 0.7755775577557116 28
1746656904536 0.7754934210525678 29
