1745738897951 0.13498303506403414 0
1745738961285 0.5225773275697434 1
1745739025129 0.6497094737834281 2
1745739087777 0.7015907368126354 3
1745739152021 0.7778121675964178 4
1745739216737 0.779201794262931 5
1745739280801 0.7586988591264787 6
1745739344827 0.7749050890150039 7
1745739407595 0.7919929748420468 8
1745739470325 0.7535587702725877 9
1745739533403 0.7765051025031594 10
1745739596341 0.7523775131597239 11
1745739659726 0.7680568623092695 12
1745739722740 0.782306000975516 13
1745739785911 0.7636062647656322 14
1745739849042 0.7790705533687454 15
1745739912512 0.7751745083388083 16
1745739975931 0.7604896609993604 17
1745740038745 0.7686893960326413 18
1745740101665 0.7800859695536858 19
1745740164800 0.7687167765856426 20
1745740228211 0.7680527094288904 21
1745740290988 0.7775953954796067 22
1745740353822 0.7773777586430318 23
1745740416809 0.7696785159129321 24
1745740479503 0.7761277879377583 25
1745740542128 0.7772158559233957 26
1745740604781 0.7847364428960251 27
1745740668085 0.7730472891614397 28
1745740731040 0.7771721790566878 29
