1745744993859 0.40312195441720966 0
1745745055357 0.6328079436201755 1
1745745119192 0.6610900908766304 2
1745745181773 0.6738576229173899 3
1745745244383 0.7083788531014825 4
1745745307312 0.7240657341962299 5
1745745372025 0.6866455924365155 6
1745745435310 0.7229895039405748 7
1745745499234 0.6890979887314693 8
1745745561031 0.6843613789607367 9
1745745622668 0.7036502856276556 10
1745745684458 0.6966183641219933 11
1745745746778 0.6889486850716291 12
1745745809077 0.7209699853363337 13
1745745871494 0.7298688038879825 14
1745745934697 0.7210940914428506 15
1745745997074 0.7078161194052301 16
1745746059997 0.7149244767925986 17
1745746122316 0.7251241064875221 18
1745746184868 0.7241947504072525 19
