1745744993859 0.6138448706757873 0
1745745055357 0.7843653930109942 1
1745745119192 0.7741083222749121 2
1745745181773 0.784642541874036 3
1745745244383 0.8005237886885032 4
1745745307312 0.8017429193399436 5
1745745372025 0.7897923874932412 6
1745745435310 0.8058798097208489 7
1745745499234 0.79120879115888 8
1745745561031 0.7890457851447236 9
1745745622668 0.7958477508150398 10
1745745684458 0.7897702643626388 11
1745745746778 0.7893356642856231 12
1745745809077 0.8046173577952649 13
1745745871494 0.8046874999499763 14
1745745934697 0.8039723660985253 15
1745745997074 0.7936371452638534 16
1745746059997 0.7972270363451296 17
1745746122316 0.8029197079792113 18
1745746184868 0.8048359239569015 19
