1746650919350 0.15302156559767027 0
1746650984042 0.5133429706154355 1
1746651048822 0.6630130989499244 2
1746651113853 0.7380666340018649 3
1746651180539 0.7205243043549854 4
1746651245739 0.6865781328288278 5
1746651309774 0.7093011701583438 6
1746651373869 0.7258316949214536 7
1746651438421 0.7175406791998236 8
1746651503188 0.6847858593955861 9
1746651567787 0.7081285961203776 10
1746651632087 0.7356035379124815 11
1746651695993 0.6880956492724628 12
1746651759951 0.71565205606037 13
1746651823933 0.7057983709225966 14
1746651887788 0.7110228363354871 15
1746651951613 0.7051679105087328 16
1746652015810 0.7147979522270886 17
1746652079668 0.6917420303762456 18
1746652143556 0.6940226286615728 19
1746652207448 0.6874807353207786 20
1746652271342 0.7028705651855963 21
1746652335170 0.6932940124017775 22
1746652399142 0.6969971976400413 23
1746652463108 0.7112300019214318 24
1746652527717 0.7036203457662705 25
1746652591593 0.7015797948943663 26
1746652655769 0.705943091725916 27
1746652719998 0.6958679613098877 28
1746652783892 0.7077512224616994 29
