1746650919350 0.4330400782013262 0
1746650984042 0.7048780487804305 1
1746651048822 0.7790393013099756 2
1746651113853 0.7825356842988428 3
1746651180539 0.77952105697764 4
1746651245739 0.7212622088654604 5
1746651309774 0.7604166666666057 6
1746651373869 0.7763048881523797 7
1746651438421 0.8044596912520751 8
1746651503188 0.7472178060412761 9
1746651567787 0.7798165137614028 10
1746651632087 0.7642740619901497 11
1746651695993 0.751993620414613 12
1746651759951 0.7734627831714584 13
1746651823933 0.7582938388624993 14
1746651887788 0.7816377171215234 15
1746651951613 0.7788778877887146 16
1746652015810 0.775593775593712 17
1746652079668 0.7583401139136893 18
1746652143556 0.7498020585905978 19
1746652207448 0.7681041497151531 20
1746652271342 0.7667473769168065 21
1746652335170 0.7665306122448353 22
1746652399142 0.7756622516555649 23
1746652463108 0.7767710049422754 24
1746652527717 0.7686688311687687 25
1746652591593 0.7582329317268467 26
1746652655769 0.7701711491441915 27
1746652719998 0.7766749379651963 28
1746652783892 0.7702371218314987 29
