1746650919350 0.180110510562005 0
1746650984042 0.5855628916710939 1
1746651048822 0.6891736408843099 2
1746651113853 0.7711279689531033 3
1746651180539 0.781028781646081 4
1746651245739 0.7984239521230726 5
1746651309774 0.7874044213365837 6
1746651373869 0.782066345218454 7
1746651438421 0.7804662547039862 8
1746651503188 0.774448812198231 9
1746651567787 0.7779769575811399 10
1746651632087 0.7820603361104037 11
1746651695993 0.7783844707569073 12
1746651759951 0.7949406761148263 13
1746651823933 0.7931161506497788 14
1746651887788 0.7755801173214271 15
1746651951613 0.7803892557021109 16
1746652015810 0.7764902565827547 17
1746652079668 0.7681337671883102 18
1746652143556 0.7787376265699874 19
1746652207448 0.7632938372538145 20
1746652271342 0.7802512878714671 21
1746652335170 0.7668576043828144 22
1746652399142 0.7691987405090916 23
1746652463108 0.7767081161323077 24
1746652527717 0.7785830887087013 25
1746652591593 0.777226486917161 26
1746652655769 0.7781001817069153 27
1746652719998 0.7706669239152202 28
1746652783892 0.7783376939974483 29
