1746193621354 0.0 0
1746193695578 0.0 1
1746193766530 0.0007730962497834165 2
1746193837146 0.0607441598818922 3
1746193948266 0.4135530045766631 4
1746194060845 0.5691653603863877 5
1746194174332 0.673540312145784 6
1746194287945 0.6765716033660628 7
1746194399427 0.7114704091652927 8
1746194539967 0.7048756074246125 9
1746194652202 0.7240515440851496 10
1746194765379 0.7106756429181135 11
1746194880893 0.7138538287242686 12
1746194993439 0.6999858757998647 13
1746195105263 0.708289506982938 14
1746195217316 0.7112885389597337 15
1746195328355 0.688430013917153 16
1746195441284 0.7121531518918801 17
1746195554129 0.7280993994858362 18
1746195669518 0.7153728043196156 19
1746195784261 0.7091055628813395 20
1746195897979 0.7133598914664552 21
1746196009593 0.711191342121134 22
1746196121072 0.698043212836228 23
1746196231695 0.7134318654312065 24
1746196342378 0.7032226372955933 25
1746196452911 0.7149142229528268 26
1746196564689 0.7104308969602496 27
1746196676339 0.7201852682740252 28
1746196787145 0.7050634985641197 29
