1746193621354 0.0 0
1746193695578 0.0 1
1746193766530 0.008097165991860219 2
1746193837146 0.12674802177494243 3
1746193948266 0.4205907743991383 4
1746194060845 0.5552597763341736 5
1746194174332 0.6542378978542918 6
1746194287945 0.6722249437677628 7
1746194399427 0.6896922854189744 8
1746194539967 0.6677775872707681 9
1746194652202 0.7196626336346343 10
1746194765379 0.6983516538933021 11
1746194880893 0.7188228507650813 12
1746194993439 0.6598008127814639 13
1746195105263 0.6901961880430043 14
1746195217316 0.6822372710133843 15
1746195328355 0.6701550455177017 16
1746195441284 0.7024672658140154 17
1746195554129 0.7125257709198464 18
1746195669518 0.7018857496616361 19
1746195784261 0.693165583695792 20
1746195897979 0.7006340255075115 21
1746196009593 0.6915679353897844 22
1746196121072 0.6787237054132288 23
1746196231695 0.6945998383376873 24
1746196342378 0.679156951256028 25
1746196452911 0.692300261623005 26
1746196564689 0.6908654995615487 27
1746196676339 0.7027026915138731 28
1746196787145 0.6732132381254996 29
