1745738771484 0.12337668012952169 0
1745738836989 0.4274548301920239 1
1745738902151 0.5173216952082433 2
1745738967707 0.5624055799449751 3
1745739032636 0.622530296741261 4
1745739098295 0.5983979881744552 5
1745739162153 0.5859724012630166 6
1745739226999 0.6236124758183921 7
1745739293536 0.6262366631370415 8
1745739358412 0.6224036761043943 9
1745739423334 0.6241129561688018 10
1745739487469 0.6252891108093542 11
1745739551620 0.625904935149121 12
1745739615699 0.6179900324864115 13
1745739679856 0.6162492696653566 14
1745739744247 0.6021999298579255 15
1745739809698 0.6217909144167707 16
1745739876014 0.6191108717825601 17
1745739940789 0.6190202764381153 18
1745740005697 0.629887160010456 19
1745740070380 0.6101102085633247 20
1745740136282 0.6238660692307494 21
1745740201016 0.6201730782727686 22
1745740265377 0.6183673766930103 23
1745740329795 0.620224357404835 24
1745740394609 0.6183492491244914 25
1745740459659 0.6199530374894052 26
1745740523755 0.6188409765787933 27
1745740588907 0.6196082408614829 28
1745740654091 0.6191122715876216 29
