1745738771484 0.40476190471404233 0
1745738836989 0.6360882734246867 1
1745738902151 0.698496905343403 2
1745738967707 0.7095363079114686 3
1745739032636 0.7236842104762727 4
1745739098295 0.7212692966910212 5
1745739162153 0.7113358617284512 6
1745739226999 0.7248380129089619 7
1745739293536 0.724167378259182 8
1745739358412 0.7314734088427343 9
1745739423334 0.7300904002943928 10
1745739487469 0.7308362368837706 11
1745739551620 0.7293103447775922 12
1745739615699 0.7240484428565687 13
1745739679856 0.7268041236613592 14
1745739744247 0.7163420829306111 15
1745739809698 0.7320656870718634 16
1745739876014 0.7269550021343253 17
1745739940789 0.7306209849607376 18
1745740005697 0.7313114053323573 19
1745740070380 0.7243010752188315 20
1745740136282 0.7271948607637356 21
1745740201016 0.7290682695936443 22
1745740265377 0.727891156412649 23
1745740329795 0.7286755250250383 24
1745740394609 0.7275832621191304 25
1745740459659 0.7297644539114871 26
1745740523755 0.7279792745613988 27
1745740588907 0.7288354103496735 28
1745740654091 0.7255574613565441 29
