1745738771484 0.12073223282238711 0
1745738836989 0.40266302342857946 1
1745738902151 0.4962915370912233 2
1745738967707 0.5518324877038796 3
1745739032636 0.6227923744553459 4
1745739098295 0.5957630276298969 5
1745739162153 0.5675328552059554 6
1745739226999 0.6125728760420377 7
1745739293536 0.6007527664100288 8
1745739358412 0.6171407339826445 9
1745739423334 0.628108432665254 10
1745739487469 0.6212501777160843 11
1745739551620 0.6196246469074792 12
1745739615699 0.6083648072890478 13
1745739679856 0.5980611583241587 14
1745739744247 0.5801999920644153 15
1745739809698 0.611071101437413 16
1745739876014 0.607327086023452 17
1745739940789 0.5996823138445644 18
1745740005697 0.613743385944711 19
1745740070380 0.596693887251728 20
1745740136282 0.6062912179583673 21
1745740201016 0.6004861785116925 22
1745740265377 0.5929710377577961 23
1745740329795 0.602380459770739 24
1745740394609 0.5981129594976072 25
1745740459659 0.6008014098579381 26
1745740523755 0.6047925497062023 27
1745740588907 0.5999590839350437 28
1745740654091 0.6018177795342378 29
