1745738769680 1.0206877415885731 0
1745738834479 0.4215356926528775 1
1745738899640 0.27816137823523307 2
1745738965400 0.22238214139123352 3
1745739030292 0.16121140236453135 4
1745739095095 0.1253850107290307 5
1745739159897 0.10050982594185946 6
1745739224253 0.0811979966428207 7
1745739290122 0.06616307032883775 8
1745739356079 0.053059036026195605 9
1745739420201 0.043226721639535864 10
1745739484295 0.037058561070993236 11
1745739549222 0.03329559837524988 12
1745739613423 0.027862458337782597 13
1745739677647 0.0252174762058623 14
1745739741797 0.020722938292868892 15
1745739805964 0.0155094821832846 16
1745739870375 0.012418938306521396 17
1745739934545 0.010535013222857853 18
1745739998915 0.009127048685272433 19
1745740062940 0.007797060078200029 20
1745740126925 0.0068969205544539254 21
1745740190945 0.0063820377880783406 22
1745740255073 0.005768141006024516 23
1745740319479 0.005057162291617418 24
1745740384750 0.0047994549291170375 25
1745740448822 0.004602930894625202 26
1745740512907 0.004655199636211049 27
1745740576963 0.004151976068637201 28
1745740641039 0.0039996194810017335 29
