1745738771410 0.12032456936241857 0
1745738836078 0.445332966192865 1
1745738902092 0.537633594278444 2
1745738966964 0.5606784776717565 3
1745739031745 0.611033630334189 4
1745739096545 0.6128119816073837 5
1745739161337 0.5834743895243135 6
1745739225807 0.6303428559782115 7
1745739291763 0.6273290492652456 8
1745739357508 0.6184688987760999 9
1745739421635 0.6213844792291943 10
1745739485816 0.6504841210042115 11
1745739550675 0.621105390551877 12
1745739614869 0.6066988136859596 13
1745739679099 0.6293077958960638 14
1745739743233 0.6224405781760397 15
1745739807670 0.6145146366830386 16
1745739871801 0.6337338594465733 17
1745739936129 0.6270517914260192 18
1745740000344 0.6238286151233858 19
1745740064368 0.6268885057569119 20
1745740128358 0.631348909292141 21
1745740192392 0.6379366952702783 22
1745740256527 0.6253030021424871 23
1745740321699 0.6355016465243667 24
1745740386174 0.6243425485238822 25
1745740450263 0.6233173263289657 26
1745740514336 0.6206789770666737 27
1745740578390 0.6183832151682527 28
1745740642466 0.6326738211107644 29
