1745738771410 0.4789272030650729 0
1745738836078 0.6403127715029852 1
1745738902092 0.6875543951261368 2
1745738966964 0.6867061812023127 3
1745739031745 0.7033533963885895 4
1745739096545 0.7005033557046392 5
1745739161337 0.6755020080320743 6
1745739225807 0.7089041095889804 7
1745739291763 0.6999999999999426 8
1745739357508 0.7111299915037629 9
1745739421635 0.7077702702702104 10
1745739485816 0.7339857651244899 11
1745739550675 0.6979253112032615 12
1745739614869 0.6853377265238315 13
1745739679099 0.7029288702928281 14
1745739743233 0.6952614379084399 15
1745739807670 0.6989066442387973 16
1745739871801 0.7127024722932044 17
1745739936129 0.7116357504215252 18
1745740000344 0.7033057851239088 19
1745740064368 0.7058333333332745 20
1745740128358 0.7153716216215612 21
1745740192392 0.706125827814511 22
1745740256527 0.7123633305297971 23
1745740321699 0.7153716216215612 24
1745740386174 0.6903594771241266 25
1745740450263 0.7093802345058032 26
1745740514336 0.7085088458297634 27
1745740578390 0.7039199332776727 28
1745740642466 0.6995850622406058 29
