1745738771410 0.13070370055388555 0
1745738836078 0.4767613755224995 1
1745738902092 0.5770647902728718 2
1745738966964 0.5938071189371864 3
1745739031745 0.6478445245477485 4
1745739096545 0.6517916964517052 5
1745739161337 0.6568238060893457 6
1745739225807 0.6651274932526933 7
1745739291763 0.6738458513918891 8
1745739357508 0.6618127884867279 9
1745739421635 0.6546661897164316 10
1745739485816 0.6547575940150993 11
1745739550675 0.6608860082612293 12
1745739614869 0.6483513543632776 13
1745739679099 0.6727702521405065 14
1745739743233 0.6693162744346086 15
1745739807670 0.6551280586439797 16
1745739871801 0.6686211714743878 17
1745739936129 0.6653998803182657 18
1745740000344 0.6685799429144664 19
1745740064368 0.6673983713186057 20
1745740128358 0.6701495112571165 21
1745740192392 0.6773291731423273 22
1745740256527 0.6651646874087748 23
1745740321699 0.6706662952246846 24
1745740386174 0.6671115713994038 25
1745740450263 0.6660235792584004 26
1745740514336 0.6575653605127036 27
1745740578390 0.662151405082497 28
1745740642466 0.6688841764793337 29
