1746472017658 2e-05 0
1746472145716 4e-05 1
1746472273152 6.000000000000001e-05 2
1746472401069 8e-05 3
1746472655387 8e-05 4
1746472913224 8e-05 5
1746473171476 8e-05 6
1746473428959 8e-05 7
1746473684737 8e-05 8
1746473941697 8e-05 9
1746474199420 8e-05 10
1746474455004 8e-05 11
1746474709642 8e-05 12
1746474963523 8e-05 13
1746475218783 8e-05 14
1746475478265 6.400000000000001e-05 15
1746475734627 6.400000000000001e-05 16
1746475987403 5.120000000000001e-05 17
1746476243738 5.120000000000001e-05 18
1746476497466 4.0960000000000014e-05 19
1746476754871 4.0960000000000014e-05 20
1746477008648 3.276800000000001e-05 21
1746477262570 3.276800000000001e-05 22
1746477514774 2.6214400000000008e-05 23
1746477767971 2.6214400000000008e-05 24
1746478023028 2.097152000000001e-05 25
1746478277706 2.097152000000001e-05 26
1746478533950 1.6777216000000006e-05 27
1746478787351 1.6777216000000006e-05 28
1746479044562 1.3421772800000009e-05 29
