1745668296961 3.818265914916992 0
1745668297556 3.435976266860962 1
1745668298156 2.939817428588867 2
1745668298759 2.5232906341552734 3
1745668299361 2.3226895332336426 4
1745668299961 1.5627398490905762 5
1745668300558 1.5250484943389893 6
1745668301155 1.2103705406188965 7
1745668301749 1.492710828781128 8
1745668302344 1.3611879348754883 9
1745668302943 1.315425157546997 10
1745668303549 1.206200122833252 11
1745668304151 1.347748041152954 12
1745668304749 1.3631916046142578 13
1745668305346 1.275946021080017 14
1745668305942 0.9173369407653809 15
1745668306544 1.3141249418258667 16
1745668307149 1.08476984500885 17
1745668307747 1.1168653964996338 18
1745668308344 1.121031641960144 19
1745668308947 1.1802220344543457 20
1745668309549 1.2587897777557373 21
1745668310150 1.4929311275482178 22
1745668310751 0.9352066516876221 23
1745668311355 1.4898056983947754 24
1745668311954 1.4407055377960205 25
1745668312554 0.9754403829574585 26
1745668313160 1.3766350746154785 27
1745668313769 1.38460373878479 28
1745668314380 1.2173023223876953 29
1745668314985 0.9947249293327332 30
1745668315595 1.1814038753509521 31
1745668316199 1.1856154203414917 32
1745668316806 1.10360586643219 33
1745668317413 1.1428483724594116 34
1745668318018 1.0109481811523438 35
1745668318625 1.269526720046997 36
1745668319236 0.994151771068573 37
1745668319845 0.9232529997825623 38
1745668320455 1.0695910453796387 39
1745668321063 0.9217211008071899 40
1745668321673 0.9198830723762512 41
1745668322285 0.8428604602813721 42
1745668322897 0.9457050561904907 43
1745668323513 0.9244081974029541 44
1745668324119 0.9053971171379089 45
1745668324734 1.1496355533599854 46
1745668325356 1.162980556488037 47
1745668325971 0.7705876231193542 48
1745668326587 0.8394328951835632 49
1745668327197 0.9785786867141724 50
1745668327811 0.8389360904693604 51
1745668328423 0.8588782548904419 52
1745668329037 0.8015754818916321 53
1745668329649 0.7651387453079224 54
1745668330254 0.7569746971130371 55
1745668330864 0.8590553998947144 56
1745668331485 0.7769161462783813 57
1745668332103 0.7224664092063904 58
1745668332715 0.891504168510437 59
1745668333334 0.6688051819801331 60
1745668333953 0.6781022548675537 61
1745668334569 0.8209668397903442 62
1745668335181 0.5694811344146729 63
1745668335791 0.6344993114471436 64
1745668336401 0.7478889226913452 65
1745668337016 0.5900057554244995 66
1745668337632 0.7143683433532715 67
1745668338253 0.43168067932128906 68
1745668338874 0.5299873352050781 69
1745668339491 0.7324061393737793 70
1745668340108 0.6600056886672974 71
1745668340729 0.5864068865776062 72
1745668341346 0.4428771436214447 73
1745668341972 0.42619845271110535 74
1745668342589 0.4001659154891968 75
1745668343207 0.36503612995147705 76
1745668343825 0.6362496614456177 77
1745668344451 0.4072491526603699 78
1745668345071 0.44891074299812317 79
1745668345691 0.4262952208518982 80
1745668346314 0.40180444717407227 81
1745668346934 0.3116968870162964 82
1745668347550 0.4646500051021576 83
1745668348176 0.4327284097671509 84
1745668348785 0.4548146724700928 85
1745668349404 0.29020190238952637 86
1745668350024 0.3424741327762604 87
1745668350654 0.5063430666923523 88
1745668351286 0.41658586263656616 89
1745668351905 0.38676074147224426 90
1745668352532 0.3141789734363556 91
1745668353165 0.28188633918762207 92
1745668353794 0.29468268156051636 93
1745668354424 0.43251892924308777 94
1745668355051 0.34318989515304565 95
1745668355685 0.3716294765472412 96
1745668356254 0.3421037197113037 97
1745668363606 0.2589901387691498 98
1745668364229 0.4147529602050781 99
1745668364859 0.3422093987464905 100
1745668365489 0.3729856610298157 101
1745668366110 0.22468838095664978 102
1745668366730 0.3684857189655304 103
1745668367359 0.24133598804473877 104
1745668367990 0.2767040431499481 105
1745668368609 0.24374264478683472 106
1745668369230 0.3138144314289093 107
1745668369861 0.3767893612384796 108
1745668370488 0.3340519368648529 109
1745668371112 0.20410746335983276 110
1745668371742 0.27241671085357666 111
1745668372368 0.24122276902198792 112
1745668373003 0.3003202974796295 113
1745668373636 0.2575962543487549 114
1745668374267 0.3075822591781616 115
1745668374903 0.29704636335372925 116
1745668375539 0.32927045226097107 117
1745668376165 0.27245375514030457 118
1745668376805 0.4386870265007019 119
1745668377447 0.22154447436332703 120
1745668378074 0.3753134608268738 121
1745668378707 0.32077690958976746 122
1745668379326 0.35024377703666687 123
1745668379960 0.3176645040512085 124
1745668380603 0.22310058772563934 125
1745668381246 0.32541680335998535 126
1745668381876 0.2808632254600525 127
1745668382509 0.2833101749420166 128
1745668383144 0.408218115568161 129
1745668383783 0.20726722478866577 130
1745668384409 0.2078327238559723 131
1745668385045 0.24615149199962616 132
1745668385677 0.2519911527633667 133
1745668386314 0.2347564697265625 134
1745668386946 0.24772971868515015 135
1745668387576 0.21614082157611847 136
1745668388209 0.2641242742538452 137
1745668388847 0.25536513328552246 138
1745668389477 0.22082093358039856 139
1745668390122 0.35285693407058716 140
1745668390753 0.29587602615356445 141
1745668391391 0.22321099042892456 142
1745668392020 0.271616131067276 143
1745668392662 0.3711908459663391 144
1745668393301 0.377651572227478 145
1745668393937 0.2685840427875519 146
1745668394588 0.21814432740211487 147
1745668395225 0.3478042483329773 148
1745668395860 0.3235854506492615 149
1745668396502 0.22949443757534027 150
1745668397136 0.39549118280410767 151
1745668397783 0.32456129789352417 152
1745668398416 0.2858782708644867 153
1745668399064 0.1761092245578766 154
1745668399700 0.31858235597610474 155
1745668400340 0.3338271379470825 156
1745668400978 0.3397716283798218 157
1745668401615 0.22150325775146484 158
1745668402262 0.30879974365234375 159
1745668402902 0.2909063696861267 160
1745668403542 0.21291634440422058 161
1745668404179 0.42014509439468384 162
1745668404819 0.3211825489997864 163
1745668405457 0.2527990937232971 164
1745668406096 0.2714959979057312 165
1745668406743 0.30167925357818604 166
1745668407381 0.2982161343097687 167
1745668408021 0.24121077358722687 168
1745668408669 0.4210137128829956 169
1745668409318 0.44010043144226074 170
1745668409962 0.3076532781124115 171
1745668410609 0.526833176612854 172
1745668411255 0.44635385274887085 173
1745668411897 0.2610926628112793 174
1745668412538 0.39073610305786133 175
1745668413179 0.23990154266357422 176
1745668413821 0.37819576263427734 177
1745668414465 0.4665338099002838 178
1745668415118 0.34068533778190613 179
1745668415759 0.670754611492157 180
1745668416403 0.7939063310623169 181
1745668417041 0.46506017446517944 182
1745668417688 0.5575085878372192 183
1745668418338 0.4914514124393463 184
1745668418979 0.27880191802978516 185
1745668419626 0.41434967517852783 186
1745668420277 0.5136826038360596 187
1745668420918 0.3553050458431244 188
1745668421563 0.6659140586853027 189
1745668422218 1.6580586433410645 190
1745668422859 1.4916921854019165 191
1745668423502 1.5939562320709229 192
1745668424154 1.7428078651428223 193
1745668424799 2.1805639266967773 194
1745668425397 1.449270486831665 195
1745668432274 1.6061019897460938 196
1745668432919 1.616936206817627 197
1745668433567 1.1227117776870728 198
1745668434208 1.5273081064224243 199
1745668434845 1.3305914402008057 200
1745668435487 1.1762014627456665 201
1745668436130 1.0752406120300293 202
1745668436768 1.4021797180175781 203
1745668437409 1.385638952255249 204
1745668438048 1.0875672101974487 205
1745668438687 1.183004379272461 206
1745668439328 1.311020851135254 207
1745668439969 1.2652758359909058 208
1745668440611 1.1732041835784912 209
1745668441246 1.1733555793762207 210
1745668441885 1.0968165397644043 211
1745668442529 1.1363261938095093 212
1745668443169 1.2389638423919678 213
1745668443805 1.3519351482391357 214
1745668444446 1.2556488513946533 215
1745668445090 1.5156328678131104 216
1745668445726 1.2027875185012817 217
1745668446367 1.1911283731460571 218
1745668447007 1.1053217649459839 219
1745668447646 1.1454415321350098 220
1745668448285 1.054132103919983 221
1745668448930 1.1610949039459229 222
1745668449571 1.3226382732391357 223
1745668450223 1.0872825384140015 224
1745668450865 1.1384400129318237 225
1745668451505 1.1468610763549805 226
1745668452147 1.4240654706954956 227
1745668453055 1.2944564819335938 228
1745668453692 1.2256402969360352 229
1745668454343 1.2919213771820068 230
1745668454985 1.1817682981491089 231
1745668455622 1.201782464981079 232
1745668456263 1.4339154958724976 233
1745668456906 1.1217918395996094 234
1745668457543 1.1105210781097412 235
1745668458181 1.0931302309036255 236
1745668458822 1.1265228986740112 237
1745668459463 1.2869234085083008 238
1745668460109 1.3054535388946533 239
1745668460751 1.1452972888946533 240
1745668461402 1.3325679302215576 241
1745668462040 1.1651573181152344 242
1745668462676 0.9647514820098877 243
1745668463319 1.0804109573364258 244
1745668463954 1.1823692321777344 245
1745668464605 1.2147061824798584 246
1745668465242 1.2831916809082031 247
1745668465877 1.1863443851470947 248
1745668466518 1.272020697593689 249
1745668467153 1.3565359115600586 250
1745668467787 1.1627134084701538 251
1745668468423 1.0483191013336182 252
1745668469057 1.3126485347747803 253
1745668469694 1.1384904384613037 254
1745668470341 1.1343036890029907 255
1745668470970 1.071399450302124 256
1745668471618 1.163590908050537 257
1745668472263 1.2014565467834473 258
1745668472897 1.2633373737335205 259
1745668473540 1.2069063186645508 260
1745668474176 1.3368726968765259 261
1745668474814 1.4552335739135742 262
1745668475459 1.3515105247497559 263
1745668476090 1.301942229270935 264
1745668476715 1.1510567665100098 265
1745668477343 1.1332563161849976 266
1745668477975 1.419217824935913 267
1745668478613 0.998907744884491 268
1745668479249 1.295708417892456 269
1745668479893 1.1292822360992432 270
1745668480534 1.1473627090454102 271
1745668481172 1.139670491218567 272
1745668481810 1.1641366481781006 273
1745668482450 1.297006368637085 274
1745668483087 1.2891895771026611 275
1745668483729 1.3065861463546753 276
1745668484373 1.2033333778381348 277
1745668485012 1.1072595119476318 278
1745668485651 1.1479753255844116 279
1745668486282 1.336466670036316 280
1745668486916 1.0864390134811401 281
1745668487549 1.1434719562530518 282
1745668488192 1.1408696174621582 283
1745668488823 1.3236780166625977 284
1745668489672 1.3285191059112549 285
1745668490301 1.4711315631866455 286
1745668490938 1.4297415018081665 287
1745668491572 1.1433238983154297 288
1745668492205 1.1575229167938232 289
1745668492843 1.2203420400619507 290
1745668493481 1.364701271057129 291
1745668494109 1.32240629196167 292
1745668494707 1.2789008617401123 293
1745668501271 1.367123007774353 294
1745668501890 1.0698108673095703 295
1745668502524 1.3068256378173828 296
1745668503153 1.2059227228164673 297
1745668503786 1.1770906448364258 298
1745668504419 1.3917152881622314 299
1745668505047 1.2247129678726196 300
1745668505679 1.259071707725525 301
1745668506315 1.1885737180709839 302
1745668506945 1.1758348941802979 303
1745668507564 1.0488702058792114 304
1745668508194 1.4518415927886963 305
1745668508824 1.1713213920593262 306
1745668509458 1.2637646198272705 307
1745668510093 1.3284645080566406 308
1745668510725 1.1156415939331055 309
1745668511357 1.4384088516235352 310
1745668511994 1.0146948099136353 311
1745668512623 1.189687967300415 312
1745668513260 1.2613741159439087 313
1745668513895 1.275381326675415 314
1745668514525 1.3102022409439087 315
1745668515158 1.3129172325134277 316
1745668515805 1.481497049331665 317
1745668516432 1.318961262702942 318
1745668517062 1.0895200967788696 319
1745668517695 1.2601304054260254 320
1745668518339 1.3005601167678833 321
1745668518981 1.4280564785003662 322
1745668519623 1.2507483959197998 323
1745668520262 1.1078495979309082 324
1745668520943 1.293379783630371 325
1745668521581 1.1201465129852295 326
1745668522220 1.2194710969924927 327
1745668522854 1.237502098083496 328
1745668523500 1.1220234632492065 329
1745668524133 0.9852472543716431 330
1745668524779 0.9368281960487366 331
1745668525418 1.1689426898956299 332
1745668526060 1.1671943664550781 333
1745668526692 1.1485342979431152 334
1745668527338 1.08664870262146 335
1745668527982 1.3684806823730469 336
1745668528618 1.196136236190796 337
1745668529268 1.4215595722198486 338
1745668529919 1.101251482963562 339
1745668530558 1.0699087381362915 340
1745668531195 1.1513724327087402 341
1745668531848 1.266675353050232 342
1745668532485 1.0725440979003906 343
1745668533128 1.2226039171218872 344
1745668533777 1.3478559255599976 345
1745668534417 1.2499295473098755 346
1745668535051 1.2490302324295044 347
1745668535695 1.4763001203536987 348
1745668536332 1.0234553813934326 349
1745668536974 1.291372299194336 350
1745668537616 1.2957051992416382 351
1745668538257 1.0305485725402832 352
1745668538897 1.1938846111297607 353
1745668539537 1.3500676155090332 354
1745668540181 1.1463202238082886 355
1745668540823 1.1737942695617676 356
1745668541477 1.2927148342132568 357
1745668542120 1.1039283275604248 358
1745668542766 1.3843939304351807 359
1745668543417 1.251852035522461 360
1745668544054 1.1828359365463257 361
1745668544698 1.2687344551086426 362
1745668545341 1.0238748788833618 363
1745668545978 1.0740222930908203 364
1745668546616 1.207775354385376 365
1745668547263 1.099222183227539 366
1745668547913 1.2599645853042603 367
1745668548559 1.1730388402938843 368
1745668549202 1.1589856147766113 369
1745668549856 1.096009373664856 370
1745668550497 1.2646512985229492 371
1745668551136 1.208526372909546 372
1745668551776 1.262502670288086 373
1745668552418 1.430619716644287 374
1745668553059 1.3846458196640015 375
1745668553699 1.1398179531097412 376
1745668554341 1.0857049226760864 377
1745668554996 1.3428106307983398 378
1745668555638 1.0700304508209229 379
1745668556278 1.1598567962646484 380
1745668556928 1.2827837467193604 381
1745668557569 1.1142652034759521 382
1745668558215 1.1328668594360352 383
1745668558855 1.240285873413086 384
1745668559492 1.2275798320770264 385
1745668560130 0.9445918798446655 386
1745668560769 1.2716727256774902 387
1745668561418 1.238882303237915 388
1745668562058 1.1704951524734497 389
1745668562743 1.171069860458374 390
1745668563335 1.1781123876571655 391
1745668571344 1.0736536979675293 392
1745668571987 1.2603037357330322 393
1745668572624 1.0597118139266968 394
1745668573267 1.2598555088043213 395
1745668573905 1.1161644458770752 396
1745668574550 1.3757286071777344 397
1745668575186 1.289710283279419 398
1745668575823 1.2229735851287842 399
1745668576467 1.370053768157959 400
1745668577108 0.934351921081543 401
1745668577748 1.0863399505615234 402
1745668578393 1.1574225425720215 403
1745668579033 1.2024675607681274 404
1745668579684 1.1894582509994507 405
1745668580322 1.3578431606292725 406
1745668580960 1.2923321723937988 407
1745668581601 1.1209235191345215 408
1745668582241 1.0770882368087769 409
1745668582882 1.2331756353378296 410
1745668583519 1.0715811252593994 411
1745668584169 1.0889277458190918 412
1745668584807 1.1322669982910156 413
1745668585451 1.0924882888793945 414
1745668586102 1.3523600101470947 415
1745668586740 1.1770713329315186 416
1745668587384 1.360694408416748 417
1745668588024 1.270644187927246 418
1745668588659 1.1450690031051636 419
1745668589301 1.257000207901001 420
1745668589949 1.530454158782959 421
1745668590589 1.2515673637390137 422
1745668591232 1.2306400537490845 423
1745668591870 1.2015395164489746 424
1745668592526 1.1414337158203125 425
1745668593170 1.5340094566345215 426
1745668593815 0.9797671437263489 427
1745668594461 1.1544411182403564 428
1745668595097 1.3040878772735596 429
1745668595736 1.1635284423828125 430
1745668596385 1.1184546947479248 431
1745668597032 1.2446963787078857 432
1745668597678 1.169724464416504 433
1745668598320 1.3144361972808838 434
1745668598963 1.084089994430542 435
1745668599603 1.4652739763259888 436
1745668600248 1.2909177541732788 437
1745668600897 1.3619043827056885 438
1745668601539 1.3236377239227295 439
1745668602178 1.2928574085235596 440
1745668602820 1.4495697021484375 441
1745668603457 1.263563871383667 442
1745668604100 1.2915217876434326 443
1745668604738 0.9792784452438354 444
1745668605382 1.4273595809936523 445
1745668606020 1.0358928442001343 446
1745668606660 1.3506782054901123 447
1745668607301 1.2730909585952759 448
1745668607959 1.1987817287445068 449
1745668608597 1.2523276805877686 450
1745668609241 1.2344838380813599 451
1745668609899 1.0619466304779053 452
1745668610542 1.2279880046844482 453
1745668611183 1.3531256914138794 454
1745668611833 1.2984199523925781 455
1745668612476 1.3537887334823608 456
1745668613120 0.9562163352966309 457
1745668613776 1.2142213582992554 458
1745668614415 1.0989100933074951 459
1745668615058 1.351546287536621 460
1745668615699 1.3403685092926025 461
1745668616341 1.2105762958526611 462
1745668616988 1.4750595092773438 463
1745668617632 1.1035739183425903 464
1745668618269 1.1381587982177734 465
1745668618913 1.0793278217315674 466
1745668619553 1.3330734968185425 467
1745668620192 1.3355119228363037 468
1745668620834 1.1994707584381104 469
1745668621473 1.162079095840454 470
1745668622111 1.1476285457611084 471
1745668622746 1.0495848655700684 472
1745668623394 1.123422622680664 473
1745668624030 1.0534181594848633 474
1745668624673 1.2676804065704346 475
1745668625311 1.1479413509368896 476
1745668625954 1.3688180446624756 477
1745668626589 1.040393352508545 478
1745668627238 1.319624662399292 479
1745668627887 1.065295696258545 480
1745668628529 1.0618870258331299 481
1745668629174 1.1596155166625977 482
1745668629810 1.0005401372909546 483
1745668630453 1.1871083974838257 484
1745668631090 1.2622507810592651 485
1745668631727 1.0937262773513794 486
1745668632365 1.0831849575042725 487
1745668633006 1.3469789028167725 488
1745668633597 1.2149585485458374 489
1745668642072 1.1422919034957886 490
1745668642710 1.0047025680541992 491
1745668643343 1.2994565963745117 492
1745668643980 1.1949031352996826 493
1745668644623 1.051980972290039 494
1745668645262 1.308459997177124 495
1745668645900 1.5639725923538208 496
1745668646538 1.1853468418121338 497
1745668647260 1.3153154850006104 498
1745668647894 1.3410433530807495 499
1745668648539 1.221043586730957 500
1745668649185 1.1996740102767944 501
1745668649819 1.3969577550888062 502
1745668650466 1.135152816772461 503
1745668651100 1.2039389610290527 504
1745668651740 1.2516491413116455 505
1745668652374 1.1016407012939453 506
1745668653024 1.1868999004364014 507
1745668653666 1.152700662612915 508
1745668654303 1.2822747230529785 509
1745668654936 1.265880823135376 510
1745668655584 1.193873643875122 511
1745668656218 1.1118316650390625 512
1745668656861 0.9975157976150513 513
1745668657500 1.1366559267044067 514
1745668658139 1.2250722646713257 515
1745668658775 0.9418704509735107 516
1745668659420 1.3572779893875122 517
1745668660055 1.2089769840240479 518
1745668660694 1.2313525676727295 519
1745668661334 1.2294344902038574 520
1745668661974 1.2663078308105469 521
1745668662606 1.265397071838379 522
1745668663251 1.227137565612793 523
1745668663901 1.1393353939056396 524
1745668664535 1.2885079383850098 525
1745668665179 1.1494395732879639 526
1745668665817 0.9886704087257385 527
1745668666455 1.2440266609191895 528
1745668667101 1.495727300643921 529
1745668667743 1.1175379753112793 530
1745668668378 1.3067468404769897 531
1745668669014 1.2292691469192505 532
1745668669654 1.0641140937805176 533
1745668670293 1.1790521144866943 534
1745668670935 1.2345798015594482 535
1745668671574 1.3054008483886719 536
1745668672217 1.2447959184646606 537
1745668672853 1.2136080265045166 538
1745668673492 1.2980451583862305 539
1745668674140 1.2317869663238525 540
1745668674783 1.561349868774414 541
1745668675430 1.022005319595337 542
1745668676076 1.4390239715576172 543
1745668676711 1.0047880411148071 544
1745668677355 1.1340417861938477 545
1745668677993 1.218323826789856 546
1745668678674 1.3197367191314697 547
1745668679314 1.2127125263214111 548
1745668679950 1.0534696578979492 549
1745668680592 1.1861906051635742 550
1745668681228 1.1588696241378784 551
1745668681872 1.2170270681381226 552
1745668682507 1.1635594367980957 553
1745668683157 1.2498923540115356 554
1745668683792 1.1363255977630615 555
1745668684434 1.4369990825653076 556
1745668685070 1.2974742650985718 557
1745668685715 1.2425217628479004 558
1745668686355 1.154353380203247 559
1745668686993 1.375704288482666 560
1745668687630 1.1297603845596313 561
1745668688268 1.096118450164795 562
1745668688915 1.380486249923706 563
1745668689556 1.0774738788604736 564
1745668690195 1.1810238361358643 565
1745668690831 1.343968391418457 566
1745668691466 1.0371298789978027 567
1745668692106 1.0625032186508179 568
1745668692745 1.4371254444122314 569
1745668693385 1.2339297533035278 570
1745668694024 1.1278579235076904 571
1745668694669 1.0009925365447998 572
1745668695304 1.2650253772735596 573
1745668695952 1.3007848262786865 574
1745668696584 1.158606767654419 575
1745668697226 1.0731971263885498 576
1745668697865 1.2161121368408203 577
1745668698505 1.1332545280456543 578
1745668699146 1.2203720808029175 579
1745668699783 0.9406248331069946 580
1745668700424 1.364452600479126 581
1745668701065 1.0664348602294922 582
1745668701706 1.0268162488937378 583
1745668702345 1.2801823616027832 584
1745668702983 1.240455985069275 585
1745668703624 1.2767581939697266 586
1745668704209 1.5669223070144653 587
1745668712027 1.2764376401901245 588
1745668712662 1.2900722026824951 589
1745668713293 1.3072421550750732 590
1745668713939 1.0828454494476318 591
1745668714575 1.1512985229492188 592
1745668715215 1.0967450141906738 593
1745668715862 1.2926280498504639 594
1745668716497 1.1148515939712524 595
1745668717142 1.063384771347046 596
1745668717778 0.9881395101547241 597
1745668718413 1.1348389387130737 598
1745668719061 1.0982239246368408 599
1745668719699 1.2565510272979736 600
1745668720335 1.136143684387207 601
1745668720973 1.2164185047149658 602
1745668721616 1.3737988471984863 603
1745668722254 1.0288870334625244 604
1745668722897 1.3326358795166016 605
1745668723532 1.3736494779586792 606
1745668724173 1.4257502555847168 607
1745668724813 1.2611253261566162 608
1745668725569 1.1262154579162598 609
1745668726206 1.2795686721801758 610
1745668726840 1.4357964992523193 611
1745668727476 1.3034049272537231 612
1745668728116 1.0872656106948853 613
1745668728754 1.2473762035369873 614
1745668729394 1.1375871896743774 615
1745668730035 1.2287554740905762 616
1745668730680 1.2231554985046387 617
1745668731316 1.4848049879074097 618
1745668731963 1.2326138019561768 619
1745668732610 1.0035830736160278 620
1745668733261 1.0210113525390625 621
1745668733894 1.2872636318206787 622
1745668734533 1.050706386566162 623
1745668735176 1.3168927431106567 624
1745668735813 1.4678179025650024 625
1745668736455 1.336608648300171 626
1745668737093 1.2261090278625488 627
1745668737729 1.3443243503570557 628
1745668738372 1.0962753295898438 629
1745668739013 1.2798240184783936 630
1745668739652 1.1892552375793457 631
1745668740295 1.2260584831237793 632
1745668740938 1.0452502965927124 633
1745668741606 1.0707592964172363 634
1745668742251 1.2532446384429932 635
1745668742889 1.046396255493164 636
1745668743544 1.4366934299468994 637
1745668744192 1.381990671157837 638
1745668744835 1.1929597854614258 639
1745668745477 1.3094170093536377 640
1745668746131 1.3587095737457275 641
1745668746776 1.3737683296203613 642
1745668747411 1.1921014785766602 643
1745668748054 1.4393442869186401 644
1745668748689 1.5139431953430176 645
1745668749334 1.1741447448730469 646
1745668749973 1.2629752159118652 647
1745668750612 1.127671480178833 648
1745668751253 1.2915444374084473 649
1745668751892 0.986629843711853 650
1745668752529 1.1224051713943481 651
1745668753168 1.182908058166504 652
1745668753807 1.3292162418365479 653
1745668754447 1.1389727592468262 654
1745668755098 1.2467774152755737 655
1745668755748 1.2631078958511353 656
1745668756387 1.236951231956482 657
1745668757201 1.1442667245864868 658
1745668757853 1.0539966821670532 659
1745668758494 1.2622311115264893 660
1745668759151 1.1271415948867798 661
1745668759786 1.2238469123840332 662
1745668760430 1.216578483581543 663
1745668761069 1.0416158437728882 664
1745668761715 1.2631573677062988 665
1745668762364 1.2298141717910767 666
1745668763003 1.1771389245986938 667
1745668763656 1.4092345237731934 668
1745668764299 1.2125725746154785 669
1745668764946 1.1116201877593994 670
1745668765587 1.2660374641418457 671
1745668766226 1.2082879543304443 672
1745668766863 1.2532322406768799 673
1745668767857 1.149836540222168 674
1745668768507 1.2690694332122803 675
1745668769144 1.327009677886963 676
1745668769788 1.0979262590408325 677
1745668770432 1.116342544555664 678
1745668771088 0.9894976019859314 679
1745668771725 1.0276048183441162 680
1745668772361 1.205641746520996 681
1745668773003 1.128158688545227 682
1745668773644 1.1926705837249756 683
1745668774288 1.096327781677246 684
1745668774886 0.9950134754180908 685
1745668782224 1.1060041189193726 686
1745668782868 1.2944321632385254 687
1745668783501 1.2765038013458252 688
1745668784136 1.0031027793884277 689
1745668784777 1.2806894779205322 690
1745668785408 1.1324684619903564 691
1745668786060 1.1294957399368286 692
1745668786695 1.205739140510559 693
1745668787337 1.074949026107788 694
1745668787976 1.1708416938781738 695
1745668788614 1.1990867853164673 696
1745668789255 1.204648733139038 697
1745668789901 1.240828514099121 698
1745668790537 1.420430302619934 699
1745668791175 1.2972872257232666 700
1745668791814 1.0402292013168335 701
1745668792454 1.2101285457611084 702
1745668793093 0.9647121429443359 703
1745668793736 1.353299617767334 704
1745668794374 1.3359904289245605 705
1745668795017 1.1203522682189941 706
1745668795653 1.0223782062530518 707
1745668796294 1.069936990737915 708
1745668796940 1.004165768623352 709
1745668797572 1.5029524564743042 710
1745668798217 1.1883621215820312 711
1745668798857 1.2321999073028564 712
1745668799512 1.2541842460632324 713
1745668800152 1.542237401008606 714
1745668800792 1.2087962627410889 715
1745668801432 1.2688212394714355 716
1745668802075 1.2708897590637207 717
1745668802717 1.2034070491790771 718
1745668803355 1.243217945098877 719
1745668803997 1.1545178890228271 720
1745668804635 1.3873417377471924 721
1745668805274 1.3530380725860596 722
1745668805915 1.130378007888794 723
1745668806555 1.2188425064086914 724
1745668807195 1.221848487854004 725
1745668807834 1.165773868560791 726
1745668808476 1.103505253791809 727
1745668809113 1.2079176902770996 728
1745668809751 1.1081393957138062 729
1745668810388 1.2894867658615112 730
1745668811037 1.251245379447937 731
1745668811675 1.0654165744781494 732
1745668812313 1.0914514064788818 733
1745668812951 1.288822889328003 734
1745668813599 1.146672248840332 735
1745668814253 1.2635064125061035 736
1745668814891 1.0257540941238403 737
1745668815532 1.1728134155273438 738
1745668816175 1.0658084154129028 739
1745668816827 1.284134030342102 740
1745668817469 1.1594903469085693 741
1745668818112 1.2458224296569824 742
1745668818751 1.29092538356781 743
1745668819390 1.269510269165039 744
1745668820029 1.0401520729064941 745
1745668820670 1.4542837142944336 746
1745668821309 1.2250874042510986 747
1745668821947 1.229067087173462 748
1745668822592 1.1986167430877686 749
1745668823233 1.1253788471221924 750
1745668823869 1.5174758434295654 751
1745668824503 0.9705851078033447 752
1745668825146 1.0500773191452026 753
1745668825787 1.1014550924301147 754
1745668826426 1.1116249561309814 755
1745668827065 1.1435506343841553 756
1745668827704 1.3247802257537842 757
1745668828335 1.1919803619384766 758
1745668828999 1.249064564704895 759
1745668829637 1.319498062133789 760
1745668830284 1.089231252670288 761
1745668830926 1.3976203203201294 762
1745668831566 1.2515908479690552 763
1745668832204 1.326690435409546 764
1745668832842 1.1525129079818726 765
1745668833486 1.2158739566802979 766
1745668834122 1.178493618965149 767
1745668834768 1.2104769945144653 768
1745668835410 1.31732177734375 769
1745668836081 1.2238104343414307 770
1745668836766 1.3685052394866943 771
1745668837397 1.3765473365783691 772
1745668838051 1.0970673561096191 773
1745668838699 1.4573554992675781 774
1745668839340 1.1951563358306885 775
1745668839989 1.2335337400436401 776
1745668840628 1.1370790004730225 777
1745668841264 1.17702054977417 778
1745668841901 1.129494309425354 779
1745668842536 1.0692232847213745 780
1745668843181 0.9712467193603516 781
1745668843816 1.3604004383087158 782
1745668844406 1.281019687652588 783
1745668852281 1.2647181749343872 784
1745668852912 1.1739710569381714 785
1745668853559 1.5012184381484985 786
1745668854196 1.1047065258026123 787
1745668854834 1.2401165962219238 788
1745668855466 1.193013072013855 789
1745668856113 1.0132403373718262 790
1745668856754 1.3723959922790527 791
1745668857389 1.038285255432129 792
1745668858034 1.1581326723098755 793
1745668858671 1.2148239612579346 794
1745668859311 1.2825220823287964 795
1745668859956 1.1205750703811646 796
1745668860586 1.2624250650405884 797
1745668861237 1.2010109424591064 798
1745668861873 1.069773554801941 799
1745668862668 1.1193697452545166 800
1745668863303 1.224817156791687 801
1745668863935 1.0169217586517334 802
1745668864573 1.4450980424880981 803
1745668865209 1.4456204175949097 804
1745668865852 1.2489523887634277 805
1745668866489 1.2690390348434448 806
1745668867128 1.2101435661315918 807
1745668867771 1.3987977504730225 808
1745668868403 1.3995873928070068 809
1745668869050 1.246756911277771 810
1745668869686 1.1627752780914307 811
1745668870332 1.2527742385864258 812
1745668870963 1.1618187427520752 813
1745668871609 1.171891212463379 814
1745668872249 1.222607135772705 815
1745668872886 1.2549000978469849 816
1745668873525 1.4374725818634033 817
1745668874161 1.532603144645691 818
1745668874797 1.4507107734680176 819
1745668875434 1.2023577690124512 820
1745668876068 1.4155747890472412 821
1745668876709 1.268634557723999 822
1745668877346 1.143951654434204 823
1745668878033 1.0674968957901 824
1745668878677 1.4346849918365479 825
1745668879307 0.9078949689865112 826
1745668879941 1.2902286052703857 827
1745668880588 1.064072847366333 828
1745668881226 1.213513970375061 829
1745668881867 1.248701572418213 830
1745668882511 1.0996167659759521 831
1745668883147 1.1884541511535645 832
1745668883784 1.2002532482147217 833
1745668884426 1.3538875579833984 834
1745668885060 0.9069244861602783 835
1745668885706 1.091366171836853 836
1745668886346 1.03347909450531 837
1745668886984 1.166398048400879 838
1745668887622 1.0143916606903076 839
1745668888257 1.056056261062622 840
1745668888908 1.1984761953353882 841
1745668889542 1.0686039924621582 842
1745668890177 1.2323554754257202 843
1745668890826 0.9988435506820679 844
1745668891460 1.1137158870697021 845
1745668892101 1.248347282409668 846
1745668892744 1.2921531200408936 847
1745668893382 1.2136235237121582 848
1745668894019 1.0963337421417236 849
1745668894663 1.227961540222168 850
1745668895300 1.0618250370025635 851
1745668895942 1.504777193069458 852
1745668896585 1.3148818016052246 853
1745668897221 1.0938185453414917 854
1745668897858 1.1800827980041504 855
1745668898505 1.1384286880493164 856
1745668899140 1.1676288843154907 857
1745668899779 1.2943260669708252 858
1745668900423 1.404940128326416 859
1745668901055 1.1269129514694214 860
1745668901700 1.2880631685256958 861
1745668902342 1.0719248056411743 862
1745668902985 1.1933499574661255 863
1745668903709 1.0750221014022827 864
1745668904337 1.1270647048950195 865
1745668904985 1.5458016395568848 866
1745668905621 1.1566107273101807 867
1745668906259 1.376599907875061 868
1745668906891 1.059009313583374 869
1745668907541 1.2590076923370361 870
1745668908177 1.2561283111572266 871
1745668908816 1.0471504926681519 872
1745668909455 1.0950729846954346 873
1745668910095 1.1949915885925293 874
1745668910742 1.3959095478057861 875
1745668911377 1.1792229413986206 876
1745668912016 1.342494010925293 877
1745668912655 1.130020022392273 878
1745668913295 1.1942451000213623 879
1745668914086 1.1471147537231445 880
1745668914665 1.084141731262207 881
1745668922009 1.1950738430023193 882
1745668922641 1.197210669517517 883
1745668923270 1.139780044555664 884
1745668923908 1.0711644887924194 885
1745668924537 1.2629953622817993 886
1745668925167 1.2550921440124512 887
1745668925806 1.2308764457702637 888
1745668926453 1.2993347644805908 889
1745668927082 1.170842170715332 890
1745668927716 1.0783700942993164 891
1745668928350 1.1361581087112427 892
1745668928991 1.2560442686080933 893
1745668929625 1.058642864227295 894
1745668930269 1.1786693334579468 895
1745668930898 1.103763461112976 896
1745668931533 1.3125996589660645 897
1745668932160 1.2831922769546509 898
1745668932792 1.2269351482391357 899
1745668933421 1.193488597869873 900
1745668934068 1.438627004623413 901
1745668934708 1.2643461227416992 902
1745668935347 1.1102045774459839 903
1745668935993 1.1210094690322876 904
1745668936627 1.4474211931228638 905
1745668937265 1.049314260482788 906
1745668937911 1.1288779973983765 907
1745668938545 1.4213659763336182 908
1745668939192 1.170952320098877 909
1745668939829 1.400533676147461 910
1745668940466 1.073686122894287 911
1745668941111 1.0463197231292725 912
1745668941749 1.0920530557632446 913
1745668942384 1.2751617431640625 914
1745668943030 1.045939564704895 915
1745668943669 1.3537489175796509 916
1745668944310 0.9306901693344116 917
1745668944947 1.1522754430770874 918
1745668945585 1.3718807697296143 919
1745668946232 1.1847774982452393 920
1745668946869 1.0301748514175415 921
1745668947506 1.3934686183929443 922
1745668948144 1.2856988906860352 923
1745668948788 1.279564619064331 924
1745668949429 1.23403000831604 925
1745668950070 1.4699150323867798 926
1745668950711 1.246858835220337 927
1745668951343 1.3289334774017334 928
1745668951988 1.5689899921417236 929
1745668952626 1.3433599472045898 930
1745668953265 1.1283658742904663 931
1745668953902 0.9178576469421387 932
1745668954550 1.0162091255187988 933
1745668955187 1.2139811515808105 934
1745668955827 1.1335618495941162 935
1745668956468 1.2170737981796265 936
1745668957104 1.2553060054779053 937
1745668957746 0.9561818838119507 938
1745668958389 1.1552047729492188 939
1745668959022 1.03056800365448 940
1745668959664 1.3886511325836182 941
1745668960299 1.1943244934082031 942
1745668960966 1.1393680572509766 943
1745668961607 1.1243456602096558 944
1745668962250 1.3829724788665771 945
1745668962906 1.1710693836212158 946
1745668963540 1.32415771484375 947
1745668964182 1.0053616762161255 948
1745668964824 1.4515879154205322 949
1745668965459 1.3381766080856323 950
1745668966099 1.2465193271636963 951
1745668966745 1.150226354598999 952
1745668967385 1.3926482200622559 953
1745668968030 1.2696468830108643 954
1745668968677 1.211005449295044 955
1745668969327 1.3957122564315796 956
1745668969971 1.4531188011169434 957
1745668970625 1.1219971179962158 958
1745668971257 1.0423088073730469 959
1745668971899 1.1455111503601074 960
1745668972540 1.1655305624008179 961
1745668973176 1.4313323497772217 962
1745668973820 1.300568699836731 963
1745668974459 1.2496451139450073 964
1745668975099 1.1885013580322266 965
1745668975738 1.0108104944229126 966
1745668976423 1.173965334892273 967
1745668977068 1.2757035493850708 968
1745668977709 1.1905710697174072 969
1745668978354 1.3622509241104126 970
1745668978995 1.2385520935058594 971
