1745668296958 3.9999999999999996e-05 0
1745668297554 4.0027591263302196e-05 1
1745668298154 4.0110361881217694e-05 2
1745668298756 4.024830233813879e-05 3
1745668299359 4.044139677593416e-05 4
1745668299959 4.068962299577281e-05 5
1745668300557 4.099295246067533e-05 6
1745668301154 4.135135029879574e-05 7
1745668301748 4.176477530742906e-05 8
1745668302343 4.223317995774936e-05 9
1745668302942 4.2756510400273175e-05 10
1745668303548 4.333470647104997e-05 11
1745668304149 4.396770169858011e-05 12
1745668304747 4.4655423311455115e-05 13
1745668305344 4.539779224672447e-05 14
1745668305939 4.619472315898511e-05 15
1745668306542 4.7046124430192736e-05 16
1745668307148 4.795189818019457e-05 17
1745668307745 4.891194027798211e-05 18
1745668308342 4.992614035366277e-05 19
1745668308946 5.099438181114721e-05 20
1745668309547 5.2116541841555294e-05 21
1745668310148 5.329249143733324e-05 22
1745668310750 5.4522095407085434e-05 23
1745668311354 5.5805212391116764e-05 24
1745668311953 5.714169487768298e-05 25
1745668312553 5.853138921995012e-05 26
1745668313157 5.997413565365787e-05 27
1745668313767 6.146976831548619e-05 28
1745668314377 6.301811526212458e-05 29
1745668314983 6.461899849003849e-05 30
1745668315593 6.627223395593343e-05 31
1745668316198 6.79776315979135e-05 32
1745668316805 6.973499535733118e-05 33
1745668317412 7.154412320132739e-05 34
1745668318017 7.340480714605779e-05 35
1745668318624 7.531683328060247e-05 36
1745668319234 7.72799817915597e-05 37
1745668319843 7.929402698831506e-05 38
1745668320452 8.135873732898781e-05 39
1745668321060 8.347387544705039e-05 40
1745668321672 8.56391981786163e-05 41
1745668322283 8.785445659039543e-05 42
1745668322895 9.011939600831245e-05 43
1745668323512 9.243375604678459e-05 44
1745668324118 9.479727063865676e-05 45
1745668324731 9.720966806578987e-05 46
1745668325354 9.967067099029788e-05 47
1745668325969 0.0001021799964864322 48
1745668326585 0.00010473735607310756 49
1745668327196 0.000107342455747067 50
1745668327810 0.00010999499601668089 51
1745668328422 0.00011269467193637849 52
1745668329036 0.00011544117314170527 53
1745668329648 0.00011823418388500319 54
1745668330253 0.00012107338307171017 55
1745668330864 0.00012395844429727526 56
1745668331484 0.00012688903588468198 57
1745668332102 0.00012986482092257985 58
1745668332714 0.0001328854573040165 59
1745668333333 0.00013595059776576833 60
1745668333952 0.00013905988992826224 61
1745668334568 0.0001422129763360867 62
1745668335180 0.0001454094944990863 63
1745668335791 0.00014864907693403493 64
1745668336400 0.0001519313512068827 65
1745668337014 0.00015525593997557283 66
1745668337631 0.00015862246103342127 67
1745668338250 0.00016203052735305767 68
1745668338872 0.00016547974713091893 69
1745668339489 0.000168969723832292 70
1745668340106 0.00017250005623690155 71
1745668340727 0.00017607033848503553 72
1745668341344 0.00017968016012420403 73
1745668341970 0.00018332910615632644 74
1745668342587 0.00018701675708544146 75
1745668343206 0.0001907426889659334 76
1745668343824 0.00019450647345127092 77
1745668344450 0.0001983076778432505 78
1745668345069 0.00020214586514174235 79
1745668345690 0.0002060205940949281 80
1745668346313 0.00020993141925002956 81
1745668346934 0.0002138778910045193 82
1745668347549 0.00021785955565780887 83
1745668348174 0.00022187595546340692 84
1745668348783 0.00022592662868154453 85
1745668349403 0.00023001110963225815 86
1745668350023 0.0002341289287489252 87
1745668350652 0.00023827961263224787 88
1745668351285 0.0002424626841046766 89
1745668351903 0.00024667766226526807 90
1745668352530 0.00025092406254497096 91
1745668353163 0.00025520139676233483 92
1745668353793 0.0002595091731796319 93
1745668354423 0.00026384689655938975 94
1745668355050 0.0002682140682213255 95
1745668355683 0.0002726101860996759 96
1745668356253 0.00027703474480091615 97
1745668363605 0.00028596714680814966 98
1745668364228 0.0002904739632130776 99
1745668364858 0.0002950071667568207 100
1745668365487 0.0002995662362859936 101
1745668366108 0.00030415064767356365 102
1745668366728 0.000308759873879107 103
1745668367357 0.0003133933850093998 104
1745668367987 0.00031805064837933466 105
1745668368606 0.00032273112857316246 106
1745668369228 0.00032743428750604375 107
1745668369858 0.00033215958448591003 108
1745668370486 0.0003369064762756231 109
1745668371110 0.00034167441715542775 110
1745668371740 0.00034646285898568994 111
1745668372366 0.0003512712512699121 112
1745668373003 0.0003560990412180213 113
1745668373635 0.0003609456738099189 114
1745668374266 0.0003658105918592885 115
1745668374900 0.0003706932360776513 116
1745668375538 0.00037559304513866485 117
1745668376163 0.00038050945574265456 118
1745668376803 0.0003854419026813724 119
1745668377445 0.0003903898189029757 120
1745668378072 0.0003953526355772179 121
1745668378704 0.0004003297821608422 122
1745668379324 0.0004053206864631741 123
1745668379958 0.00041032477471190227 124
1745668380601 0.0004153414716190414 125
1745668381244 0.0004203702004470695 126
1745668381874 0.0004254103830752321 127
1745668382507 0.00043046144006600364 128
1745668383142 0.0004355227907317038 129
1745668383781 0.00044059385320125376 130
1745668384408 0.000445674044487071 131
1745668385044 0.00045076278055209123 132
1745668385676 0.00045585947637691196 133
1745668386313 0.0004609635460270478 134
1745668386945 0.0004660744027202918 135
1745668387575 0.00047119145889417454 136
1745668388208 0.00047631412627351154 137
1745668388846 0.00048144181593803425 138
1745668389476 0.00048657393839009427 139
1745668390121 0.0004917099036224334 140
1745668390752 0.0004968491211860141 141
1745668391390 0.0005019910002578993 142
1745668392019 0.0005071349497091748 143
1745668392661 0.0005122803781729086 144
1745668393300 0.0005174266941121357 145
1745668393936 0.0005225733058878642 146
1745668394587 0.0005277196218270914 147
1745668395224 0.0005328650502908251 148
1745668395859 0.0005380089997421005 149
1745668396501 0.0005431508788139858 150
1745668397135 0.0005482900963775665 151
1745668397782 0.0005534260616099059 152
1745668398415 0.0005585581840619657 153
1745668399063 0.0005636858737264885 154
1745668399699 0.0005688085411058256 155
1745668400339 0.0005739255972797082 156
1745668400977 0.0005790364539729523 157
1745668401614 0.000584140523623088 158
1745668402261 0.0005892372194479088 159
1745668402901 0.0005943259555129289 160
1745668403541 0.0005994061467987461 161
1745668404178 0.000604477209268296 162
1745668404818 0.0006095385599339963 163
1745668405456 0.000614589616924768 164
1745668406095 0.0006196297995529304 165
1745668406741 0.0006246585283809587 166
1745668407378 0.0006296752252880978 167
1745668408019 0.000634679313536826 168
1745668408667 0.0006396702178391577 169
1745668409316 0.000644647364422782 170
1745668409960 0.0006496101810970241 171
1745668410607 0.0006545580973186277 172
1745668411254 0.0006594905442573453 173
1745668411896 0.0006644069548613352 174
1745668412537 0.0006693067639223487 175
1745668413178 0.0006741894081407115 176
1745668413820 0.0006790543261900811 177
1745668414464 0.0006839009587819786 178
1745668415117 0.0006887287487300877 179
1745668415758 0.00069353714101431 180
1745668416402 0.0006983255828445722 181
1745668417040 0.0007030935237243769 182
1745668417685 0.0007078404155140901 183
1745668418336 0.000712565712493956 184
1745668418977 0.0007172688714268374 185
1745668419625 0.0007219493516206653 186
1745668420276 0.0007266066149906002 187
1745668420917 0.0007312401261208928 188
1745668421560 0.0007358493523264362 189
1745668422216 0.0007404337637140065 190
1745668422857 0.0007449928332431792 191
1745668423501 0.0007495260367869224 192
1745668424153 0.0007540328531918503 193
1745668424798 0.0007585127643381374 194
1745668425396 0.0007629652551990839 195
1745668432273 0.0007717859317786744 196
1745668432918 0.0007761531034406102 197
1745668433566 0.0007804908268203681 198
1745668434207 0.0007847986032376651 199
1745668434844 0.0007890759374550289 200
1745668435486 0.0007933223377347321 201
1745668436129 0.0007975373158953234 202
1745668436767 0.000801720387367752 203
1745668437408 0.0008058710712510748 204
1745668438045 0.0008099888903677418 205
1745668438685 0.0008140733713184553 206
1745668439326 0.0008181240445365931 207
1745668439966 0.0008221404443421911 208
1745668440609 0.0008261221089954806 209
1745668441245 0.0008300685807499704 210
1745668441884 0.0008339794059050719 211
1745668442528 0.0008378541348582577 212
1745668443168 0.0008416923221567495 213
1745668443804 0.0008454935265487291 214
1745668444445 0.0008492573110340665 215
1745668445088 0.0008529832429145583 216
1745668445724 0.0008566708938436735 217
1745668446364 0.000860319839875796 218
1745668447003 0.0008639296615149645 219
1745668447643 0.0008674999437630984 220
1745668448283 0.000871030276167708 221
1745668448926 0.0008745202528690812 222
1745668449568 0.0008779694726469422 223
1745668450220 0.0008813775389665786 224
1745668450861 0.0008847440600244272 225
1745668451503 0.0008880686487931172 226
1745668452145 0.000891350923065965 227
1745668453054 0.0008945905055009137 228
1745668453690 0.0008977870236639132 229
1745668454341 0.0009009401100717378 230
1745668454982 0.0009040494022342316 231
1745668455619 0.0009071145426959835 232
1745668456261 0.0009101351790774203 233
1745668456903 0.000913110964115318 234
1745668457541 0.0009160415557027248 235
1745668458179 0.0009189266169282898 236
1745668458820 0.0009217658161149969 237
1745668459462 0.0009245588268582947 238
1745668460101 0.0009273053280636214 239
1745668460748 0.000930005003983319 240
1745668461398 0.000932657544252933 241
1745668462038 0.0009352626439268923 242
1745668462675 0.0009378200035135678 243
1745668463317 0.0009403293290097021 244
1745668463953 0.0009427903319342101 245
1745668464601 0.0009452027293613433 246
1745668465240 0.0009475662439532154 247
1745668465875 0.0009498806039916876 248
1745668466516 0.0009521455434096045 249
1745668467150 0.0009543608018213837 250
1745668467785 0.0009565261245529495 251
1745668468421 0.0009586412626710121 252
1745668469056 0.000960705973011685 253
1745668469692 0.0009627200182084403 254
1745668470336 0.0009646831667193975 255
1745668470966 0.0009665951928539423 256
1745668471615 0.0009684558767986725 257
1745668472259 0.0009702650046426687 258
1745668472895 0.0009720223684020865 259
1745668473537 0.0009737277660440666 260
1745668474173 0.0009753810015099615 261
1745668474811 0.0009769818847378754 262
1745668475449 0.0009785302316845138 263
1745668476087 0.0009800258643463421 264
1745668476713 0.00098146861078005 265
1745668477342 0.000982858305122317 266
1745668477974 0.0009841947876088834 267
1745668478611 0.0009854779045929145 268
1745668479248 0.0009867075085626669 269
1745668479892 0.0009878834581584447 270
1745668480533 0.0009890056181888528 271
1745668481167 0.0009900738596463374 272
1745668481808 0.0009910880597220177 273
1745668482448 0.0009920481018198056 274
1745668483085 0.0009929538755698074 275
1745668483728 0.000993805276841015 276
1745668484372 0.0009946022077532755 277
1745668485010 0.000995344576688545 278
1745668485650 0.0009960322983014198 279
1745668486281 0.00099666529352895 280
1745668486915 0.000997243489599727 281
1745668487547 0.0009977668200422507 282
1745668488191 0.0009982352246925709 283
1745668488822 0.0009986486497012043 284
1745668489671 0.0009990070475393246 285
1745668490300 0.0009993103770042273 286
1745668490937 0.0009995586032240658 287
1745668491570 0.0009997516976618613 288
1745668492203 0.0009998896381187823 289
1745668492841 0.000999972408736698 290
1745668493480 0.001 291
1745668494108 0.0009999947568893096 292
1745668494705 0.0009999790276672004 293
1745668501268 0.0009999161124281636 294
1745668501888 0.0009998689277307276 295
1745668502521 0.0009998112595608279 296
1745668503151 0.0009997431091279116 297
1745668503783 0.0009996644778612655 298
1745668504417 0.000999575367409986 299
1745668505045 0.000999475779642944 300
1745668505676 0.0009993657166487474 301
1745668506313 0.0009992451807356948 302
1745668506943 0.0009991141744317288 303
1745668507563 0.0009989727004843826 304
1745668508193 0.0009988207618607226 305
1745668508823 0.0009986583617472853 306
1745668509457 0.0009984855035500117 307
1745668510092 0.0009983021908941746 308
1745668510725 0.000998108427624304 309
1745668511356 0.0009979042178041048 310
1745668511992 0.0009976895657163732 311
1745668512621 0.0009974644758629057 312
1745668513258 0.0009972289529644053 313
1745668513894 0.0009969830019603823 314
1745668514524 0.0009967266280090507 315
1745668515156 0.0009964598364872199 316
1745668515803 0.0009961826329901822 317
1745668516430 0.0009958950233315954 318
1745668517061 0.0009955970135433606 319
1745668517692 0.0009952886098754964 320
1745668518338 0.0009949698187960068 321
1745668518979 0.000994640646990746 322
1745668519621 0.0009943011013632784 323
1745668520259 0.000993951189034734 324
1745668520941 0.0009935909173436584 325
1745668521579 0.000993220293845859 326
1745668522219 0.000992839326314247 327
1745668522853 0.0009924480227386746 328
1745668523499 0.0009920463913257662 329
1745668524132 0.0009916344404987468 330
1745668524778 0.000991212178897267 331
1745668525417 0.0009907796153772188 332
1745668526059 0.0009903367590105522 333
1745668526691 0.0009898836190850846 334
1745668527337 0.0009894202051043048 335
1745668527979 0.0009889465267871752 336
1745668528617 0.0009884625940679262 337
1745668529266 0.0009879684170958506 338
1745668529917 0.0009874640062350875 339
1745668530556 0.0009869493720644073 340
1745668531194 0.0009864245253769887 341
1745668531847 0.0009858894771801931 342
1745668532482 0.000985344238695333 343
1745668533125 0.0009847888213574368 344
1745668533775 0.0009842232368150099 345
1745668534415 0.0009836474969297886 346
1745668535049 0.0009830616137764935 347
1745668535694 0.0009824655996425744 348
1745668536331 0.0009818594670279537 349
1745668536973 0.0009812432286447636 350
1745668537615 0.0009806168974170804 351
1745668538256 0.000979980486480652 352
1745668538896 0.0009793340091826242 353
1745668539534 0.000978677479081259 354
1745668540179 0.0009780109099456517 355
1745668540821 0.0009773343157554412 356
1745668541475 0.000976647710700517 357
1745668542117 0.0009759511091807219 358
1745668542762 0.0009752445258055501 359
1745668543415 0.0009745279753938402 360
1745668544052 0.0009738014729734648 361
1745668544696 0.0009730650337810152 362
1745668545340 0.0009723186732614821 363
1745668545977 0.000971562407067931 364
1745668546615 0.0009707962510611753 365
1745668547262 0.0009700202213094421 366
1745668547911 0.000969234334088036 367
1745668548557 0.0009684386058789978 368
1745668549200 0.0009676330533707584 369
1745668549854 0.0009668176934577893 370
1745668550496 0.0009659925432402482 371
1745668551135 0.0009651576200236197 372
1745668551775 0.0009643129413183535 373
1745668552418 0.0009634585248394961 374
1745668553058 0.0009625943885063199 375
1745668553698 0.0009617205504419472 376
1745668554340 0.0009608370289729702 377
1745668554995 0.0009599438426290662 378
1745668555637 0.0009590410101426098 379
1745668556277 0.0009581285504482794 380
1745668556924 0.0009572064826826602 381
1745668557567 0.0009562748261838428 382
1745668558212 0.0009553336004910182 383
1745668558853 0.0009543828253440673 384
1745668559490 0.0009534225206831472 385
1745668560128 0.0009524527066482729 386
1745668560767 0.0009514734035788951 387
1745668561416 0.0009504846320134736 388
1745668562056 0.0009494864126890464 389
1745668562741 0.0009484787665407949 390
1745668563333 0.0009474617147016049 391
1745668571338 0.0009453994794678095 392
1745668571985 0.0009443543393234878 393
1745668572622 0.0009432998799878872 394
1745668573265 0.0009422361235756842 395
1745668573902 0.0009411630923965386 396
1745668574548 0.0009400808089546251 397
1745668575184 0.0009389892959481626 398
1745668575821 0.000937888576268936 399
1745668576465 0.0009367786730018188 400
1745668577106 0.0009356596094242864 401
1745668577746 0.0009345314090059297 402
1745668578391 0.0009333940954079617 403
1745668579032 0.0009322476924827226 404
1745668579682 0.0009310922242731783 405
1745668580321 0.0009299277150124161 406
1745668580959 0.000928754189123138 407
1745668581600 0.000927571671217147 408
1745668582240 0.000926380186094831 409
1745668582881 0.0009251797587446439 410
1745668583518 0.00092397041434258 411
1745668584168 0.0009227521782516473 412
1745668584806 0.0009215250760213343 413
1745668585448 0.0009202891333870753 414
1745668586099 0.0009190443762697104 415
1745668586738 0.0009177908307749414 416
1745668587382 0.0009165285231927843 417
1745668588022 0.0009152574799970187 418
1745668588658 0.0009139777278446321 419
1745668589299 0.0009126892935752602 420
1745668589948 0.0009113922042106252 421
1745668590589 0.0009100864869539686 422
1745668591231 0.0009087721691894803 423
1745668591869 0.0009074492784817243 424
1745668592523 0.0009061178425750614 425
1745668593168 0.000904777889393067 426
1745668593811 0.0009034294470379444 427
1745668594458 0.000902072543789937 428
1745668595095 0.0009007072081067345 429
1745668595735 0.0008993334686228758 430
1745668596383 0.0008979513541491488 431
1745668597031 0.000896560893671986 432
1745668597677 0.0008951621163528572 433
1745668598319 0.0008937550515276566 434
1745668598962 0.0008923397287060891 435
1745668599601 0.0008909161775710499 436
1745668600246 0.0008894844279780035 437
1745668600895 0.0008880445099543561 438
1745668601537 0.000886596453698827 439
1745668602177 0.0008851402895808146 440
1745668602818 0.0008836760481397596 441
1745668603457 0.0008822037600845046 442
1745668604098 0.0008807234562926504 443
1745668604737 0.0008792351678099075 444
1745668605381 0.0008777389258494456 445
1745668606018 0.0008762347617912392 446
1745668606656 0.0008747227071814092 447
1745668607298 0.0008732027937315612 448
1745668607957 0.0008716750533181205 449
1745668608595 0.0008701395179816636 450
1745668609239 0.0008685962199262463 451
1745668609894 0.0008670451915187282 452
1745668610539 0.0008654864652880937 453
1745668611182 0.0008639200739247707 454
1745668611831 0.0008623460502799433 455
1745668612475 0.0008607644273648647 456
1745668613115 0.0008591752383501635 457
1745668613772 0.0008575785165651486 458
1745668614413 0.0008559742954971104 459
1745668615054 0.0008543626087906177 460
1745668615697 0.0008527434902468133 461
1745668616340 0.0008511169738227035 462
1745668616987 0.0008494830936304478 463
1745668617631 0.000847841883936642 464
1745668618269 0.0008461933791615999 465
1745668618912 0.000844537613878632 466
1745668619552 0.0008428746228133198 467
1745668620191 0.0008412044408427877 468
1745668620833 0.0008395271029949718 469
1745668621471 0.0008378426444478845 470
1745668622108 0.0008361511005288778 471
1745668622744 0.0008344525067139015 472
1745668623389 0.0008327468986267598 473
1745668624027 0.0008310343120383635 474
1745668624671 0.0008293147828659809 475
1745668625310 0.0008275883471724828 476
1745668625952 0.0008258550411655883 477
1745668626588 0.0008241149011971035 478
1745668627235 0.0008223679637621604 479
1745668627884 0.0008206142654984511 480
1745668628527 0.000818853843185459 481
1745668629172 0.0008170867337436877 482
1745668629807 0.0008153129742338877 483
1745668630450 0.000813532601856277 484
1745668631087 0.000811745653949763 485
1745668631725 0.0008099521679911583 486
1745668632364 0.0008081521815943948 487
1745668633004 0.0008063457325097354 488
1745668633594 0.0008045328586229815 489
1745668642071 0.0008008879886593211 490
1745668642709 0.000799056069024547 491
1745668643342 0.0007972178774703401 492
1745668643979 0.0007953734525482219 493
1745668644622 0.0007935228329404432 494
1745668645261 0.0007916660574591728 495
1745668645898 0.0007898031650456845 496
1745668646537 0.0007879341947695388 497
1745668647259 0.0007860591858277645 498
1745668647893 0.0007841781775440367 499
1745668648537 0.0007822912093678519 500
1745668649184 0.0007803983208737002 501
1745668649818 0.0007784995517602361 502
1745668650462 0.0007765949418494456 503
1745668651098 0.0007746845310858105 504
1745668651738 0.0007727683595354718 505
1745668652372 0.0007708464673853881 506
1745668653021 0.0007689188949424942 507
1745668653663 0.000766985682632854 508
1745668654301 0.0007650468710008142 509
1745668654935 0.0007631025007081539 510
1745668655578 0.0007611526125332305 511
1745668656217 0.000759197247370126 512
1745668656860 0.0007572364462277878 513
1745668657500 0.0007552702502291708 514
1745668658137 0.0007532987006103727 515
1745668658774 0.0007513218387197705 516
1745668659419 0.0007493397060171527 517
1745668660053 0.0007473523440728502 518
1745668660693 0.0007453597945668649 519
1745668661333 0.0007433620992879937 520
1745668661973 0.0007413593001329545 521
1745668662605 0.0007393514391055059 522
1745668663250 0.0007373385583155668 523
1745668663899 0.000735320699978333 524
1745668664532 0.0007332979064133925 525
1745668665177 0.0007312702200438372 526
1745668665815 0.0007292376833953733 527
1745668666453 0.0007272003390954302 528
1745668667099 0.0007251582298722654 529
1745668667741 0.0007231113985540688 530
1745668668376 0.000721059888068065 531
1745668669013 0.0007190037414396125 532
1745668669653 0.0007169430017913008 533
1745668670291 0.0007148777123420474 534
1745668670932 0.0007128079164061902 535
1745668671572 0.0007107336573925797 536
1745668672215 0.0007086549788036683 537
1745668672852 0.0007065719242345982 538
1745668673490 0.0007044845373722867 539
1745668674137 0.0007023928619945105 540
1745668674781 0.0007002969419689874 541
1745668675428 0.0006981968212524556 542
1745668676074 0.000696092543889753 543
1745668676710 0.0006939841540128927 544
1745668677354 0.0006918716958401375 545
1745668677992 0.0006897552136750729 546
1745668678673 0.0006876347519056773 547
1745668679313 0.0006855103550033917 548
1745668679948 0.0006833820675221868 549
1745668680591 0.0006812499340976287 550
1745668681227 0.0006791139994459421 551
1745668681870 0.0006769743083630738 552
1745668682506 0.0006748309057237517 553
1745668683156 0.0006726838364805449 554
1745668683791 0.0006705331456629205 555
1745668684431 0.0006683788783762987 556
1745668685067 0.0006662210798011078 557
1745668685712 0.000664059795191836 558
1745668686352 0.0006618950698760822 559
1745668686990 0.0006597269492536058 560
1745668687627 0.0006575554787953743 561
1745668688266 0.0006553807040426098 562
1745668688914 0.0006532026706058336 563
1745668689554 0.0006510214241639105 564
1745668690193 0.0006488370104630891 565
1745668690830 0.0006466494753160441 566
1745668691464 0.0006444588646009149 567
1745668692104 0.0006422652242603429 568
1745668692744 0.0006400686003005087 569
1745668693384 0.0006378690387901666 570
1745668694023 0.0006356665858596794 571
1745668694668 0.0006334612877000494 572
1745668695303 0.0006312531905619514 573
1745668695951 0.0006290423407547612 574
1745668696583 0.0006268287846455858 575
1745668697225 0.0006246125686582892 576
1745668697861 0.0006223937392725204 577
1745668698503 0.0006201723430227379 578
1745668699144 0.0006179484264972337 579
1745668699781 0.0006157220363371563 580
1745668700423 0.0006134932192355327 581
1745668701062 0.0006112620219362892 582
1745668701704 0.0006090284912332703 583
1745668702343 0.0006067926739692584 584
1745668702981 0.0006045546170349907 585
1745668703622 0.0006023143673681759 586
1745668704207 0.0006000719719525095 587
1745668712026 0.0005955809320334288 588
1745668712661 0.0005933323817184686 589
1745668713292 0.0005910818740295907 590
1745668713938 0.000588829456165627 591
1745668714574 0.0005865751753654718 592
1745668715214 0.000584319078907089 593
1745668715861 0.0005820612141065217 594
1745668716496 0.0005798016283168995 595
1745668717141 0.0005775403689274458 596
1745668717777 0.0005752774833624832 597
1745668718413 0.0005730130190804395 598
1745668719060 0.0005707470235728525 599
1745668719698 0.0005684795443633729 600
1745668720334 0.0005662106290067695 601
1745668720973 0.0005639403250879295 602
1745668721615 0.0005616686802208627 603
1745668722253 0.0005593957420477015 604
1745668722896 0.0005571215582377023 605
1745668723531 0.0005548461764862457 606
1745668724172 0.0005525696445138358 607
1745668724810 0.0005502920100651006 608
1745668725567 0.000548013320907789 609
1745668726204 0.00054573362483177 610
1745668726838 0.0005434529696480306 611
1745668727475 0.0005411714031876722 612
1745668728114 0.0005388889733009082 613
1745668728752 0.0005366057278560604 614
1745668729393 0.0005343217147385545 615
1745668730033 0.0005320369818499165 616
1745668730679 0.0005297515771067679 617
1745668731315 0.0005274655484398206 618
1745668731959 0.0005251789437928718 619
1745668732608 0.0005228918111217982 620
1745668733259 0.000520604198393551 621
1745668733892 0.0005183161535851487 622
1745668734532 0.0005160277246826726 623
1745668735175 0.0005137389596802581 624
1745668735812 0.0005114499065790906 625
1745668736454 0.0005091606133863976 626
1745668737091 0.0005068711281144408 627
1745668737727 0.000504581498779512 628
1745668738370 0.0005022917734009228 629
1745668739012 0.0005000019999999999 630
1745668739651 0.000497712226599077 631
1745668740292 0.000495422501220488 632
1745668740936 0.0004931328718855589 633
1745668741603 0.0004908433866136024 634
1745668742249 0.0004885540934209093 635
1745668742887 0.000486265040319742 636
1745668743541 0.00048397627531732753 637
1745668744189 0.0004816878464148513 638
1745668744833 0.000479399801606449 639
1745668745474 0.0004771121888782016 640
1745668746130 0.0004748250562071282 641
1745668746775 0.00047253845156017927 642
1745668747410 0.0004702524228932321 643
1745668748053 0.00046796701815008356 644
1745668748687 0.0004656822852614457 645
1745668749332 0.00046339827214393966 646
1745668749971 0.00046111502669909184 647
1745668750611 0.0004588325968123278 648
1745668751251 0.0004565510303519693 649
1745668751891 0.0004542703751682299 650
1745668752528 0.00045199067909221095 651
1745668753166 0.00044971198993489934 652
1745668753805 0.00044743435548616413 653
1745668754445 0.00044515782351375443 654
1745668755095 0.00044288244176229766 655
1745668755744 0.00044060825795229857 656
1745668756385 0.0004383353197791372 657
1745668757199 0.0004360636749120703 658
1745668757850 0.0004337933709932305 659
1745668758492 0.0004315244556366269 660
1745668759148 0.0004292569764271475 661
1745668759784 0.0004269909809195605 662
1745668760428 0.0004247265166375169 663
1745668761068 0.0004224636310725543 664
1745668761714 0.00042020237168310053 665
1745668762363 0.0004179427858934783 666
1745668763002 0.0004156849210929108 667
1745668763653 0.0004134288246345281 668
1745668764297 0.00041117454383437276 669
1745668764944 0.0004089221259704094 670
1745668765586 0.0004066716182815314 671
1745668766225 0.00040442306796657134 672
1745668766863 0.00040217652218331055 673
1745668767855 0.00039993202804749036 674
1745668768506 0.00039768963263182416 675
1745668769143 0.00039544938296500907 676
1745668769785 0.00039321132603074144 677
1745668770430 0.0003909755087667295 678
1745668771086 0.00038874197806371076 679
1745668771723 0.0003865107807644672 680
1745668772359 0.00038428196366284374 681
1745668773000 0.0003820555735027663 682
1745668773642 0.000379831656977262 683
1745668774286 0.00037761026072747955 684
1745668774883 0.0003753914313417107 685
1745668782223 0.00037096165924523853 686
1745668782866 0.00036875080943804853 687
1745668783499 0.0003665427122999506 688
1745668784135 0.0003643374141403208 689
1745668784776 0.00036213496120983337 690
1745668785407 0.00035993539969949125 691
1745668786059 0.00035773877573965705 692
1745668786694 0.000355545135399085 693
1745668787337 0.0003533545246839558 694
1745668787975 0.00035116698953691083 695
1745668788613 0.00034898257583608955 696
1745668789254 0.00034680132939416623 697
1745668789900 0.0003446232959573903 698
1745668790536 0.0003424485212046257 699
1745668791174 0.0003402770507463941 700
1745668791814 0.0003381089301239178 701
1745668792453 0.0003359442048081639 702
1745668793093 0.0003337829201988921 703
1745668793735 0.0003316251216237012 704
1745668794372 0.0003294708543370795 705
1745668795016 0.0003273201635194551 706
1745668795652 0.0003251730942762484 707
1745668796293 0.0003230296916369263 708
1745668796940 0.0003208900005540578 709
1745668797571 0.0003187540659023714 710
1745668798216 0.00031662193247781307 711
1745668798857 0.00031449364499660837 712
1745668799511 0.00031236924809432276 713
1745668800151 0.00031024878632492716 714
1745668800790 0.0003081323041598624 715
1745668801430 0.0003060198459871073 716
1745668802073 0.0003039114561102469 717
1745668802716 0.00030180717874754424 718
1745668803354 0.00029970705803101263 719
1745668803996 0.00029761113800548934 720
1745668804634 0.00029551946262771327 721
1745668805273 0.00029343207576540176 722
1745668805913 0.00029134902119633174 723
1745668806554 0.00028927034260742035 724
1745668807193 0.00028719608359380997 725
1745668807832 0.0002851262876579527 726
1745668808474 0.0002830609982086992 727
1745668809111 0.00028100025856038746 728
1745668809750 0.0002789441119319349 729
1745668810387 0.00027689260144593103 730
1745668811036 0.0002748457701277345 731
1745668811674 0.0002728036609045697 732
1745668812312 0.0002707663166046265 733
1745668812950 0.00026873377995616297 734
1745668813595 0.0002667060935866075 735
1745668814251 0.00026468330002166695 736
1745668814889 0.0002626654416844333 737
1745668815530 0.00026065256089449404 738
1745668816174 0.00025864469986704543 739
1745668816824 0.00025664190071200617 740
1745668817469 0.00025464420543313523 741
1745668818111 0.0002526516559271496 742
1745668818750 0.00025066429398284745 743
1745668819389 0.0002486821612802296 744
1745668820028 0.00024670529938962724 745
1745668820669 0.0002447337497708291 746
1745668821308 0.00024276755377221216 747
1745668821946 0.0002408067526298741 748
1745668822591 0.00023885138746676933 749
1745668823232 0.00023690149929184612 750
1745668823868 0.00023495712899918562 751
1745668824502 0.0002330183173671461 752
1745668825145 0.00023108510505750584 753
1745668825786 0.00022915753261461164 754
1745668826425 0.00022723564046452812 755
1745668827065 0.00022531946891418933 756
1745668827704 0.00022340905815055446 757
1745668828334 0.00022150444823976385 758
1745668828998 0.00021960567912629992 759
1745668829636 0.0002177127906321482 760
1745668830281 0.00021582582245596323 761
1745668830924 0.00021394481417223553 762
1745668831564 0.00021206980523046117 763
1745668832202 0.0002102008349543153 764
1745668832840 0.00020833794254082702 765
1745668833482 0.00020648116705955676 766
1745668834120 0.00020463054745177797 767
1745668834764 0.00020278612252965991 768
1745668835403 0.000200947930975453 769
1745668836078 0.00019911601134067877 770
1745668836727 0.00019729040204532084 771
1745668837394 0.00019547114137701837 772
1745668838049 0.00019365826749026462 773
1745668838698 0.00019185181840560516 774
1745668839338 0.00019005183200884181 775
1745668839987 0.00018825834605023698 776
1745668840627 0.00018647139814372308 777
1745668841261 0.00018469102576611237 778
1745668841899 0.00018291726625631208 779
1745668842534 0.0001811501568145411 780
1745668843178 0.00017938973450154884 781
1745668843814 0.0001776360362378394 782
1745668844404 0.0001758890988028965 783
1745668852278 0.00017241565282751712 784
1745668852911 0.00017068921713401928 785
1745668853558 0.00016896968796163638 786
1745668854194 0.00016725710137324013 787
1745668854832 0.00016555149328609847 788
1745668855463 0.00016385289947112207 789
1745668856110 0.0001621613555521155 790
1745668856752 0.00016047689700502817 791
1745668857387 0.00015879955915721223 792
1745668858033 0.00015712937718668018 793
1745668858668 0.00015546638612136808 794
1745668859309 0.00015381062083840016 795
1745668859954 0.00015216211606335802 796
1745668860585 0.00015052090636955218 797
1745668861234 0.00014888702617729641 798
1745668861871 0.0001472605097531867 799
1745668862665 0.00014564139120938226 800
1745668863301 0.00014402970450288956 801
1745668863931 0.00014242548343485124 802
1745668864571 0.00014082876164983645 803
1745668865207 0.00013923957263513515 804
1745668865849 0.00013765794972005652 805
1745668866487 0.0001360839260752293 806
1745668867127 0.00013451753471190614 807
1745668867769 0.00013295880848127192 808
1745668868402 0.00013140778007375374 809
1745668869049 0.00012986448201833645 810
1745668869685 0.00012832894668187954 811
1745668870329 0.00012680120626843886 812
1745668870962 0.0001252812928185908 813
1745668871607 0.00012376923820876074 814
1745668872246 0.00012226507415055452 815
1745668872884 0.00012076883219009257 816
1745668873524 0.00011928054370734951 817
1745668874160 0.00011780023991549527 818
1745668874796 0.00011632795186024034 819
1745668875431 0.0001148637104191853 820
1745668876066 0.00011340754630117297 821
1745668876707 0.00011195949004564385 822
1745668877343 0.00011051957202199642 823
1745668878031 0.00010908782242895002 824
1745668878676 0.00010766427129391091 825
1745668879306 0.00010624894847234334 826
1745668879940 0.00010484188364714278 827
1745668880587 0.00010344310632801396 828
1745668881224 0.00010205264585085124 829
1745668881865 0.00010067053137712425 830
1745668882509 9.929679189326547e-05 831
1745668883146 9.79314562100629e-05 832
1745668883783 9.657455296205562e-05 833
1745668884425 9.522611060693305e-05 834
1745668885057 9.388615742493843e-05 835
1745668885702 9.255472151827574e-05 836
1745668886344 9.123183081051975e-05 837
1745668886982 8.99175130460312e-05 838
1745668887619 8.861179578937465e-05 839
1745668888256 8.731470642473973e-05 840
1745668888907 8.60262721553678e-05 841
1745668889541 8.474652000298112e-05 842
1745668890176 8.347547680721557e-05 843
1745668890825 8.221316922505863e-05 844
1745668891459 8.095962373028947e-05 845
1745668892100 7.971486661292464e-05 846
1745668892743 7.847892397866577e-05 847
1745668893381 7.725182174835275e-05 848
1745668894018 7.603358565741994e-05 849
1745668894662 7.482424125535603e-05 850
1745668895299 7.362381390516891e-05 851
1745668895941 7.243232878285297e-05 852
1745668896584 7.12498108768618e-05 853
1745668897220 7.007628498758377e-05 854
1745668897856 6.891177572682172e-05 855
1745668898504 6.775630751727719e-05 856
1745668899139 6.66099045920381e-05 857
1745668899778 6.547259099407036e-05 858
1745668900421 6.434439057571353e-05 859
1745668901054 6.322532699818118e-05 860
1745668901699 6.211542373106382e-05 861
1745668902339 6.101470405183746e-05 862
1745668902983 5.992319104537474e-05 863
1745668903707 5.884090760346143e-05 864
1745668904336 5.776787642431575e-05 865
1745668904984 5.670412001211269e-05 866
1745668905619 5.564966067651217e-05 867
1745668906258 5.4604520532190425e-05 868
1745668906890 5.356872149837724e-05 869
1745668907538 5.254228529839518e-05 870
1745668908175 5.152523345920495e-05 871
1745668908815 5.051758731095348e-05 872
1745668909453 4.9519367986526286e-05 873
1745668910094 4.853059642110475e-05 874
1745668910739 4.7551293351726997e-05 875
1745668911375 4.658147931685274e-05 876
1745668912015 4.562117465593252e-05 877
1745668912652 4.46703995089817e-05 878
1745668913293 4.3729173816157086e-05 879
1745668914084 4.279751731733984e-05 880
1745668914663 4.187544955172055e-05 881
1745668922008 4.006015737093371e-05 882
1745668922639 3.916697102702972e-05 883
1745668923269 3.82834495580527e-05 884
1745668923907 3.740961149367998e-05 885
1745668924536 3.6545475160503876e-05 886
1745668925166 3.569105868164646e-05 887
1745668925805 3.484637997638021e-05 888
1745668926451 3.401145675975184e-05 889
1745668927080 3.318630654221059e-05 890
1745668927715 3.237094662924152e-05 891
1745668928348 3.156539412100213e-05 892
1745668928989 3.076966591196388e-05 893
1745668929624 2.9983778690557768e-05 894
1745668930267 2.920774893882461e-05 895
1745668930897 2.8441592932068903e-05 896
1745668931532 2.7685326738518017e-05 897
1745668932159 2.693896621898479e-05 898
1745668932791 2.620252702653518e-05 899
1745668933420 2.54760246061597e-05 900
1745668934067 2.4759474194449784e-05 901
1745668934707 2.4052890819278057e-05 902
1745668935346 2.335628929948307e-05 903
1745668935992 2.2669684244558954e-05 904
1745668936625 2.199309005434827e-05 905
1745668937264 2.132652091874092e-05 906
1745668937910 2.0669990817375782e-05 907
1745668938544 2.0023513519347926e-05 908
1745668939190 1.9387102582919643e-05 909
1745668939828 1.8760771355236283e-05 910
1745668940465 1.814453297204636e-05 911
1745668941110 1.7538400357425615e-05 912
1745668941748 1.6942386223506554e-05 913
1745668942383 1.635650307021135e-05 914
1745668943029 1.578076318499026e-05 915
1745668943669 1.5215178642563171e-05 916
1745668944309 1.4659761304667133e-05 917
1745668944946 1.4114522819806952e-05 918
1745668945583 1.3579474623011278e-05 919
1745668946231 1.3054627935592843e-05 920
1745668946868 1.2539993764912554e-05 921
1745668947505 1.2035582904149495e-05 922
1745668948143 1.1541405932073678e-05 923
1745668948786 1.1057473212824936e-05 924
1745668949427 1.0583794895695158e-05 925
1745668950068 1.0120380914915403e-05 926
1745668950709 9.667240989447677e-06 927
1745668951342 9.224384622781261e-06 928
1745668951987 8.791821102733104e-06 929
1745668952625 8.36955950125308e-06 930
1745668953264 7.957608674233977e-06 931
1745668953901 7.555977261325371e-06 932
1745668954549 7.164673685752882e-06 933
1745668955186 6.783706154141092e-06 934
1745668955826 6.413082656341741e-06 935
1745668956467 6.0528109652660824e-06 936
1745668957103 5.702898636721626e-06 937
1745668957746 5.363353009254154e-06 938
1745668958388 5.03418120399329e-06 939
1745668959021 4.715390124503505e-06 940
1745668959663 4.406986456639239e-06 941
1745668960298 4.1089766684046205e-06 942
1745668960965 3.821367009817853e-06 943
1745668961606 3.544163512780213e-06 944
1745668962250 3.2773719909493723e-06 945
1745668962905 3.0209980396176604e-06 946
1745668963540 2.7750470355946618e-06 947
1745668964180 2.539524137094249e-06 948
1745668964823 2.314434283626783e-06 949
1745668965458 2.099782195895194e-06 950
1745668966098 1.8955723756961183e-06 951
1745668966744 1.7018091058253617e-06 952
1745668967385 1.5184964499883624e-06 953
1745668968029 1.3456382527147018e-06 954
1745668968676 1.1832381392774494e-06 955
1745668969326 1.031299515617333e-06 956
1745668969970 8.898255682711862e-07 957
1745668970624 7.588192643052241e-07 958
1745668971256 6.382833512525375e-07 959
1745668971898 5.282203570558062e-07 960
1745668972539 4.2863259001411905e-07 961
1745668973175 3.3952213873456903e-07 962
1745668973819 2.6089087208845453e-07 963
1745668974458 1.9274043917214449e-07 964
1745668975098 1.350722692724393e-07 965
1745668975737 8.788757183648424e-08 966
1745668976422 5.118733644667826e-08 967
1745668977067 2.4972332799635406e-08 968
1745668977708 9.243110690253247e-09 969
1745668978353 4e-09 970
1745668978994 9.243110690253247e-09 971
