1745485079526 0.035606060605985694 0
1745485117228 0.41607096064581184 1
1745485155135 0.49585269275010063 2
1745485192968 0.5495876066792581 3
1745485232236 0.57506961206535 4
1745485270903 0.6363671820696977 5
1745485310484 0.6985261676724428 6
1745485351256 0.6871475246253179 7
1745485391298 0.665944241089679 8
1745485439061 0.7334630733434965 9
1745485477476 0.6775706452082557 10
1745485516155 0.6813155374680382 11
1745485569268 0.6716006862808634 12
1745485607846 0.689121092591096 13
1745485646477 0.677734772485394 14
1745485684174 0.6809898364435233 15
1745485721448 0.6826616811527842 16
1745485760122 0.66875378782683 17
1745485798454 0.6621614901261422 18
1745485837174 0.6840425531415116 19
1745485875645 0.6761067310738181 20
1745485913801 0.6781882568773453 21
1745485952460 0.68524161187682 22
1745485990369 0.6772392158734626 23
1745486028698 0.6771948460342109 24
