1745701636777 1.0357661998393584 0
1745701701643 0.43098901485910224 1
1745701766991 0.28103955196482794 2
1745701833880 0.22197921041931426 3
1745701898817 0.16519300008610804 4
1745701964063 0.127892297369485 5
1745702028367 0.0999631803026613 6
1745702093759 0.08124817516274598 7
1745702161967 0.06586226592866742 8
1745702226222 0.053920804389885495 9
1745702290501 0.04519699787606998 10
1745702354626 0.04864428070734958 11
1745702419396 0.03724869008993312 12
1745702483546 0.03055425682010091 13
1745702547739 0.02525783122080017 14
1745702612000 0.02005524666295672 15
1745702676208 0.016837609228583014 16
1745702740588 0.013966160517528045 17
1745702804926 0.012280849540340049 18
1745702869018 0.010045911522810253 19
1745702933367 0.008907046689347801 20
1745702998169 0.009493565129838427 21
1745703062233 0.007837401325244228 22
1745703126407 0.006860681878383823 23
1745703190690 0.006361850841465045 24
1745703254862 0.005510370487024133 25
1745703318955 0.005760256338826552 26
1745703383790 0.004977042254592691 27
1745703447858 0.004799301224066971 28
1745703511933 0.0044291841605089 29
