1745701638233 0.12241537370122445 0
1745701703324 0.4304648069820777 1
1745701768409 0.5271873789090713 2
1745701835329 0.5618020433113852 3
1745701900543 0.6345707171623627 4
1745701965569 0.597076459493307 5
1745702029790 0.5883987149097464 6
1745702096558 0.6356478406900565 7
1745702163486 0.6267392557937289 8
1745702227649 0.6143473451645682 9
1745702291957 0.6163318387004492 10
1745702356053 0.6218564528289628 11
1745702420820 0.6306928488369912 12
1745702484966 0.5995659086342413 13
1745702549188 0.6234757910328277 14
1745702613425 0.606727380663806 15
1745702677639 0.6132480170119973 16
1745702742022 0.6265617928065113 17
1745702806363 0.6211088855644584 18
1745702870478 0.6073783816200972 19
1745702934792 0.6254313835125349 20
1745702999600 0.6189461452010057 21
1745703063661 0.6181660985371723 22
1745703127843 0.6110468886534516 23
1745703192119 0.6226301806589939 24
1745703256288 0.6286780300647838 25
1745703321133 0.6133596499918862 26
1745703385218 0.6175709951663216 27
1745703449284 0.6198076309446079 28
1745703513786 0.6203664380773659 29
