1745701638233 0.3894389438469646 0
1745701703324 0.6414430267867379 1
1745701768409 0.6900482244129155 2
1745701835329 0.7103873238936134 3
1745701900543 0.7234230259755311 4
1745701965569 0.7214969538229089 5
1745702029790 0.7151411462289086 6
1745702096558 0.7310223781860237 7
1745702163486 0.7307525010374055 8
1745702227649 0.7305856832471642 9
1745702291957 0.7195225915954063 10
1745702356053 0.7333038478048738 11
1745702420820 0.7318808358770158 12
1745702484966 0.7127118643568617 13
1745702549188 0.7279964616925345 14
1745702613425 0.7147766322524256 15
1745702677639 0.7279029462238183 16
1745702742022 0.7251612902725949 17
1745702806363 0.7282184654896487 18
1745702870478 0.7145859604377256 19
1745702934792 0.7351022183057829 20
1745702999600 0.7296248382423717 21
1745703063661 0.7257167308015539 22
1745703127843 0.7225806451113047 23
1745703192119 0.7291576673366071 24
1745703256288 0.7290767902864997 25
1745703321133 0.715012722596388 26
1745703385218 0.7256333189710599 27
1745703449284 0.7233134072941949 28
1745703513786 0.7234767788166924 29
