1745701638233 0.5049928673323102 0
1745701703324 0.6306228373701876 1
1745701768409 0.6761168384879144 2
1745701835329 0.6987012987012382 3
1745701900543 0.7130434782608075 4
1745701965569 0.7019475021167907 5
1745702029790 0.6846846846846286 6
1745702096558 0.7168674698794564 7
1745702163486 0.7106598984770972 8
1745702227649 0.7087542087541491 9
1745702291957 0.6867371847029546 10
1745702356053 0.7246503496502863 11
1745702420820 0.7270318021200771 12
1745702484966 0.6765888978277814 13
1745702549188 0.7194055944055315 14
1745702613425 0.6870355078446997 15
1745702677639 0.7052896725440213 16
1745702742022 0.6978476821191475 17
1745702806363 0.7058823529411171 18
1745702870478 0.673534072900105 19
1745702934792 0.7148900169204133 20
1745702999600 0.7038269550748166 21
1745703063661 0.6950819672130577 22
1745703127843 0.6953642384105384 23
1745703192119 0.7045075125208092 24
1745703256288 0.7035803497085176 25
1745703321133 0.679290894439913 26
1745703385218 0.6971947194718896 27
1745703449284 0.691428571428515 28
1745703513786 0.6902439024389683 29
