1745701638233 0.12440932628150579 0
1745701703324 0.46321651821515464 1
1745701768409 0.5702233802936251 2
1745701835329 0.5898283000469321 3
1745701900543 0.6567275457568047 4
1745701965569 0.6442555142551153 5
1745702029790 0.6483354745803799 6
1745702096558 0.6547000160365022 7
1745702163486 0.6672916007865575 8
1745702227649 0.6621892049028114 9
1745702291957 0.6591274127983643 10
1745702356053 0.6420740538234129 11
1745702420820 0.6519673467525497 12
1745702484966 0.6651459169752886 13
1745702549188 0.6546960711979835 14
1745702613425 0.6546067838164513 15
1745702677639 0.6571816137534204 16
1745702742022 0.6698122635426993 17
1745702806363 0.6642409483405938 18
1745702870478 0.66682385878408 19
1745702934792 0.6661158072070028 20
1745702999600 0.6638750691530364 21
1745703063661 0.6737637619161208 22
1745703127843 0.6617895999558928 23
1745703192119 0.6733024750635632 24
1745703256288 0.6782275155640006 25
1745703321133 0.6694030381887021 26
1745703385218 0.6689037346986092 27
1745703449284 0.6710138209416219 28
1745703513786 0.676927491882327 29
