1746616710046 0.0 0
1746616791419 0.0 1
1746616845497 0.12031463624641635 2
1746616899795 0.1601319839264983 3
1746617025257 0.6443286817023732 4
1746617143851 0.6600189590893166 5
1746617270368 0.7221265476545502 6
1746617398025 0.7037789487974673 7
1746617525658 0.6845141645470805 8
1746617654229 0.6874291989326505 9
1746617783675 0.6808825841281188 10
1746617913002 0.6875480113696816 11
1746618039935 0.7186101959870306 12
1746618169102 0.7048964022887895 13
1746618296638 0.7085156394246325 14
1746618423806 0.7235764356625567 15
1746618551273 0.7035375391985054 16
1746618679000 0.7036848663586271 17
1746618805495 0.7339786182760885 18
1746618931494 0.7099197726543445 19
1746619058124 0.7045664708880734 20
1746619185903 0.7132272487346965 21
1746619314145 0.7109955419315431 22
1746619438653 0.7000932674535082 23
1746619541243 0.6998021396759834 24
1746619655764 0.7184393844443532 25
1746619779833 0.7160106134843409 26
1746619890946 0.7135331992299473 27
1746620008972 0.7193304969010164 28
1746620113401 0.7132237823526256 29
