1746616710046 0.0 0
1746616791419 0.0 1
1746616845497 0.1325431843833463 2
1746616899795 0.18397901662688185 3
1746617025257 0.7165116791523205 4
1746617143851 0.7401080034737172 5
1746617270368 0.7631813119540743 6
1746617398025 0.7685731833559729 7
1746617525658 0.7700359374298712 8
1746617654229 0.7497206054155214 9
1746617783675 0.729181307229093 10
1746617913002 0.7563312525128075 11
1746618039935 0.7748771080156867 12
1746618169102 0.7616641673022481 13
1746618296638 0.7754211108691149 14
1746618423806 0.765985939790778 15
1746618551273 0.7715468942459188 16
1746618679000 0.7658055529441322 17
1746618805495 0.7812873017035269 18
1746618931494 0.7689497576819309 19
1746619058124 0.7733988765618848 20
1746619185903 0.7704439639240996 21
1746619314145 0.7757853091253856 22
1746619438653 0.7653066132431074 23
1746619541243 0.7685332295168672 24
1746619655764 0.7747652332334012 25
1746619779833 0.7726672407276539 26
1746619890946 0.7728920595522928 27
1746620008972 0.7729529955502745 28
1746620113401 0.7742494254835223 29
