1746616710046 0.0 0
1746616791419 0.0 1
1746616845497 0.25783348254250155 2
1746616899795 0.3491495076096375 3
1746617025257 0.8334825425245449 4
1746617143851 0.8236347358996576 5
1746617270368 0.8182632050133556 6
1746617398025 0.8263205013428088 7
1746617525658 0.83795881826313 8
1746617654229 0.8290062667859598 9
1746617783675 0.8209489704565066 10
1746617913002 0.8263205013428088 11
1746618039935 0.8334825425245449 12
1746618169102 0.8227394807519406 13
1746618296638 0.8361683079676959 14
1746618423806 0.8191584601610725 15
1746618551273 0.8334825425245449 16
1746618679000 0.8299015219336768 17
1746618805495 0.8343777976722618 18
1746618931494 0.8307967770813938 19
1746619058124 0.837063563115413 20
1746619185903 0.8361683079676959 21
1746619314145 0.840644583706281 22
1746619438653 0.8334825425245449 23
1746619541243 0.8334825425245449 24
1746619655764 0.837063563115413 25
1746619779833 0.8343777976722618 26
1746619890946 0.8352730528199789 27
1746620008972 0.8325872873768279 28
1746620113401 0.8334825425245449 29
