1745744987507 2e-05 0
1745745047944 2e-05 1
1745745109452 2e-05 2
1745745172235 8e-05 3
1745745233658 8e-05 4
1745745295274 8e-05 5
1745745356477 8e-05 6
1745745417936 8e-05 7
1745745478816 8e-05 8
1745745539286 8e-05 9
1745745600204 8e-05 10
1745745660734 8e-05 11
1745745721518 6.400000000000001e-05 12
1745745782830 6.400000000000001e-05 13
1745745845332 5.120000000000001e-05 14
1745745906788 5.120000000000001e-05 15
1745745968004 4.0960000000000014e-05 16
1745746028560 4.0960000000000014e-05 17
1745746089394 3.276800000000001e-05 18
1745746150678 3.276800000000001e-05 19
