1745744988467 0.22408566931631488 0
1745745048910 0.5723312121514246 1
1745745111015 0.5971826947046028 2
1745745173180 0.6573355258909591 3
1745745235195 0.7457133451587041 4
1745745296216 0.7389664972134831 5
1745745358146 0.7112435470954643 6
1745745418998 0.6719855632751597 7
1745745479746 0.6913367245802836 8
1745745540742 0.6961332229700585 9
1745745601149 0.7152602792458554 10
1745745661937 0.7267650341611406 11
1745745722447 0.7324212744184195 12
1745745784425 0.764947975186791 13
1745745846992 0.7213448244764784 14
1745745907733 0.7455330899781647 15
1745745968947 0.7347608022704204 16
1745746029797 0.7438514720563968 17
1745746091015 0.737133309567142 18
1745746151614 0.7269363980318931 19
