1745750909733 0.677058353317292 0
1745751109440 0.7570093457943218 1
1745751308548 0.7184549356222559 2
1745751504872 0.770464135021032 3
1745751703461 0.741214057507928 4
1745751900404 0.7459546925565739 5
1745752098062 0.7529118136438642 6
1745752294691 0.7810902896081106 7
1745752493727 0.7874892887745684 8
1745752693586 0.795159896283423 9
1745752893424 0.7764127764127128 10
1745753092319 0.7303102625297748 11
1745753289076 0.7680505415161761 12
1745753485597 0.5706874189364092 13
1745753682480 0.7562277580070501 14
1745753880298 0.7710437710437061 15
1745754077660 0.7080948487325668 16
1745754275351 0.7792329279699926 17
1745754473002 0.7487179487178847 18
1745754669264 0.5782580222658429 19
1745754865922 0.7605150214591622 20
1745755062695 0.7701048951048277 21
1745755259801 0.7566867989645594 22
