1745750909733 0.4774318018393531 0
1745751109440 0.6364082554741987 1
1745751308548 0.6461477116131514 2
1745751504872 0.669518744929974 3
1745751703461 0.6704315842771245 4
1745751900404 0.6731741536653945 5
1745752098062 0.6336180435699867 6
1745752294691 0.7117707481651634 7
1745752493727 0.7212894131656852 8
1745752693586 0.7333130350401265 9
1745752893424 0.7135077545660693 10
1745753092319 0.6785490732299118 11
1745753289076 0.6906976977482666 12
1745753485597 0.6627599384735734 13
1745753682480 0.6759036769092575 14
1745753880298 0.7096531719934339 15
1745754077660 0.6775139069317281 16
1745754275351 0.7135959064158899 17
1745754473002 0.6687659376344481 18
