1745750909733 0.5768041348053041 0
1745751109440 0.645396780390847 1
1745751308548 0.7024134156070851 2
1745751504872 0.7362502704377546 3
1745751703461 0.7690867466890096 4
1745751900404 0.7525837540340382 5
1745752098062 0.7322387705812068 6
1745752294691 0.7534264703532985 7
1745752493727 0.7653283584021595 8
1745752693586 0.7690100339234355 9
1745752893424 0.7885017810890536 10
1745753092319 0.7710400089384014 11
1745753289076 0.7215603223547595 12
1745753485597 0.7459422952938135 13
1745753682480 0.7243918558697918 14
1745753880298 0.7751888597128077 15
1745754077660 0.7360871545126382 16
1745754275351 0.7257343164765255 17
1745754473002 0.7418235303941928 18
1745754669264 0.7453043401966278 19
1745754865922 0.7509617496164471 20
1745755062695 0.7479711286393537 21
1745755259801 0.7451474102692539 22
