1746752048155 414.2381217125619 0
1746752316596 207.17723514065884 1
1746752585257 116.75690732143893 2
1746752857190 79.23032496235159 3
1746753125933 59.57522707646436 4
1746753395174 45.19845450750672 5
1746753664390 36.48687780021441 6
1746753931241 28.387131728748283 7
1746754203099 20.620004852219385 8
1746754469509 18.32645588109989 9
1746754737904 16.059772973013395 10
1746755005595 15.090254132110294 11
1746755269725 12.42851731328681 12
1746755533105 8.982157570300716 13
1746755795622 9.158649595657197 14
1746756059340 8.418317435991646 15
1746756328081 5.961376667022705 16
1746756590067 4.201899507258198 17
1746756855516 2.986916671885122 18
1746757119057 2.328675884421509 19
