1746752048155 2e-05 0
1746752316596 4e-05 1
1746752585257 6.000000000000001e-05 2
1746752857190 8e-05 3
1746753125933 8e-05 4
1746753395174 8e-05 5
1746753664390 8e-05 6
1746753931241 8e-05 7
1746754203099 8e-05 8
1746754469509 8e-05 9
1746754737904 8e-05 10
1746755005595 8e-05 11
1746755269725 8e-05 12
1746755533105 8e-05 13
1746755795622 8e-05 14
1746756059340 6.400000000000001e-05 15
1746756328081 6.400000000000001e-05 16
1746756590067 5.120000000000001e-05 17
1746756855516 5.120000000000001e-05 18
1746757119057 4.0960000000000014e-05 19
