1746752052334 0.0 0
1746752320575 0.22703434405273493 1
1746752589489 0.4068203553543999 2
1746752860749 0.5320849051358599 3
1746753130441 0.586732227878257 4
1746753399047 0.7189859444662944 5
1746753668062 0.8383036744494122 6
1746753935165 0.8798928262138302 7
1746754206759 0.8707382673879381 8
1746754473453 0.9127844364186702 9
1746754742744 0.9477876681369032 10
1746755010145 0.9318006530750297 11
1746755274107 0.9515678125629725 12
1746755537215 0.9719162798958103 13
1746755799297 0.9251573678090279 14
1746756063109 0.9701102097674054 15
1746756331548 0.9588365396120928 16
1746756594045 0.9679904245638213 17
1746756859216 0.9759079740837863 18
1746757122204 0.9795645959066798 19
