1746610784996 0.0 0
1746610912171 0.0 1
1746611037535 0.29083665338633835 2
1746611168047 0.4111405835543221 3
1746611426877 0.6344086021504889 4
1746611685423 0.6736760124610067 5
1746611935733 0.7642487046631464 6
1746612186927 0.7830596369921535 7
1746612444316 0.7570247933883671 8
1746612699058 0.7829002514668245 9
1746612955729 0.7737407101568312 10
1746613213073 0.7543720190778415 11
1746613464880 0.7975882859603103 12
1746613717722 0.7925347222221534 13
1746613968867 0.7752902155886587 14
1746614224006 0.7692307692307069 15
1746614478053 0.8008547008546324 16
1746614731851 0.7885906040267795 17
1746614985370 0.7712895377128328 18
1746615238253 0.7877516778522828 19
1746615490388 0.783513738551142 20
1746615740770 0.7916317991631137 21
1746615991864 0.7973311092576483 22
1746616244889 0.7946353730091538 23
1746616495915 0.7866666666666011 24
1746616733192 0.7842975206610922 25
1746616984082 0.773799837266007 26
1746617234213 0.786367414796277 27
1746617468988 0.7915966386553956 28
1746617715543 0.7880299251869669 29
