1746610784996 0.0 0
1746610912171 0.0 1
1746611037535 0.04003516867516908 2
1746611168047 0.10930103221520684 3
1746611426877 0.40794010764441857 4
1746611685423 0.46443122210534493 5
1746611935733 0.607498766208144 6
1746612186927 0.6783479288020052 7
1746612444316 0.6814401226334758 8
1746612699058 0.6996545954001336 9
1746612955729 0.7402951579778739 10
1746613213073 0.6987794279113891 11
1746613464880 0.7259988788719139 12
1746613717722 0.7202005177188029 13
1746613968867 0.7146464943805146 14
1746614224006 0.7054477104688958 15
1746614478053 0.7537661531465939 16
1746614731851 0.7403029199750022 17
1746614985370 0.7321783669241129 18
1746615238253 0.7389178908308806 19
1746615490388 0.7482386866341124 20
1746615740770 0.7538291929554741 21
1746615991864 0.7631666735180714 22
1746616244889 0.7556308297613288 23
1746616495915 0.7376008322004749 24
1746616733192 0.739928285398103 25
1746616984082 0.7307286160830464 26
1746617234213 0.7443228293272731 27
1746617468988 0.7518793773868748 28
1746617715543 0.7396708677705057 29
