1745831015385 0.6830713049489625 0
1745831209551 0.21677470807822383 1
1745831404316 0.16958512821976018 2
1745831600821 0.17839723954699477 3
1745831793726 0.13718127885035106 4
1745831988885 0.10314636171928473 5
1745832185692 0.07665360479482583 6
1745832378791 0.0587412757723003 7
1745832573808 0.0454393441845872 8
1745832768971 0.04901061338201469 9
1745832962468 0.03904128777889573 10
1745833157972 0.031269658889089315 11
1745833351502 0.024166321476959452 12
1745833544816 0.024233801613504788 13
1745833738239 0.01731520256369698 14
1745833931790 0.013375832549562412 15
1745834124128 0.015877864095477427 16
1745834316546 0.014128913936604346 17
1745834512873 0.00985167258210024 18
1745834704954 0.008229737958813809 19
1745834898322 0.00621030176870943 20
1745835090506 0.0038630820701506976 21
1745835282487 0.0028220090376004123 22
1745835476213 0.002275432125612979 23
1745835669151 0.002110244344554043 24
1745835861245 0.0015141347324302212 25
1745836054730 0.0012184560274567493 26
1745836246509 0.0010294166009882655 27
1745836438384 0.0010437499114065146 28
1745836630622 0.0011287353989580286 29
1745836823171 0.0009644783760672815 30
1745837015278 0.0007808220500604021 31
1745837207332 0.0006705962276806086 32
1745837399312 0.0005809827644600086 33
1745837591206 0.0006007073524025534 34
