1746139993075 0.4785201664565614 0
1746140799351 0.2684466759674251 1
1746141614386 0.21778509816310057 2
1746142413578 0.1860040837286592 3
1746143209027 0.1573915398675362 4
1746144004319 0.1428238253273001 5
1746144806513 0.13072051135370405 6
1746145604286 0.13547969720093533 7
1746146399005 0.11729281446174288 8
1746147195543 0.10817763823864947 9
1746147992986 0.10676341863614248 10
1746148788838 0.10680812228356781 11
1746149584583 0.10836551363873123 12
1746150378866 0.08640539529625568 13
1746151174521 0.0932729715433972 14
1746151970117 0.0950752450751477 15
1746152767151 0.06644573986812718 16
1746153561637 0.057935109940849036 17
1746154359685 0.04815957490926074 18
1746155155992 0.04907688426155127 19
1746155953049 0.04435708190336569 20
1746156749861 0.046242185816178484 21
1746157548579 0.04247264873696689 22
1746158346083 0.03350187010006199 23
1746159141719 0.03399825849488412 24
1746159939029 0.03434216772668016 25
1746160736706 0.030279123141722434 26
1746161534351 0.02619267871381857 27
1746162331969 0.025328861865057627 28
1746163129482 0.02485332995052482 29
