1746140520443 0.6311581618057919 0
1746141332655 0.6831738805875003 1
1746142135625 0.6842965558784889 2
1746142931978 0.7085853343189545 3
1746143726910 0.6622864998215504 4
1746144526634 0.575610334774775 5
1746145325004 0.6687904802419056 6
1746146119864 0.6419881331587994 7
1746146916535 0.6793031578435402 8
1746147714117 0.6081065455822149 9
1746148509828 0.6472289012028684 10
1746149305479 0.6066999478611121 11
1746150099455 0.6413196553448582 12
1746150895428 0.6363686934785162 13
1746151691186 0.5884679982149139 14
1746152486914 0.7064775287487117 15
1746153282409 0.6517216644660235 16
1746154079896 0.6888994623996351 17
1746154876196 0.6399374425671452 18
1746155673318 0.6570613898220183 19
1746156469990 0.6451854412952595 20
1746157267378 0.6412630482529013 21
1746158066383 0.661255081434181 22
1746158861878 0.6612434683375666 23
1746159659212 0.6723141082791332 24
1746160456855 0.6333554550631791 25
1746161254400 0.6489909659135465 26
1746162052341 0.6776527154612123 27
1746162849184 0.6485017624728958 28
1746163646582 0.6553069226000877 29
