1746140520443 0.6427503736477441 0
1746141332655 0.6952224052253843 1
1746142135625 0.7068965516768075 2
1746142931978 0.7038917089208769 3
1746143726910 0.6929392446170055 4
1746144526634 0.6138032304994003 5
1746145325004 0.6979865771343995 6
1746146119864 0.6699029125752903 7
1746146916535 0.6913996626849671 8
1746147714117 0.6337817637822759 9
1746148509828 0.6645056725632997 10
1746149305479 0.6501547987164931 11
1746150099455 0.6699029125752903 12
1746150895428 0.6603174602717985 13
1746151691186 0.6229508196278714 14
1746152486914 0.7292418772081716 15
1746153282409 0.6863711001178286 16
1746154079896 0.7015177065298204 17
1746154876196 0.6573208722288885 18
1746155673318 0.6899999999533256 19
1746156469990 0.6807817589114485 20
1746157267378 0.6832504145471251 21
1746158066383 0.6796116504393649 22
1746158861878 0.6991596638187044 23
1746159659212 0.7050847457157047 24
1746160456855 0.6873977086279958 25
1746161254400 0.6905537458821294 26
1746162052341 0.7019867549203413 27
1746162849184 0.6933333332866578 28
1746163646582 0.694630872436414 29
