1746140520443 0.9772727272722831 0
1746141332655 0.9590909090904732 1
1746142135625 0.9318181818177583 2
1746142931978 0.9454545454541158 3
1746143726910 0.9590909090904732 4
1746144526634 0.9499999999995682 5
1746145325004 0.9454545454541158 6
1746146119864 0.9409090909086633 7
1746146916535 0.9318181818177583 8
1746147714117 0.9636363636359256 9
1746148509828 0.9318181818177583 10
1746149305479 0.9545454545450207 11
1746150099455 0.9409090909086633 12
1746150895428 0.9454545454541158 13
1746151691186 0.9499999999995682 14
1746152486914 0.9181818181814009 15
1746153282409 0.9499999999995682 16
1746154079896 0.9454545454541158 17
1746154876196 0.9590909090904732 18
1746155673318 0.9409090909086633 19
1746156469990 0.9499999999995682 20
1746157267378 0.9363636363632108 21
1746158066383 0.9545454545450207 22
1746158861878 0.9454545454541158 23
1746159659212 0.9454545454541158 24
1746160456855 0.9545454545450207 25
1746161254400 0.9636363636359256 26
1746162052341 0.9636363636359256 27
1746162849184 0.9454545454541158 28
1746163646582 0.9409090909086633 29
