1745701628483 0.5041551246536697 0
1745701695375 0.6231028667790368 1
1745701761919 0.6735930735930152 2
1745701829932 0.7077338129495766 3
1745701896039 0.7059829059828456 4
1745701962004 0.6972477064219602 5
1745702028351 0.6887417218542476 6
1745702094908 0.7079419299743204 7
1745702162682 0.6878519710377564 8
1745702228109 0.6940486169320458 9
1745702292592 0.674641148325305 10
1745702357184 0.6898575020954996 11
1745702422187 0.697811447811389 12
1745702486858 0.6733547351524339 13
1745702551284 0.721269296740933 14
1745702616412 0.7003367003366413 15
1745702680815 0.6781326781326226 16
1745702745345 0.6879139072847112 17
1745702809831 0.702109704641291 18
1745702874625 0.700167504187546 19
1745702939569 0.7010135135134543 20
1745703004788 0.7076271186440078 21
1745703069213 0.6937759336099009 22
1745703133663 0.7096774193547785 23
1745703198063 0.6928158546655084 24
1745703262539 0.6835236541598138 25
1745703326975 0.7016806722688486 26
1745703391450 0.6943521594683808 27
1745703455977 0.6984924623114993 28
1745703520552 0.6877567789646106 29
