1745701628483 0.12316563631326957 0
1745701695375 0.4220764932755571 1
1745701761919 0.48063991815500834 2
1745701829932 0.5611645994464515 3
1745701896039 0.6120260722252754 4
1745701962004 0.5741017759307827 5
1745702028351 0.5868621432020014 6
1745702094908 0.602023261980936 7
1745702162682 0.6054105941164638 8
1745702228109 0.6101040743469015 9
1745702292592 0.5848743803600972 10
1745702357184 0.594831173659174 11
1745702422187 0.6013106417368191 12
1745702486858 0.5841111882496797 13
1745702551284 0.6282067080016909 14
1745702616412 0.5945974140779925 15
1745702680815 0.572436518236048 16
1745702745345 0.5815627163305492 17
1745702809831 0.5984505309800798 18
1745702874625 0.5972683887708118 19
1745702939569 0.6024195838809416 20
1745703004788 0.6155732290228312 21
1745703069213 0.5997705365547856 22
1745703133663 0.6055677066297998 23
1745703198063 0.5922311102570504 24
1745703262539 0.5827420926435442 25
1745703326975 0.609442531648633 26
1745703391450 0.6045985555936144 27
1745703455977 0.6088652093700812 28
1745703520552 0.5941976224160942 29
