1745701628483 0.325872873768995 0
1745701695375 0.6615935541628771 1
1745701761919 0.696508504923841 2
1745701829932 0.7045658012532942 3
1745701896039 0.7394807520142579 4
1745701962004 0.748433303491428 5
1745702028351 0.7448522829005599 6
1745702094908 0.7421665174574089 7
1745702162682 0.7654431512980514 8
1745702228109 0.7412712623096919 9
1745702292592 0.7573858549685982 10
1745702357184 0.7367949865711068 11
1745702422187 0.7421665174574089 12
1745702486858 0.7511190689345791 13
1745702551284 0.7529095792300131 14
1745702616412 0.7448522829005599 15
1745702680815 0.7412712623096919 16
1745702745345 0.7439570277528429 17
1745702809831 0.7448522829005599 18
1745702874625 0.748433303491428 19
1745702939569 0.743061772605126 20
1745703004788 0.7475380483437111 21
1745703069213 0.748433303491428 22
1745703133663 0.748433303491428 23
1745703198063 0.7511190689345791 24
1745703262539 0.7502238137868621 25
1745703326975 0.7475380483437111 26
1745703391450 0.748433303491428 27
1745703455977 0.746642793195994 28
1745703520552 0.749328558639145 29
