1745701628483 0.1268601836320255 0
1745701695375 0.4699236381498959 1
1745701761919 0.5440727172504923 2
1745701829932 0.5796348968665398 3
1745701896039 0.6568646313996781 4
1745701962004 0.6428272244915558 5
1745702028351 0.6551190401169287 6
1745702094908 0.6598955351127813 7
1745702162682 0.6819521388875958 8
1745702228109 0.65034690906087 9
1745702292592 0.6626931916866946 10
1745702357184 0.6426033490782643 11
1745702422187 0.6535584411692047 12
1745702486858 0.66310497528228 13
1745702551284 0.6547937299822303 14
1745702616412 0.650518535568586 15
1745702680815 0.6462527050710389 16
1745702745345 0.6525052920825435 17
1745702809831 0.6537067899589 18
1745702874625 0.6556669892517686 19
1745702939569 0.658046496736303 20
1745703004788 0.6585931781289662 21
1745703069213 0.6603667799828732 22
1745703133663 0.6568699086348425 23
1745703198063 0.6574254422745547 24
1745703262539 0.6554356916632249 25
1745703326975 0.6542459298892223 26
1745703391450 0.6588063061434009 27
1745703455977 0.656780290149073 28
1745703520552 0.6576041092207401 29
