1746469414092 0.3053470119871766 0
1746471436413 0.19978982627836203 1
1746473463393 0.1230586981325995 2
1746475491624 0.09465243086311809 3
1746477513720 0.07290881703000644 4
1746479537217 0.05543293373626949 5
1746481559787 0.0461398142171502 6
1746483585761 0.03664495478122804 7
1746485607853 0.030002254416753242 8
1746487634831 0.025227159966745016 9
1746489665449 0.021943686096071165 10
1746491687826 0.017264589362850358 11
1746493712003 0.01406772492837863 12
1746495734701 0.010045246040962075 13
1746497757858 0.009784705506236049 14
1746499779375 0.007573469105994243 15
