1746469925366 0.0 0
1746471951037 0.768181818181469 1
1746473979245 0.7454545454542066 2
1746476003346 0.8863636363632336 3
1746478025271 0.8272727272723512 4
1746480049231 0.7954545454541839 5
1746482073973 0.7909090909087314 6
1746484097298 0.8090909090905414 7
1746486124316 0.8454545454541612 8
1746488154799 0.8318181818178038 9
1746490177098 0.7954545454541839 10
1746492200421 0.8318181818178038 11
1746494224811 0.8090909090905414 12
1746496247272 0.8181818181814463 13
1746498269351 0.7954545454541839 14
1746500294639 0.8409090909087087 15
