1746615285099 0.0 0
1746615370348 0.0 1
1746615456041 0.0 2
1746615539679 0.2234332424703952 3
1746615664861 0.7616624257346368 4
1746615789630 0.7942332895960932 5
1746615915195 0.8076241134251104 6
1746616040067 0.8122308354366513 7
1746616166800 0.8041504539058902 8
1746616291866 0.8023850084679369 9
1746616407303 0.809461235166772 10
1746616510303 0.8122270741857668 11
1746616635844 0.7928303459276611 12
1746616760603 0.7983157894237932 13
1746616884976 0.7933104630718042 14
1746617009902 0.809931506799341 15
1746617130830 0.8006785410866267 16
1746617270532 0.8062473617061093 17
1746617394975 0.800168990233149 18
1746617564224 0.8170212765457969 19
1746617819648 0.8157332192745286 20
1746618100202 0.8099102946958704 21
1746618392526 0.8055908512842568 22
1746618680513 0.8087105037929065 23
1746618976719 0.8076595744181382 24
1746619274942 0.8117797694762874 25
1746619566386 0.8128479656887819 26
1746619864382 0.814623655863985 27
1746620146235 0.8116688116188285 28
1746620425246 0.8119402984575054 29
