1746615285099 0.0 0
1746615370348 0.0 1
1746615456041 0.0 2
1746615539679 0.08253205128194194 3
1746615664861 0.5223682331304029 4
1746615789630 0.6058712873951978 5
1746615915195 0.7366719950131444 6
1746616040067 0.7177975019122507 7
1746616166800 0.6932112565260942 8
1746616291866 0.685969847008686 9
1746616407303 0.7273584400952449 10
1746616510303 0.7209494323652236 11
1746616635844 0.6738805260559212 12
1746616760603 0.6640798500833507 13
1746616884976 0.6909517782619559 14
1746617009902 0.689236846478097 15
1746617130830 0.6852467036621769 16
1746617270532 0.6923966672990359 17
1746617394975 0.7031770157049978 18
1746617564224 0.7115478628452414 19
1746617819648 0.7114720550548415 20
1746618100202 0.7175510144700982 21
1746618392526 0.6992799388937355 22
1746618680513 0.7088982230048374 23
1746618976719 0.6957213000007196 24
1746619274942 0.703450582827364 25
1746619566386 0.70766962214285 26
1746619864382 0.7178250082471026 27
1746620146235 0.7094559252951029 28
1746620425246 0.7183061101965218 29
