1746198621807 2e-05 0
1746198740600 4e-05 1
1746198866924 6.000000000000001e-05 2
1746198987990 8e-05 3
1746199249438 8e-05 4
1746199497926 8e-05 5
1746199744188 8e-05 6
1746199989978 8e-05 7
1746200234827 8e-05 8
1746200478493 8e-05 9
1746200723696 8e-05 10
1746200968663 8e-05 11
1746201213463 8e-05 12
1746201458703 8e-05 13
1746201703126 8e-05 14
1746201954459 6.400000000000001e-05 15
1746202205526 6.400000000000001e-05 16
1746202450947 5.120000000000001e-05 17
1746202697376 5.120000000000001e-05 18
1746202944243 4.0960000000000014e-05 19
1746203192728 4.0960000000000014e-05 20
1746203437954 3.276800000000001e-05 21
1746203684135 3.276800000000001e-05 22
1746203931186 2.6214400000000008e-05 23
1746204178453 2.6214400000000008e-05 24
1746204427489 2.097152000000001e-05 25
1746204676001 2.097152000000001e-05 26
1746204924760 1.6777216000000006e-05 27
1746205170717 1.6777216000000006e-05 28
1746205417998 1.3421772800000009e-05 29
