1746197008828 0.9566475825042141 0
1746197072326 0.3123113117655929 1
1746197136642 0.22145405001178078 2
1746197201931 0.178370328353984 3
1746197266260 0.13908005635045012 4
1746197331468 0.10439812521241149 5
1746197396646 0.0813360694339689 6
1746197461241 0.06631057215284328 7
1746197525826 0.052348878310651194 8
1746197591703 0.041026986508193065 9
1746197655985 0.03710699518572311 10
1746197721102 0.0320955302699336 11
1746197786423 0.028688550233004654 12
1746197850738 0.02736539030637668 13
1746197915030 0.022659577704890042 14
1746197979190 0.019185079385203366 15
1746198043784 0.013952405648115946 16
1746198108223 0.011105183927741433 17
1746198172708 0.008496618668111612 18
1746198237001 0.007834834728523024 19
1746198301774 0.0061650657147283155 20
1746198366109 0.005667220387721853 21
1746198430838 0.00468754004603917 22
1746198495589 0.004151500781703436 23
1746198559518 0.003754340138343372 24
1746198623884 0.003463249044773188 25
1746198688756 0.0030729807758874887 26
1746198752706 0.0028906786150289508 27
1746198816690 0.002740457707455344 28
1746198880686 0.002469772572168244 29
