1746197010106 0.5899731423455157 0
1746197073564 0.7815577439569578 1
1746197137847 0.79588182632043 2
1746197203172 0.8003581020590151 3
1746197267481 0.8290062667859598 4
1746197332677 0.8316920322291108 5
1746197397893 0.8227394807519406 6
1746197462491 0.8200537153087896 7
1746197527277 0.8281110116382427 8
1746197592930 0.8334825425245449 9
1746197657232 0.8066248880930343 10
1746197722475 0.8182632050133556 11
1746197787645 0.8307967770813938 12
1746197851951 0.8146821844224874 13
1746197916240 0.8173679498656385 14
1746197980393 0.8173679498656385 15
1746198044999 0.8200537153087896 16
1746198109516 0.8182632050133556 17
1746198174071 0.8272157564905257 18
1746198238207 0.8218442256042237 19
1746198303418 0.8254252461950917 20
1746198367325 0.8191584601610725 21
1746198432191 0.8227394807519406 22
1746198496823 0.8218442256042237 23
1746198560754 0.8218442256042237 24
1746198625517 0.8281110116382427 25
1746198689938 0.8182632050133556 26
1746198753911 0.8236347358996576 27
1746198817951 0.8263205013428088 28
1746198881923 0.8209489704565066 29
