1746735132014 2e-05 0
1746735387423 4e-05 1
1746735640825 6.000000000000001e-05 2
1746735897259 8e-05 3
1746736153310 8e-05 4
1746736410927 8e-05 5
1746736667972 8e-05 6
1746736920659 8e-05 7
1746737173787 8e-05 8
1746737417481 8e-05 9
1746737670975 8e-05 10
1746737920429 8e-05 11
1746738174909 8e-05 12
1746738433916 8e-05 13
1746738686565 8e-05 14
1746738934063 6.400000000000001e-05 15
1746739180442 6.400000000000001e-05 16
1746739432883 5.120000000000001e-05 17
1746739687099 5.120000000000001e-05 18
1746739943034 4.0960000000000014e-05 19
