1746735135589 0.0 0
1746735390989 0.1404322589318667 1
1746735644296 0.5125914563428596 2
1746735900521 0.7079427617711052 3
1746736156567 0.8147250510802635 4
1746736414734 0.8359961235785585 5
1746736671705 0.9229181939787956 6
1746736923933 0.9566148052947584 7
1746737177467 0.9275821087884328 8
1746737420724 0.9601072417062467 9
1746737673910 0.9623477814647365 10
1746737923677 0.9566749237390237 11
1746738179276 0.9741078671567476 12
1746738437540 0.966950867118126 13
1746738689770 0.9725741402654113 14
1746738937545 0.9777666278101346 15
1746739183963 0.9765339146606683 16
1746739435819 0.9809445989140855 17
1746739690993 0.9885315748101917 18
1746739946294 0.9808509291921687 19
