1746735135589 0.0 0
1746735390989 0.14205739659063663 1
1746735644296 0.5122708594742821 2
1746735900521 0.756123117507239 3
1746736156567 0.8610461179341301 4
1746736414734 0.8943578911003638 5
1746736671705 0.9505313296005393 6
1746736923933 0.9640884837633841 7
1746737177467 0.9353645331220206 8
1746737420724 0.9717524842604346 9
1746737673910 0.9764381384686639 10
1746737923677 0.9729751139867318 11
1746738179276 0.9786741071001477 12
1746738437540 0.9762688461871563 13
1746738689770 0.9817608847811067 14
1746738937545 0.9839865934676477 15
1746739183963 0.9785033788654693 16
1746739435819 0.9900628246730354 17
1746739690993 0.993865296198453 18
1746739946294 0.9903819542490908 19
