1745830877213 0.9901715340662975 0
1745830939050 0.3405550120740521 1
1745831000995 0.22532562576994605 2
1745831062016 0.1996879392132467 3
1745831123063 0.15288971600179768 4
1745831185337 0.12057290408684283 5
1745831246753 0.0913340230377353 6
1745831308316 0.07423819582529213 7
1745831369841 0.059084758048458974 8
1745831430826 0.04843025616541201 9
1745831491617 0.04173461393434174 10
1745831552388 0.03448934873984176 11
1745831613190 0.03402695994900198 12
1745831673994 0.030883464506086037 13
1745831734842 0.026685585538685625 14
1745831795607 0.018736933847433145 15
1745831857021 0.01477517202800634 16
1745831917792 0.012062981451519442 17
1745831978634 0.009969058541619048 18
1745832040813 0.008422568801562396 19
1745832101551 0.007248259843232072 20
1745832162308 0.006313656865410051 21
1745832223075 0.0056006091917693915 22
1745832283845 0.005222172005938328 23
1745832344636 0.004717203091155282 24
1745832405424 0.004332861131323236 25
1745832466223 0.0039477417428445604 26
1745832527269 0.0036842187359330376 27
1745832588044 0.003346869041335446 28
1745832648809 0.003160754250771157 29
