1745830878151 0.4920440636474306 0
1745830940144 0.7003257328989657 1
1745831001908 0.7642980935874554 2
1745831062932 0.7328990228012432 3
1745831124136 0.7497949138637613 4
1745831186261 0.749798224374435 5
1745831247961 0.7628781684382041 6
1745831309231 0.7753922378199194 7
1745831371030 0.7383177570092883 8
1745831431744 0.7725752508360558 9
1745831492535 0.7519747235386451 10
1745831553308 0.7699917559768532 11
1745831614111 0.762987012986951 12
1745831674975 0.7721311475409203 13
1745831735763 0.7657512116316021 14
1745831796522 0.7780528052804638 15
1745831857935 0.7772277227722131 16
1745831918765 0.7541501976283989 17
1745831980206 0.7767784137366495 18
1745832041762 0.7505919494869179 19
1745832102466 0.7779605263157254 20
1745832163222 0.7718724448077864 21
1745832223985 0.7580645161289711 22
1745832284773 0.7656631407647871 23
1745832345590 0.7634146341462794 24
1745832406338 0.757869249394612 25
1745832467423 0.7695439739413054 26
1745832528188 0.7669111654441102 27
1745832588955 0.7531847133757362 28
1745832649730 0.7627944760356813 29
