1746652998993 0.5475381538271904 0
1746653199124 0.2053774070678925 1
1746653399827 0.1627413197895702 2
1746653601531 0.138384359907739 3
1746653803070 0.10771710744925908 4
1746654004172 0.07706311048597705 5
1746654196919 0.06475775593853726 6
1746654389973 0.05526636533287107 7
1746654583659 0.049087800142564336 8
1746654777537 0.03835931498253224 9
1746654970641 0.03023266929144762 10
1746655166385 0.04702630114494538 11
1746655363131 0.03598351909645966 12
1746655558470 0.021227312293283795 13
1746655754126 0.016040753492401267 14
1746655950225 0.014133291829814564 15
1746656145184 0.010367189377204192 16
1746656340388 0.006163488734960176 17
1746656535256 0.004325439473994228 18
1746656734204 0.003423256450332701 19
1746656931429 0.0029699917275658144 20
1746657132278 0.003368999320201158 21
1746657327387 0.0018398384551745744 22
1746657522373 0.0012656581944165922 23
1746657717184 0.0011480004321463046 24
1746657915551 0.0007614276668280174 25
1746658111216 0.0006669172775849691 26
1746658306407 0.0005400012195590238 27
1746658501405 0.000536605555606336 28
1746658696261 0.0004402603426941062 29
