1746653003824 0.4741976429929347 0
1746653203250 0.6310429992022102 1
1746653404043 0.688571188422662 2
1746653605641 0.7155202720757247 3
1746653807838 0.7870919559168781 4
1746654006467 0.6905863822287486 5
1746654198993 0.6388042000220657 6
1746654392530 0.655014217348197 7
1746654585890 0.6760099857827266 8
1746654779829 0.648078392390341 9
1746654973591 0.6964690976683647 10
1746655169013 0.68189055201022 11
1746655365785 0.6827625785147143 12
1746655561534 0.6944771677050003 13
1746655756510 0.7040017002227769 14
1746655952611 0.6969420850054597 15
1746656147941 0.6602720996596751 16
1746656342680 0.7111323061059885 17
1746656537948 0.7003700387504967 18
1746656736519 0.715794132842984 19
1746656934641 0.724066439558881 20
1746657134520 0.7083663718146386 21
1746657329656 0.7089049642726614 22
1746657524603 0.7163504751487947 23
1746657720336 0.7115782520543166 24
1746657918343 0.7082438524929983 25
1746658113807 0.7199955323661885 26
1746658309235 0.723911451450226 27
1746658503907 0.7084730781980743 28
1746658698751 0.7338350279658751 29
