1746653003824 0.5894832456193677 0
1746653203250 0.7204777079419304 1
1746653404043 0.7415067444806346 2
1746653605641 0.7184357449679122 3
1746653807838 0.7978079475008679 4
1746654006467 0.7396536752289637 5
1746654198993 0.7649648137998315 6
1746654392530 0.7665989345167049 7
1746654585890 0.7945312098183771 8
1746654779829 0.7818214797900688 9
1746654973591 0.7517659768612736 10
1746655169013 0.764630213686667 11
1746655365785 0.7606469068603314 12
1746655561534 0.7549342203992163 13
1746655756510 0.7571272094113257 14
1746655952611 0.7655404492190913 15
1746656147941 0.7692807520739551 16
1746656342680 0.7730116617789022 17
1746656537948 0.7760755395756611 18
1746656736519 0.7688760762377579 19
1746656934641 0.7881015949062699 20
1746657134520 0.7868875833716283 21
1746657329656 0.7819392883861995 22
1746657524603 0.7781541115294442 23
1746657720336 0.7844027866699522 24
1746657918343 0.7814944265132143 25
1746658113807 0.7816779043353296 26
1746658309235 0.7840573732638535 27
1746658503907 0.7823261838681248 28
1746658698751 0.7801928635634827 29
