1746198789172 0.0 0
1746198873218 0.0 1
1746198958454 0.018284106858002833 2
1746199033099 0.08766803034624529 3
1746199130461 0.6906598114324661 4
1746199253322 0.7555163282818057 5
1746199412189 0.7846481875833075 6
1746199539808 0.7916666666167252 7
1746199693629 0.7959442331566813 8
1746199801105 0.7823185987825289 9
1746199904361 0.79224610193072 10
1746200000349 0.7940298506963129 11
1746200134078 0.7966985229734321 12
1746200267991 0.793918918869012 13
1746200400512 0.7967479674297038 14
1746200536631 0.7953964193873861 15
1746200670413 0.8071242397414592 16
1746200803101 0.8034334763448657 17
1746200935478 0.7999999999500249 18
1746201068263 0.7972684591903304 19
1746201200823 0.7901653242400268 20
1746201332661 0.7986434929555835 21
1746201464292 0.8046173577952649 22
1746201595147 0.8030821917308485 23
1746201727465 0.8020609703235652 24
1746201860160 0.8084555650923599 25
1746201992070 0.802056555219946 26
1746202098072 0.8018949181239906 27
1746202197048 0.7977720650742737 28
1746202316736 0.8006872851733803 29
