1746198789172 0.0 0
1746198873218 0.0 1
1746198958454 0.04262295081965816 2
1746199033099 0.126262626262605 3
1746199130461 0.6622843056696252 4
1746199253322 0.7449956483898394 5
1746199412189 0.7491856677523819 6
1746199539808 0.7538461538460928 7
1746199693629 0.7535999999999397 8
1746199801105 0.7322404371584128 9
1746199904361 0.7484076433120423 10
1746200000349 0.7581433224755083 11
1746200134078 0.773839662447192 12
1746200267991 0.7513988808952237 13
1746200400512 0.7631147540982981 14
1746200536631 0.7591537835638112 15
1746200670413 0.7839662447256722 16
1746200803101 0.771640560593506 17
1746200935478 0.7668308702790831 18
1746201068263 0.761827079934685 19
1746201200823 0.7504025764894726 20
1746201332661 0.7584541062801321 21
1746201464292 0.7700490998362708 22
1746201595147 0.7694831829367703 23
1746201727465 0.7706270627062071 24
1746201860160 0.7801831806826993 25
1746201992070 0.7691043549711776 26
1746202098072 0.7726141078837533 27
1746202197048 0.7649958915365025 28
1746202316736 0.7696118909991106 29
