1746198789172 0.0 0
1746198873218 0.0 1
1746198958454 0.011638316920321249 2
1746199033099 0.06714413607877644 3
1746199130461 0.7215756490599174 4
1746199253322 0.7663384064457684 5
1746199412189 0.8236347358996576 6
1746199539808 0.8334825425245449 7
1746199693629 0.8433303491494321 8
1746199801105 0.839749328558564 9
1746199904361 0.8415398388539981 10
1746200000349 0.8334825425245449 11
1746200134078 0.8209489704565066 12
1746200267991 0.8415398388539981 13
1746200400512 0.8334825425245449 14
1746200536631 0.8352730528199789 15
1746200670413 0.8316920322291108 16
1746200803101 0.83795881826313 17
1746200935478 0.8361683079676959 18
1746201068263 0.8361683079676959 19
1746201200823 0.8343777976722618 20
1746201332661 0.8433303491494321 21
1746201464292 0.842435094001715 22
1746201595147 0.839749328558564 23
1746201727465 0.8361683079676959 24
1746201860160 0.838854073410847 25
1746201992070 0.83795881826313 26
1746202098072 0.8334825425245449 27
1746202197048 0.8334825425245449 28
1746202316736 0.8343777976722618 29
