1746198789172 0.0 0
1746198873218 0.0 1
1746198958454 0.002638522427439937 2
1746199033099 0.015222244773691947 3
1746199130461 0.5412280129506063 4
1746199253322 0.6089683986906124 5
1746199412189 0.7571887399946623 6
1746199539808 0.7790482235186805 7
1746199693629 0.806374168588971 8
1746199801105 0.7509288922755162 9
1746199904361 0.7958135056115869 10
1746200000349 0.7818815456889902 11
1746200134078 0.7719362623106529 12
1746200267991 0.7805827549751634 13
1746200400512 0.7819618906668852 14
1746200536631 0.7838729583452569 15
1746200670413 0.777331999284939 16
1746200803101 0.7804981929735871 17
1746200935478 0.7800678509620181 18
1746201068263 0.7872681836955979 19
1746201200823 0.7801540147567478 20
1746201332661 0.7866880619091858 21
1746201464292 0.7848804753863928 22
1746201595147 0.7823012554651818 23
1746201727465 0.7818551437488188 24
1746201860160 0.7824035831783024 25
1746201992070 0.77892831769709 26
1746202098072 0.777995145849371 27
1746202197048 0.7779448284135595 28
1746202316736 0.7765381491115655 29
