1744789610239 0.11022437422990562 0
1744789642465 0.45286288187826 1
1744789675358 0.6280245570158235 2
1744789708393 0.6814820129456953 3
1744789741028 0.752772552165933 4
1744789777481 0.7348910474650892 5
1744789812816 0.74116300912898 6
1744789845986 0.7246402115982361 7
1744789879571 0.7390769451654694 8
1744789912775 0.7790866026444484 9
1744789945905 0.7720857265528129 10
1744789979063 0.7142539744881405 11
1744790012116 0.7401959538988255 12
1744790045123 0.7240123766769232 13
1744790078248 0.7774885902838354 14
1744790111519 0.7658370249796556 15
1744790145616 0.7533913129006408 16
1744790178900 0.7644473559007078 17
1744790211965 0.753669662520646 18
1744790244978 0.7474008472946864 19
1744790278168 0.7473643428542167 20
1744790311542 0.7442437047215577 21
1744790344814 0.7504455137912422 22
1744790378058 0.7453293090990823 23
1744790411356 0.7477111626331735 24
