1744789610239 0.7704298915226999 0
1744789642465 0.8948975492165528 1
1744789675358 0.9198875050220973 2
1744789708393 0.9280835676978706 3
1744789741028 0.931378063479309 4
1744789777481 0.9262354359180394 5
1744789812816 0.9287263961430293 6
1744789845986 0.9266372036962636 7
1744789879571 0.9257533145841703 8
1744789912775 0.931378063479309 9
1744789945905 0.9344314985938128 10
1744789979063 0.9256729610285255 11
1744790012116 0.9305745279228606 12
1744790045123 0.9266372036962636 13
1744790078248 0.9322619525914022 14
1744790111519 0.9331458417034953 15
1744790145616 0.9311370028123744 16
1744790178900 0.9320208919244677 17
1744790211965 0.932342306147047 18
1744790244978 0.9304941743672157 19
1744790278168 0.9300924065889916 20
1744790311542 0.9299316994777019 21
1744790344814 0.9304941743672157 22
1744790378058 0.9300924065889916 23
1744790411356 0.9304941743672157 24
