1744789609683 1.2211645348713949 0
1744789641904 0.5986374049232557 1
1744789674779 0.3203027821504153 2
1744789707810 0.23958310169669297 3
1744789740393 0.18337617757228705 4
1744789776891 0.14097686427143905 5
1744789812197 0.11291554971383168 6
1744789845398 0.09390526007001217 7
1744789878965 0.07643864705012395 8
1744789912177 0.06243071425706148 9
1744789945304 0.050221451880553596 10
1744789978467 0.03949988336087419 11
1744790011525 0.032705672550946474 12
1744790044534 0.027624529087916017 13
1744790077641 0.02340961416037037 14
1744790110919 0.020848182746424124 15
1744790145003 0.017567885072472002 16
1744790178307 0.015478624093632858 17
1744790211377 0.013705663938218584 18
1744790244382 0.012661814716501305 19
1744790277577 0.011636756118745185 20
1744790310945 0.011360135538360247 21
1744790344223 0.010755180255868114 22
1744790377470 0.010532084055459844 23
1744790410759 0.010183240295960926 24
