1744789609683 0.0001 0
1744789641904 0.0001 1
1744789674779 9.960612933065818e-05 2
1744789707810 9.843072889837513e-05 3
1744789740393 9.649233547011815e-05 4
1744789776891 9.382151866819098e-05 5
1744789812197 9.046039886902862e-05 6
1744789845398 8.646198293969951e-05 7
1744789878965 8.188932828794705e-05 8
1744789912177 7.681454840920088e-05 9
1744789945304 7.131767561367538e-05 10
1744789978467 6.548539886902863e-05 11
1744790011525 5.940969666355696e-05 12
1744790044534 5.318638645048921e-05 13
1744790077641 4.69136135495108e-05 14
1744790110919 4.069030333644306e-05 15
1744790145003 3.4614601130971394e-05 16
1744790178307 2.8782324386324622e-05 17
1744790211377 2.3285451590799106e-05 18
1744790244382 1.8210671712052947e-05 19
1744790277577 1.3638017060300505e-05 20
1744790310945 9.639601130971381e-06 21
1744790344223 6.278481331809014e-06 22
1744790377470 3.6076645298818453e-06 23
1744790410759 1.6692711016248832e-06 24
