1745701638711 0.39013933542885887 0
1745701705114 0.6461137646047868 1
1745701771965 0.6982041173393617 2
1745701886100 0.710157618163622 3
1745701952095 0.7182175622042257 4
1745702017939 0.7213396306928292 5
1745702084730 0.7076271185941503 6
1745702150478 0.7298825575837303 7
1745702216155 0.7190916736254803 8
1745702281538 0.7252271743333765 9
1745702347457 0.7296360484768512 10
1745702412584 0.7271948607637356 11
1745702478139 0.7234416154021062 12
1745702543063 0.7327917913138687 13
1745702608425 0.7262569831902409 14
1745702673661 0.7333619578718751 15
1745702739425 0.7398338434130142 16
1745702805727 0.7379912663255113 17
1745702871050 0.7318339099845956 18
1745702935817 0.7324066029039331 19
1745703000989 0.7361050327727177 20
1745703065597 0.7413566739105728 21
1745703131257 0.7396193771126226 22
1745703195716 0.7342869527024788 23
1745703260686 0.7349240780410898 24
1745703326709 0.7302405497781973 25
1745703392150 0.7298001737119263 26
1745703458529 0.7318123116159596 27
1745703524977 0.7276650841105538 28
1745703591334 0.7342536669042732 29
