1745701638711 0.12152075211825994 0
1745701705114 0.43651808403697306 1
1745701771965 0.5411492838464164 2
1745701886100 0.5783956673404057 3
1745701952095 0.6129432813279213 4
1745702017939 0.5967796835628488 5
1745702084730 0.587627501123964 6
1745702150478 0.6290241216564285 7
1745702216155 0.6104824740266209 8
1745702281538 0.6103586202000867 9
1745702347457 0.6243963470787752 10
1745702412584 0.6293311720604688 11
1745702478139 0.6220455919510844 12
1745702543063 0.6276557073423132 13
1745702608425 0.6305308877197995 14
1745702673661 0.6178310576295807 15
1745702739425 0.6384942479478446 16
1745702805727 0.6404900702682982 17
1745702871050 0.6170788918238028 18
1745702935817 0.6198508092474652 19
1745703000989 0.6346304147474899 20
1745703065597 0.6390447377124667 21
1745703131257 0.6364991848845892 22
1745703195716 0.6297549834002891 23
1745703260686 0.6349500870153884 24
1745703326709 0.6230409360841959 25
1745703392150 0.61819347879315 26
1745703458529 0.6278228305186999 27
1745703524977 0.6249519464472164 28
1745703591334 0.6331751679146446 29
