1745701638711 0.48598130841115006 0
1745701705114 0.62731871838106 1
1745701771965 0.6835334476843324 2
1745701886100 0.6949443016280467 3
1745701952095 0.7013651877132507 4
1745702017939 0.6930693069306358 5
1745702084730 0.6717618664520779 6
1745702150478 0.709813874788434 7
1745702216155 0.6780333068992325 8
1745702281538 0.7018425460635928 9
1745702347457 0.7069689336691262 10
1745702412584 0.6970443349753122 11
1745702478139 0.7097329888026951 12
1745702543063 0.701309328968846 13
1745702608425 0.6983471074379588 14
1745702673661 0.7046204620461465 15
1745702739425 0.7230769230768612 16
1745702805727 0.7203751065643035 17
1745702871050 0.7079497907949198 18
1745702935817 0.7113924050632311 19
1745703000989 0.7200342465752808 20
1745703065597 0.7251712328766502 21
1745703131257 0.7154811715480572 22
1745703195716 0.7117647058822931 23
1745703260686 0.712962962962903 24
1745703326709 0.7018992568124937 25
1745703392150 0.708860759493611 26
1745703458529 0.7048092868987806 27
1745703524977 0.7024999999999414 28
1745703591334 0.7085761865111816 29
