1745701638711 0.325872873768995 0
1745701705114 0.6660698299014622 1
1745701771965 0.7135183527304643 2
1745701886100 0.7260519247985026 3
1745701952095 0.7358997314233898 4
1745702017939 0.7520143240822961 5
1745702084730 0.7475380483437111 6
1745702150478 0.7511190689345791 7
1745702216155 0.7654431512980514 8
1745702281538 0.7502238137868621 9
1745702347457 0.7538048343777302 10
1745702412584 0.7600716204117492 11
1745702478139 0.7376902417188238 12
1745702543063 0.7672336615934855 13
1745702608425 0.7564905998208812 14
1745702673661 0.7645478961503344 15
1745702739425 0.7573858549685982 16
1745702805727 0.7564905998208812 17
1745702871050 0.7573858549685982 18
1745702935817 0.7547000895254472 19
1745703000989 0.7529095792300131 20
1745703065597 0.7582811101163153 21
1745703131257 0.7654431512980514 22
1745703195716 0.7582811101163153 23
1745703260686 0.7582811101163153 24
1745703326709 0.7609668755594663 25
1745703392150 0.7520143240822961 26
1745703458529 0.7609668755594663 27
1745703524977 0.7547000895254472 28
1745703591334 0.7618621307071833 29
