1746470997756 0.0 0
1746471085090 0.0 1
1746471172059 0.0 2
1746471259269 0.0 3
1746471387813 0.0 4
1746471518073 0.028004667399172917 5
1746471649703 0.019379844911577626 6
1746471777389 0.018664047101748054 7
1746471905300 0.016783216733301295 8
1746472037007 0.020244622472307783 9
1746472168797 0.010910616819686796 10
1746472299491 0.00834376298736026 11
1746472428875 0.010251630891369233 12
1746472557379 0.008310249257527736 13
1746472673300 0.008680555505600953 14
1746472803861 0.009661835698809252 15
1746472933436 0.013297872290429108 16
1746473063669 0.011676396947730804 17
1746473192964 0.012037833140102983 18
1746473322620 0.011235955006238564 19
1746473451586 0.009812667211373534 20
1746473581786 0.009503239690881125 21
1746473711456 0.013799051265288062 22
1746473841102 0.01108269389725709 23
1746473969853 0.014107883767692876 24
1746474089194 0.011428571378959135 25
1746474190422 0.013082583760677067 26
1746474318715 0.00895765467353483 27
1746474447318 0.007305194755629869 28
1746474575752 0.009098428403555939 29
