1746470997756 0.0 0
1746471085090 0.0 1
1746471172059 0.0 2
1746471259269 0.0 3
1746471387813 0.0 4
1746471518073 0.02148612354520846 5
1746471649703 0.017905102954340384 6
1746471777389 0.017009847806623363 7
1746471905300 0.016114592658906347 8
1746472037007 0.02148612354520846 9
1746472168797 0.011638316920321249 10
1746472299491 0.008952551477170192 11
1746472428875 0.00984780662488721 12
1746472557379 0.008057296329453173 13
1746472673300 0.008952551477170192 14
1746472803861 0.00984780662488721 15
1746472933436 0.013428827215755288 16
1746473063669 0.01253357206803827 17
1746473192964 0.01253357206803827 18
1746473322620 0.011638316920321249 19
1746473451586 0.00984780662488721 20
1746473581786 0.00984780662488721 21
1746473711456 0.014324082363472306 22
1746473841102 0.011638316920321249 23
1746473969853 0.015219337511189326 24
1746474089194 0.01253357206803827 25
1746474190422 0.014324082363472306 26
1746474318715 0.00984780662488721 27
1746474447318 0.008057296329453173 28
1746474575752 0.00984780662488721 29
