1746652781923 0.10555796513161188 0
1746652843893 0.4180703386453051 1
1746652905890 0.5606884061323864 2
1746652968075 0.6555740047148765 3
1746653029745 0.6689337747440594 4
1746653090936 0.6351360850954039 5
1746653151977 0.6614170050331759 6
1746653213698 0.6824707761280236 7
1746653274285 0.6798268338933877 8
1746653334954 0.6599637115446964 9
1746653396118 0.6804944632946268 10
1746653456820 0.6704646018914638 11
1746653517562 0.6599624089809049 12
1746653578315 0.6775630629955862 13
1746653639068 0.6827693615758377 14
1746653699817 0.6563708702723374 15
1746653760617 0.6725156797884446 16
1746653821437 0.6605084719378762 17
1746653882315 0.6785844392809282 18
1746653943837 0.6602840676524221 19
1746654005203 0.6779093617345774 20
1746654065800 0.6660579569506383 21
1746654126416 0.654988654699124 22
1746654187011 0.6434363599442526 23
1746654247584 0.6440891207908337 24
1746654308932 0.6602697407385107 25
1746654369463 0.6706620616899049 26
1746654430235 0.65702574254403 27
1746654490817 0.6689548167683745 28
1746654551425 0.6659620327519138 29
