1744635003346 0.027973005411679627 0
1744635036635 0.027973005411679627 1
1744635070062 0.05833101555915126 2
1744635104403 0.575840138505349 3
1744635139025 0.5933622269859179 4
1744635173540 0.639453786608251 5
1744635207896 0.6620783172795887 6
1744635241560 0.7336637403562355 7
1744635275055 0.7078404289715544 8
1744635309264 0.7231751866502654 9
1744635342829 0.7224309740089362 10
1744635376761 0.710523252552371 11
1744635410186 0.7316050293860783 12
1744635443535 0.7260721120781434 13
1744635476904 0.714969941517903 14
1744635510234 0.6995236496913343 15
1744635543584 0.7195323456111643 16
1744635576913 0.7103503128541401 17
1744635610264 0.7163104784511283 18
1744635643673 0.7215437391399377 19
