1745877065184 2e-05 0
1745877149828 4e-05 1
1745877234955 6.000000000000001e-05 2
1745877320245 8e-05 3
1745877447389 8e-05 4
1745877576085 8e-05 5
1745877705543 8e-05 6
1745877832632 8e-05 7
1745877959981 8e-05 8
1745878086936 8e-05 9
1745878214428 8e-05 10
1745878342148 8e-05 11
1745878468866 8e-05 12
1745878596826 8e-05 13
1745878723569 8e-05 14
1745878850355 6.400000000000001e-05 15
1745878976814 6.400000000000001e-05 16
1745879104022 5.120000000000001e-05 17
1745879231552 5.120000000000001e-05 18
1745879358201 4.0960000000000014e-05 19
1745879485061 4.0960000000000014e-05 20
1745879612175 3.276800000000001e-05 21
1745879739448 3.276800000000001e-05 22
1745879866136 2.6214400000000008e-05 23
1745879993185 2.6214400000000008e-05 24
1745880121385 2.097152000000001e-05 25
1745880248285 2.097152000000001e-05 26
1745880375821 1.6777216000000006e-05 27
1745880502439 1.6777216000000006e-05 28
1745880629936 1.3421772800000009e-05 29
