1745877067788 0.0 0
1745877152441 0.0 1
1745877237555 0.0 2
1745877322792 0.0 3
1745877449763 0.0017004178460506524 4
1745877578779 0.002651186199952297 5
1745877708104 0.0034251489905113277 6
1745877835306 0.009443337091148555 7
1745877962425 0.0032708078738104907 8
1745878089650 0.0024652943460289475 9
1745878217150 0.006478525588631289 10
1745878344557 0.0038601156867508414 11
1745878471592 0.005013041426531895 12
1745878599200 0.004036369362438129 13
1745878726028 0.0029450948436060384 14
1745878852757 0.0031606325832826184 15
1745878979514 0.002394522627953301 16
1745879106739 0.0028291753470106517 17
1745879233916 0.0018620268560577379 18
1745879360701 0.0010932907597184848 19
1745879487506 0.003375065812594969 20
1745879614859 0.00140655102012685 21
1745879741833 0.0021774078248905817 22
1745879868527 0.0027981072406864627 23
1745879996277 0.0009906191298251947 24
1745880123843 0.0028410592091841023 25
1745880250950 0.002573505646864446 26
1745880378246 0.0020317127644954793 27
1745880505434 0.0039711945270028085 28
1745880632488 0.0025932669866340443 29
