1745877067788 0.0 0
1745877152441 0.0 1
1745877237555 0.0 2
1745877322792 0.0 3
1745877449763 0.005912786371789934 4
1745877578779 0.008839778958267635 5
1745877708104 0.007114272960228359 6
1745877835306 0.015105740132047038 7
1745877962425 0.010942760892938608 8
1745878089650 0.008888888839362253 9
1745878217150 0.01739926734929201 10
1745878344557 0.010381905772755705 11
1745878471592 0.018876404444381142 12
1745878599200 0.014253897500111289 13
1745878726028 0.007839721204391177 14
1745878852757 0.007205764562247236 15
1745878979514 0.006517311559365956 16
1745879106739 0.006420545696923864 17
1745879233916 0.005627009596822918 18
1745879360701 0.0031809144635463887 19
1745879487506 0.008103727665197609 20
1745879614859 0.003998400590313638 21
1745879741833 0.004110152025960958 22
1745879868527 0.006201550338495674 23
1745879996277 0.003131115410671559 24
1745880123843 0.005488043855122896 25
1745880250950 0.005449591231503748 26
1745880378246 0.004642166295215501 27
1745880505434 0.006240249560812163 28
1745880632488 0.006187161590523755 29
