1745877067788 0.0 0
1745877152441 0.0 1
1745877237555 0.0 2
1745877322792 0.0 3
1745877449763 0.0169491525423657 4
1745877578779 0.011544011544009877 5
1745877708104 0.0070671378091866546 6
1745877835306 0.017261219792863377 7
1745877962425 0.010325655281968996 8
1745878089650 0.008100147275404411 9
1745878217150 0.017806935332706858 10
1745878344557 0.008860759493670324 11
1745878471592 0.01895306859205605 12
1745878599200 0.01418439716311931 13
1745878726028 0.007633587786258895 14
1745878852757 0.006517016654597645 15
1745878979514 0.005979073243646787 16
1745879106739 0.0058181818181813946 17
1745879233916 0.005105762217359219 18
1745879360701 0.002861230329041283 19
1745879487506 0.007401924500369548 20
1745879614859 0.003612716763005519 21
1745879741833 0.003799392097264149 22
1745879868527 0.00546821599453141 23
1745879996277 0.002781641168289097 24
1745880123843 0.0048814504881447085 25
1745880250950 0.004820936639118125 26
1745880378246 0.004087193460490184 27
1745880505434 0.005528680027643018 28
1745880632488 0.005445881552075872 29
