1745877067788 0.0 0
1745877152441 0.0 1
1745877237555 0.0 2
1745877322792 0.0 3
1745877449763 0.0035810205908680766 4
1745877578779 0.007162041181736153 5
1745877708104 0.007162041181736153 6
1745877835306 0.013428827215755288 7
1745877962425 0.011638316920321249 8
1745878089650 0.00984780662488721 9
1745878217150 0.017009847806623363 10
1745878344557 0.01253357206803827 11
1745878471592 0.018800358102057404 12
1745878599200 0.014324082363472306 13
1745878726028 0.008057296329453173 14
1745878852757 0.008057296329453173 15
1745878979514 0.007162041181736153 16
1745879106739 0.007162041181736153 17
1745879233916 0.006266786034019135 18
1745879360701 0.0035810205908680766 19
1745879487506 0.008952551477170192 20
1745879614859 0.004476275738585096 21
1745879741833 0.004476275738585096 22
1745879868527 0.007162041181736153 23
1745879996277 0.0035810205908680766 24
1745880123843 0.006266786034019135 25
1745880250950 0.006266786034019135 26
1745880378246 0.005371530886302115 27
1745880505434 0.007162041181736153 28
1745880632488 0.007162041181736153 29
