1745581573074 0.3327596098219731 0
1745582030798 0.6887645285767898 1
1745582547835 0.7317909168309201 2
1745583129650 0.7595673876373749 3
1745583199763 0.7559726961957793 4
1745583841482 0.7968885047036641 5
1745584503465 0.798772468165646 6
1745585009542 0.7734899328360392 7
1745585658319 0.8026315788973184 8
1745586312794 0.8007054673220747 9
1745586916754 0.7863616745291936 10
1745587549399 0.7933954275538051 11
1745588187533 0.7933104630718042 12
1745588814559 0.8075601374070568 13
1745589394160 0.8115183245572911 14
1745589980952 0.7921131589727395 15
1745590596008 0.7963286712786295 16
1745591209290 0.8075927523227311 17
1745591828921 0.8057241976949919 18
1745592466966 0.8067444876283284 19
1745593087453 0.8056265984155183 20
1745593700350 0.800860215003771 21
1745594322830 0.802056555219946 22
1745594958505 0.8027385536513548 23
1745595594923 0.80393835611441 24
1745596243911 0.8062283736524091 25
1745596889879 0.80154639170259 26
1745597527569 0.8077419354338782 27
1745598167496 0.8027385536513548 28
1745598729887 0.8068817203801147 29
