1745581573074 0.11017552350384098 0
1745582030798 0.4473410109924083 1
1745582547835 0.5539804059643327 2
1745583129650 0.6060041639290501 3
1745583199763 0.635052544417432 4
1745583841482 0.7034070522648324 5
1745584503465 0.7033846574638724 6
1745585009542 0.6885213430537281 7
1745585658319 0.7237982718786308 8
1745586312794 0.7235922723144201 9
1745586916754 0.6922352089197756 10
1745587549399 0.7221605516127408 11
1745588187533 0.7140523163783895 12
1745588814559 0.7231326278199808 13
1745589394160 0.7250085399902013 14
1745589980952 0.709721136717072 15
1745590596008 0.7144919255773915 16
1745591209290 0.713987688317039 17
1745591828921 0.7140561814329119 18
1745592466966 0.7184157824498579 19
1745593087453 0.7185331319793857 20
1745593700350 0.7168054405573012 21
1745594322830 0.7125994332060832 22
1745594958505 0.7158806071637043 23
1745595594923 0.7121260996637455 24
1745596243911 0.7111413871783555 25
1745596889879 0.7079382381351047 26
1745597527569 0.7126031467725528 27
1745598167496 0.7131227580745656 28
1745598729887 0.7178688014647828 29
