1745581573074 0.463258785942418 0
1745582030798 0.6633499170812054 1
1745582547835 0.701725554642506 2
1745583129650 0.7094017094016543 3
1745583199763 0.7220863895679933 4
1745583841482 0.7702589807852323 5
1745584503465 0.7826460481098984 6
1745585009542 0.7277032359904714 7
1745585658319 0.786758383490904 8
1745586312794 0.7888792354473685 9
1745586916754 0.7591666666666034 10
1745587549399 0.7526104417670078 11
1745588187533 0.7613168724279209 12
1745588814559 0.7762180016514635 13
1745589394160 0.7914893617020603 14
1745589980952 0.759868421052569 15
1745590596008 0.777967549103264 16
1745591209290 0.7793505412155887 17
1745591828921 0.7813288477711706 18
1745592466966 0.7801003344480952 19
1745593087453 0.768917819365275 20
1745593700350 0.7706953642383467 21
1745594322830 0.7691043549711776 22
1745594958505 0.7688524590163304 23
1745595594923 0.770303527481479 24
1745596243911 0.7799163179915665 25
1745596889879 0.7704376548306547 26
1745597527569 0.7773178807946376 27
1745598167496 0.7688524590163304 28
1745598729887 0.7764900662251013 29
