1745581573074 0.2596239928379356 0
1745582030798 0.7162041181736154 1
1745582547835 0.7645478961503344 2
1745583129650 0.8173679498656385 3
1745583199763 0.793196060877279 4
1745583841482 0.8254252461950917 5
1745584503465 0.8155774395702045 6
1745585009542 0.8254252461950917 7
1745585658319 0.8191584601610725 8
1745586312794 0.8128916741270534 9
1745586916754 0.8155774395702045 10
1745587549399 0.838854073410847 11
1745588187533 0.8281110116382427 12
1745588814559 0.8415398388539981 13
1745589394160 0.8325872873768279 14
1745589980952 0.8272157564905257 15
1745590596008 0.8155774395702045 16
1745591209290 0.83795881826313 17
1745591828921 0.8316920322291108 18
1745592466966 0.8352730528199789 19
1745593087453 0.8460161145925831 20
1745593700350 0.8334825425245449 21
1745594322830 0.83795881826313 22
1745594958505 0.839749328558564 23
1745595594923 0.840644583706281 24
1745596243911 0.8343777976722618 25
1745596889879 0.8352730528199789 26
1745597527569 0.840644583706281 27
1745598167496 0.839749328558564 28
1745598729887 0.839749328558564 29
