1745702654746 1.5130017972909486 0
1745702687419 0.8772619704787548 1
1745702721875 0.6048567042900965 2
1745702755678 0.4102795714369187 3
1745702789467 0.28568895676961314 4
1745702825019 0.22690468883285156 5
1745702858789 0.18928944348142698 6
1745702891930 0.14773414069070265 7
1745702925112 0.1268810432117719 8
1745702958368 0.11787003149779943 9
1745702992542 0.08651798848922436 10
1745703026274 0.06801837668395959 11
1745703059695 0.05754377675027801 12
1745703092794 0.048887515834604316 13
1745703126111 0.039661671339462586 14
1745703159157 0.03246977710380004 15
1745703192203 0.026856232470331285 16
1745703225259 0.022471878140305098 17
1745703258303 0.01979701137707497 18
1745703291511 0.017407686897338584 19
1745703324545 0.015265638483330034 20
1745703357627 0.013279022039988866 21
1745703390978 0.01290925509797839 22
1745703424740 0.012263486555849131 23
1745703458465 0.010569629308660157 24
1745703491522 0.010218578632562779 25
1745703524632 0.009096576196428102 26
1745703557729 0.008519984557866477 27
1745703590797 0.008092460827006457 28
1745703624608 0.00766233831214217 29
