1745702655652 0.0 0
1745702688323 0.1259687084985512 1
1745702722765 0.33888574836222596 2
1745702756573 0.6201433298136882 3
1745702790994 0.5994541638814038 4
1745702826189 0.6353503122048553 5
1745702859681 0.6217886853267497 6
1745702892818 0.6703572853498 7
1745702926028 0.6774468701546265 8
1745702959527 0.6955205922953727 9
1745702993434 0.7104803722090843 10
1745703027297 0.6998413019951523 11
1745703060607 0.66118080929233 12
1745703093971 0.7018047694296234 13
1745703127003 0.6989384806710507 14
1745703160043 0.6861481837231851 15
1745703193101 0.6907048888848385 16
1745703226146 0.6897030830906433 17
1745703259185 0.6891836535606262 18
1745703292401 0.6890867331359047 19
1745703325431 0.6916264149795514 20
1745703358807 0.699640630236758 21
1745703391862 0.6923743216105033 22
1745703425636 0.7025230132622856 23
1745703459356 0.7046972440889896 24
1745703492411 0.6906170211974095 25
1745703525523 0.6952254938859237 26
1745703558616 0.6944144598382626 27
1745703591687 0.7043391017236177 28
1745703625504 0.6980458759299183 29
