1745702655652 0.0 0
1745702688323 0.1230342943932064 1
1745702722765 0.39163423853995305 2
1745702756573 0.5687679371721893 3
1745702790994 0.5730912959204426 4
1745702826189 0.5963173481569167 5
1745702859681 0.5812883343211581 6
1745702892818 0.656731837933654 7
1745702926028 0.6519475667587068 8
1745702959527 0.6721100029172488 9
1745702993434 0.7038876266010572 10
1745703027297 0.6957802312573189 11
1745703060607 0.6197820559820781 12
1745703093971 0.6824570413015786 13
1745703127003 0.6840615840902055 14
1745703160043 0.6813255150448375 15
1745703193101 0.6827968440316509 16
1745703226146 0.6806930534610272 17
1745703259185 0.6715550470553739 18
1745703292401 0.6782441044903404 19
1745703325431 0.6743996674635085 20
1745703358807 0.691272315572522 21
1745703391862 0.6651683157056639 22
1745703425636 0.6900653005977818 23
1745703459356 0.6929275325769504 24
1745703492411 0.6694089976025026 25
1745703525523 0.680187250849592 26
1745703558616 0.6801557888187916 27
1745703591687 0.6904534845379835 28
1745703625504 0.6856278323767634 29
