1746654630347 0.0 0
1746654755856 0.02411642411641108 1
1746654882241 0.17093155396132592 2
1746655010504 0.25778540400077204 3
1746655139583 0.46830450496504317 4
1746655259746 0.5473639831231152 5
1746655385948 0.5673962739588106 6
1746655511743 0.5935422159981552 7
1746655637269 0.6286828307161623 8
1746655762591 0.6848087340818915 9
1746655890757 0.694283375694979 10
1746656017054 0.6857855295493033 11
1746656142259 0.708643423921697 12
1746656268745 0.6841948612665755 13
1746656394281 0.6721795855966547 14
1746656519862 0.687319104492082 15
1746656642005 0.7237984349810408 16
1746656769016 0.6948628476588776 17
1746656895314 0.6780137559627235 18
1746657014425 0.6943182251283934 19
1746657138722 0.674364848305516 20
1746657262842 0.6956021575035982 21
1746657387923 0.6767434145401281 22
1746657513665 0.6995890457379097 23
1746657638252 0.6702125031898164 24
1746657760049 0.6686708527295686 25
1746657883287 0.6813892514123213 26
1746658003620 0.7011854396503698 27
1746658124169 0.6802683971496634 28
1746658249701 0.6882652795892773 29
