1746654630347 0.0 0
1746654755856 0.27358490566024835 1
1746654882241 0.5952914798205611 2
1746655010504 0.5701684041699623 3
1746655139583 0.7039249146757078 4
1746655259746 0.7194533762057299 5
1746655385948 0.756357670221431 6
1746655511743 0.7475409836064961 7
1746655637269 0.7593360995849991 8
1746655762591 0.7520259319286262 9
1746655890757 0.7733105218134496 10
1746656017054 0.7736006683374458 11
1746656142259 0.8017777777777064 12
1746656268745 0.7701342281878548 13
1746656394281 0.7586490939043856 14
1746656519862 0.7692946058090647 15
1746656642005 0.79227467811152 16
1746656769016 0.7770270270269614 17
1746656895314 0.7565359477123564 18
1746657014425 0.7830508474575607 19
1746657138722 0.767752715121072 20
1746657262842 0.778529163144482 21
1746657387923 0.7782497875955159 22
1746657513665 0.7766497461928277 23
1746657638252 0.7679465776293182 24
1746657760049 0.7659222497931542 25
1746657883287 0.7635756056808051 26
1746658003620 0.77438507209493 27
1746658124169 0.7702020202019554 28
1746658249701 0.7652464494569118 29
