1746654630347 0.0 0
1746654755856 0.011771869291655105 1
1746654882241 0.2123063558224007 2
1746655010504 0.3776745451683073 3
1746655139583 0.5572870473324281 4
1746655259746 0.6503768516865213 5
1746655385948 0.7104753559607992 6
1746655511743 0.7287759503725878 7
1746655637269 0.736500846280155 8
1746655762591 0.7741890240345269 9
1746655890757 0.7490793146784717 10
1746656017054 0.755676532393646 11
1746656142259 0.7345806472061898 12
1746656268745 0.7466414757867358 13
1746656394281 0.7583028587966136 14
1746656519862 0.7624867374523246 15
1746656642005 0.768795654481139 16
1746656769016 0.7668801125962206 17
1746656895314 0.7685504955429837 18
1746657014425 0.7489134535078729 19
1746657138722 0.7564964639045227 20
1746657262842 0.7649725282549474 21
1746657387923 0.750810761954001 22
1746657513665 0.7620230207274585 23
1746657638252 0.7527370337400873 24
1746657760049 0.7560975806036404 25
1746657883287 0.7538920379549107 26
1746658003620 0.7552785441372879 27
1746658124169 0.7507908865000322 28
1746658249701 0.7568733013011932 29
