1746193660065 2e-05 0
1746193762712 4e-05 1
1746193865994 6.000000000000001e-05 2
1746193970245 8e-05 3
1746194115952 8e-05 4
1746194263327 8e-05 5
1746194412973 8e-05 6
1746194586703 8e-05 7
1746194730336 8e-05 8
1746194876577 8e-05 9
1746195020348 8e-05 10
1746195161527 8e-05 11
1746195307288 8e-05 12
1746195451803 8e-05 13
1746195597395 8e-05 14
1746195744250 6.400000000000001e-05 15
1746195890304 6.400000000000001e-05 16
1746196036737 5.120000000000001e-05 17
1746196182906 5.120000000000001e-05 18
1746196325819 4.0960000000000014e-05 19
1746196470911 4.0960000000000014e-05 20
1746196618504 3.276800000000001e-05 21
1746196763770 3.276800000000001e-05 22
1746196908800 2.6214400000000008e-05 23
1746197053833 2.6214400000000008e-05 24
1746197198763 2.097152000000001e-05 25
1746197343717 2.097152000000001e-05 26
1746197486327 1.6777216000000006e-05 27
1746197626309 1.6777216000000006e-05 28
1746197769845 1.3421772800000009e-05 29
