1746193664339 0.0 0
1746193766867 0.0 1
1746193870303 0.0 2
1746193974730 0.0 3
1746194120119 0.5411116214474581 4
1746194267156 0.6340269277349179 5
1746194417668 0.7290886391511853 6
1746194591263 0.7289799401975919 7
1746194734735 0.7738607050230986 8
1746194880331 0.762105263108007 9
1746195024259 0.7643478260369311 10
1746195165912 0.7952218429534552 11
1746195311839 0.7933450087065218 12
1746195456357 0.790988735870065 13
1746195602298 0.7972389990871841 14
1746195748400 0.7933104630718042 15
1746195894351 0.7999999999499848 16
1746196040937 0.7963604852186131 17
1746196186818 0.7948164146368176 18
1746196330073 0.7925328807307221 19
1746196475559 0.7977479427823786 20
1746196622636 0.7898363479258866 21
1746196767650 0.7834612105212322 22
1746196913498 0.7884451996102159 23
1746197057560 0.8006902501656997 24
1746197202814 0.7955517535856168 25
1746197347888 0.7982758620189655 26
1746197490263 0.797588285910382 27
1746197630569 0.7934595524457038 28
1746197773828 0.7951807228415728 29
