1746193664339 0.0 0
1746193766867 0.0 1
1746193870303 0.0 2
1746193974730 0.0 3
1746194120119 0.5556603773584381 4
1746194267156 0.582458770614649 5
1746194417668 0.6811819595644882 6
1746194591263 0.6965742251222923 7
1746194734735 0.7444168734490699 8
1746194880331 0.7193958664546328 9
1746195024259 0.7430262045646032 10
1746195165912 0.7595762021189275 11
1746195311839 0.7763496143958203 12
1746195456357 0.7406249999999421 13
1746195602298 0.7693588676102606 14
1746195748400 0.7613168724279209 15
1746195894351 0.7745180217937322 16
1746196040937 0.7716204869856614 17
1746196186818 0.7679465776293182 18
1746196330073 0.7532258064515521 19
1746196475559 0.7726510067113446 20
1746196622636 0.7609958506223434 21
1746196767650 0.7477624084621035 22
1746196913498 0.7502021018592764 23
1746197057560 0.7726894254787033 24
1746197202814 0.7616707616706992 25
1746197347888 0.7697423108893791 26
1746197490263 0.7684647302903926 27
1746197630569 0.7638773819386276 28
1746197773828 0.7655343827671279 29
