1746193664339 0.0 0
1746193766867 0.0 1
1746193870303 0.0 2
1746193974730 0.0 3
1746194120119 0.5273052820053243 4
1746194267156 0.6956132497761239 5
1746194417668 0.7842435094001088 6
1746194591263 0.7645478961503344 7
1746194734735 0.8057296329453173 8
1746194880331 0.8102059086839024 9
1746195024259 0.7869292748432599 10
1746195165912 0.8343777976722618 11
1746195311839 0.8111011638316193 12
1746195456357 0.8487018800357342 13
1746195602298 0.8272157564905257 14
1746195748400 0.8281110116382427 15
1746195894351 0.8272157564905257 16
1746196040937 0.8227394807519406 17
1746196186818 0.8236347358996576 18
1746196330073 0.8361683079676959 19
1746196475559 0.8245299910473747 20
1746196622636 0.8209489704565066 21
1746196767650 0.8227394807519406 22
1746196913498 0.8307967770813938 23
1746197057560 0.8307967770813938 24
1746197202814 0.8325872873768279 25
1746197347888 0.8290062667859598 26
1746197490263 0.8290062667859598 27
1746197630569 0.8254252461950917 28
1746197773828 0.8272157564905257 29
