1746201218543 0.5777717979350286 0
1746203247567 0.723399827341212 1
1746205273933 0.7485903400445253 2
1746207302138 0.713719188470703 3
1746209328111 0.696287013569071 4
1746211355986 0.7214832304187959 5
1746213380557 0.7211571052263638 6
1746215404298 0.7076696270067224 7
1746217436108 0.7317370614502974 8
1746219464331 0.7380233015858344 9
1746221490438 0.7244314889201484 10
1746223520290 0.7239278641606532 11
1746225546897 0.6876466532809868 12
1746227571565 0.7193710297498037 13
1746229599634 0.7060648696683547 14
1746231630679 0.7088452452548184 15
1746233657431 0.7042512983549134 16
1746235683981 0.7263673886912945 17
1746237729276 0.6877068259706742 18
1746239776165 0.7314381167673929 19
