1746201218543 0.7812499999995118 0
1746203247567 0.7119999999997152 1
1746205273933 0.743478260869242 2
1746207302138 0.7616822429902983 3
1746209328111 0.6992187499997269 4
1746211355986 0.7091633466132633 5
1746213380557 0.7280334728030426 6
1746215404298 0.6763636363633905 7
1746217436108 0.695970695970441 8
1746219464331 0.7242798353906484 9
1746221490438 0.7258064516126106 10
1746223520290 0.7070312499997239 11
1746225546897 0.7370689655169237 12
1746227571565 0.7081712062254054 13
1746229599634 0.6923076923074261 14
1746231630679 0.7073170731704442 15
1746233657431 0.7288135593217251 16
1746235683981 0.6940298507460098 17
1746237729276 0.7016806722686127 18
1746239776165 0.7182539682536833 19
