1746201218543 0.6604865424114956 0
1746203247567 0.7073391793114302 1
1746205273933 0.7620426486754864 2
1746207302138 0.7606491039486077 3
1746209328111 0.66808577839459 4
1746211355986 0.6810960644053248 5
1746213380557 0.7065640532034974 6
1746215404298 0.6540842490601009 7
1746217436108 0.6644612794384785 8
1746219464331 0.7186641753027585 9
1746221490438 0.6989155477505983 10
1746223520290 0.6835013570047127 11
1746225546897 0.6922328724011825 12
1746227571565 0.6824236199271903 13
1746229599634 0.6663929387589105 14
1746231630679 0.6852478409726689 15
1746233657431 0.6912664931027004 16
1746235683981 0.6660700517713714 17
1746237729276 0.6857840924220869 18
1746239776165 0.6974145097792992 19
