1745751055181 2e-05 0
1745751248308 2e-05 1
1745751441959 2e-05 2
1745751635545 8e-05 3
1745751827498 8e-05 4
1745752022372 8e-05 5
1745752214382 8e-05 6
1745752405445 8e-05 7
1745752599410 8e-05 8
1745752789614 8e-05 9
1745752983561 8e-05 10
1745753174992 8e-05 11
1745753365119 8e-05 12
1745753556542 8e-05 13
1745753747147 8e-05 14
1745753939127 6.400000000000001e-05 15
1745754130907 6.400000000000001e-05 16
1745754324901 5.120000000000001e-05 17
1745754517059 5.120000000000001e-05 18
1745754709362 4.0960000000000014e-05 19
1745754899599 4.0960000000000014e-05 20
1745755090657 3.276800000000001e-05 21
1745755281139 3.276800000000001e-05 22
