1745751057415 0.5416483973431665 0
1745751250576 0.6889779431395747 1
1745751444502 0.7147613535861743 2
1745751638209 0.6825412293728268 3
1745751829991 0.659878925865468 4
1745752025007 0.6712559789041651 5
1745752216750 0.6529821048510188 6
1745752408538 0.7112820611983696 7
1745752601719 0.6772759242327737 8
1745752792645 0.722941514734441 9
1745752986652 0.7261362577137247 10
1745753177261 0.67803252742139 11
1745753367505 0.7030122566177679 12
1745753559158 0.7514947136158477 13
1745753750121 0.7249163849898703 14
1745753941333 0.734085441969663 15
1745754133716 0.7379649721969298 16
1745754327376 0.7437573013937311 17
1745754519716 0.7549043019952789 18
1745754711929 0.7427663920321048 19
1745754902503 0.7171260025065126 20
1745755093420 0.731166930056304 21
1745755283408 0.7270505742536891 22
