1745751057415 0.7326978863986188 0
1745751250576 0.7837370241714423 1
1745751444502 0.7843817786918449 2
1745751638209 0.7722772276727791 3
1745751829991 0.7848101265323768 4
1745752025007 0.7734439833526922 5
1745752216750 0.7789010988510467 6
1745752408538 0.7933450087065218 7
1745752601719 0.7819679236604287 8
1745752792645 0.8017241378810341 9
1745752986652 0.7946308724331502 10
1745753177261 0.7694886839400797 11
1745753367505 0.7864876569443545 12
1745753559158 0.7994802944497669 13
1745753750121 0.79055793986418 14
1745753941333 0.8083407275453182 15
1745754133716 0.8087145968998558 16
1745754327376 0.8217734854635549 17
1745754519716 0.8218818380243512 18
1745754711929 0.8184588593317688 19
1745754902503 0.8046874999499763 20
1745755093420 0.8128807658333449 21
1745755283408 0.8152031454283324 22
