1746648660917 588.433926017917 0
1746648819750 346.58922997299504 1
1746648981733 223.76084946612923 2
1746649141218 142.4902174813407 3
1746649301656 95.37486411114128 4
1746649461211 68.36917631966728 5
1746649624239 52.07675614648936 6
1746649784476 40.32972242394272 7
1746649947318 32.184964997427805 8
1746650108057 27.356024197169713 9
1746650265385 21.853722173340465 10
1746650426255 18.541077623561936 11
1746650585859 15.713025229317802 12
1746650743724 13.005695265166613 13
1746650882693 10.991519859858922 14
1746651019886 9.169796646857748 15
1746651158620 7.686530512206408 16
1746651318716 6.5222435873381945 17
1746651458185 5.743369662031835 18
1746651594227 4.912027349277419 19
1746651729389 4.2873533501917 20
1746651873550 3.8725681645529613 21
1746652033908 3.4289574939377454 22
1746652192315 3.166301335607256 23
1746652339470 2.9640090416888802 24
1746652475555 2.8675781099163755 25
1746652607443 2.731280913158339 26
1746652752549 2.619828238779185 27
1746652894500 2.4207449640546526 28
1746653037015 2.3190562457454447 29
