1746648666241 0.0 0
1746648825250 0.0008952551477170191 1
1746648986459 0.3607878245299587 2
1746649145991 0.6266786034019134 3
1746649306513 0.7627573858549004 4
1746649466255 0.8030438675021662 5
1746649629483 0.8066248880930343 6
1746649789176 0.837063563115413 7
1746649952011 0.838854073410847 8
1746650112590 0.8334825425245449 9
1746650269981 0.8272157564905257 10
1746650431150 0.83795881826313 11
1746650590852 0.8191584601610725 12
1746650747791 0.8254252461950917 13
1746650886071 0.8361683079676959 14
1746651023647 0.8290062667859598 15
1746651163380 0.8299015219336768 16
1746651323432 0.8236347358996576 17
1746651462492 0.842435094001715 18
1746651597577 0.8281110116382427 19
1746651733056 0.8307967770813938 20
1746651878732 0.8245299910473747 21
1746652038609 0.8343777976722618 22
1746652197227 0.8325872873768279 23
1746652342687 0.8352730528199789 24
1746652478963 0.8352730528199789 25
1746652610798 0.8325872873768279 26
1746652757176 0.8316920322291108 27
1746652898324 0.837063563115413 28
1746653040792 0.8299015219336768 29
