1745574924323 0.6017296312653894 0
1745575048857 0.7673611110610905 1
1745575206146 0.7929670329169795 2
1745575276098 0.7824620572856851 3
1745575434732 0.7740585773560059 4
1745575622091 0.7966768692109979 5
1745575691957 0.8057366361950832 6
1745575848467 0.7919863597113423 7
1745576146916 0.7981018118568131 8
1745576485665 0.7894963408884471 9
1745576555064 0.7411971830485403 10
1745576624629 0.75156950667639 11
1745576693723 0.7286495582168424 12
1745576761960 0.7311178247234148 13
1745576831095 0.7596968345464556 14
1745576900459 0.7525453740092578 15
1745576969464 0.7569721115037239 16
1745577040549 0.7612672913377058 17
1745577198874 0.7596281540004035 18
1745577410285 0.7624555159641689 19
1745577734628 0.7652561246715366 20
1745577803704 0.7568523430091804 21
1745577872641 0.7613132208904865 22
1745577941195 0.7578574590026171 23
