1745574684766 4e-05 0
1745574987374 4e-05 1
1745575112137 4e-05 2
1745575269744 8e-05 3
1745575340429 8e-05 4
1745575497983 8e-05 5
1745575685436 8e-05 6
1745575787681 8e-05 7
1745575911547 8e-05 8
1745576209295 8e-05 9
1745576548840 8e-05 10
1745576618512 8e-05 11
1745576687777 8e-05 12
1745576756366 2.8e-05 13
1745576825730 2.8e-05 14
1745576894454 1.96e-05 15
1745576963748 1.96e-05 16
1745577032873 1.3719999999999997e-05 17
1745577103762 1.3719999999999997e-05 18
1745577261489 9.603999999999998e-06 19
1745577473801 9.603999999999998e-06 20
1745577797203 6.7227999999999986e-06 21
1745577866657 6.7227999999999986e-06 22
1745577935486 4.705959999999999e-06 23
1745578004360 4.705959999999999e-06 24
