1745574924323 0.6120370370369803 0
1745575048857 0.7447346251052447 1
1745575206146 0.7789291882555458 2
1745575276098 0.7394422310756382 3
1745575434732 0.7266300078554024 4
1745575622091 0.778632478632412 5
1745575691957 0.7829391891891231 6
1745575848467 0.7558991049633234 7
1745576146916 0.7701915070773713 8
1745576485665 0.7603648424543317 9
1745576555064 0.7290043290042658 10
1745576624629 0.7529200359388362 11
1745576693723 0.6873015873015327 12
1745576761960 0.7058333333332745 13
1745576831095 0.7566607460034852 14
1745576900459 0.7443082311733148 15
1745576969464 0.748686514886099 16
1745577040549 0.7588967971529573 17
1745577198874 0.7513134851137696 18
1745577410285 0.757736516357139 19
1745577734628 0.7615248226949679 20
1745577803704 0.7475982532750438 21
1745577872641 0.7546174142479547 22
1745577941195 0.7495621716286559 23
