1745574924323 0.5917636526409497 0
1745575048857 0.7914055505818449 1
1745575206146 0.8075201432407513 2
1745575276098 0.8307967770813938 3
1745575434732 0.8281110116382427 4
1745575622091 0.8155774395702045 5
1745575691957 0.8299015219336768 6
1745575848467 0.8316920322291108 7
1745576146916 0.8281110116382427 8
1745576485665 0.8209489704565066 9
1745576555064 0.7538048343777302 10
1745576624629 0.7502238137868621 11
1745576693723 0.7752909579229387 12
1745576761960 0.7582811101163153 13
1745576831095 0.7627573858549004 14
1745576900459 0.7609668755594663 15
1745576969464 0.7654431512980514 16
1745577040549 0.7636526410026173 17
1745577198874 0.7681289167412024 18
1745577410285 0.7672336615934855 19
1745577734628 0.7690241718889195 20
1745577803704 0.7663384064457684 21
1745577872641 0.7681289167412024 22
1745577941195 0.7663384064457684 23
