1744985977932 0.7522102555859187 0
1744986039656 0.7522102555859187 1
1744986086766 0.6944221186304452 2
1744986148558 0.7164443015592349 3
1744986212038 0.716765793280823 4
1744986275240 0.6982800192895033 5
1744986339657 0.7165246744896319 6
1744986402680 0.7162835556984407 7
1744986465337 0.7164443015592349 8
1744986528825 0.716605047420029 9
1744986589608 0.7163639286288378 10
1744986651547 0.7141134865777207 11
1744986711794 0.7144349782993088 12
1744986773585 0.7144349782993088 13
1744986835363 0.7143546053689117 14
1744986898324 0.7149975888120881 15
1744986961786 0.714836842951294 16
1744987024752 0.7147564700208969 17
1744987087561 0.7146760970905 18
1744987148945 0.7144349782993088 19
