1744985977932 0.035573648361004684 0
1744986039656 0.035573648361004684 1
1744986086766 0.04957094528489165 2
1744986148558 0.0823920676590151 3
1744986212038 0.13785785764815547 4
1744986275240 0.1705298000930354 5
1744986339657 0.17413443753650135 6
1744986402680 0.17918623173108594 7
1744986465337 0.1784860438466779 8
1744986528825 0.18335540140074189 9
1744986589608 0.1840452711710002 10
1744986651547 0.18559949757897634 11
1744986711794 0.18556261172575567 12
1744986773585 0.18568028787850105 13
1744986835363 0.18555881071620756 14
1744986898324 0.18544604743294618 15
1744986961786 0.18543844541384988 16
1744987024752 0.18557781576394825 17
1744987087561 0.18557401475440008 18
1744987148945 0.18556261172575567 19
