1744985977932 0.030663731021512774 0
1744986039656 0.030663731021512774 1
1744986086766 0.04689731814844328 2
1744986148558 0.06990565662575177 3
1744986212038 0.13341136763402492 4
1744986275240 0.15871853518300824 5
1744986339657 0.17347915360839036 6
1744986402680 0.17561344347081223 7
1744986465337 0.17590545062718282 8
1744986528825 0.17880814004011578 9
1744986589608 0.18108864783125572 10
1744986651547 0.18030942379838075 11
1744986711794 0.18040409836847518 12
1744986773585 0.18045812405548256 13
1744986835363 0.18153883897853573 14
1744986898324 0.1814736938375645 15
1744986961786 0.18145529389945883 16
1744987024752 0.18146645103845246 17
1744987087561 0.18138377329782499 18
1744987148945 0.18043420251226333 19
