1744985976931 441.2210939847506 0
1744986038709 374.48748544546277 1
1744986085728 293.9150995107797 2
1744986147506 222.1539306640625 3
1744986210896 162.86290623591498 4
1744986274185 113.55582516009991 5
1744986338596 88.33537732637845 6
1744986400812 82.46421373807468 7
1744986464460 78.9278191786546 8
1744986527681 75.42701193002554 9
1744986588555 72.14392970158504 10
1744986650510 70.10578346252441 11
1744986710716 69.78421445993277 12
1744986772537 69.54898306039664 13
1744986834322 69.41230333768405 14
1744986897292 68.6604473407452 15
1744986960696 68.75836181640625 16
1744987023696 68.5752704326923 17
1744987086514 68.46293449401855 18
1744987147806 68.69834797198956 19
