1744985976931 0.0001 0
1744986038709 0.0001 1
1744986085728 0.0001 2
1744986147506 0.0001 3
1744986210896 0.0001 4
1744986274185 0.0001 5
1744986338596 1e-05 6
1744986400812 1e-05 7
1744986464460 1e-05 8
1744986527681 1e-05 9
1744986588555 1e-05 10
1744986650510 1.0000000000000002e-06 11
1744986710716 1.0000000000000002e-06 12
1744986772537 1.0000000000000002e-06 13
1744986834322 1.0000000000000002e-06 14
1744986897292 1.0000000000000002e-06 15
1744986960696 1.0000000000000002e-07 16
1744987023696 1.0000000000000002e-07 17
1744987086514 1.0000000000000002e-07 18
1744987147806 1.0000000000000002e-07 19
