1744985977932 0.0 0
1744986039656 0.0 1
1744986086766 0.044588960795793546 2
1744986148558 0.041236521379143735 3
1744986212038 0.14065466134071491 4
1744986275240 0.19353174599240142 5
1744986339657 0.22290887726825656 6
1744986402680 0.2436792475619202 7
1744986465337 0.2517920469355764 8
1744986528825 0.22797098366377966 9
1744986589608 0.2681327249237964 10
1744986651547 0.2689967456718561 11
1744986711794 0.26914454344322014 12
1744986773585 0.2692415703772766 13
1744986835363 0.26852360817316206 14
1744986898324 0.2672071566477627 15
1744986961786 0.2672071566477627 16
1744987024752 0.2672002207968805 17
1744987087561 0.2672002207968805 18
1744987148945 0.2672002207968805 19
