1746610781433 0.0 0
1746610901612 0.0 1
1746611020013 0.28278688524578577 2
1746611149434 0.41496598639450133 3
1746611407022 0.6517027863776585 4
1746611661337 0.6664122137404072 5
1746611912528 0.7786596119928766 6
1746612171443 0.79646017699108 7
1746612427170 0.7631578947367793 8
1746612683796 0.7655618431688952 9
1746612931460 0.7553784860557167 10
1746613185050 0.7698607698607067 11
1746613438616 0.772425249169371 12
1746613692422 0.7920962199312034 13
1746613946595 0.7786131996657661 14
1746614197908 0.77952105697764 15
1746614453537 0.7972858354537067 16
1746614712611 0.769039735099274 17
1746614966678 0.7710743801652254 18
1746615222935 0.7852965747701933 19
1746615478397 0.7847571189279074 20
1746615731706 0.7749381698268116 21
1746615984117 0.7873949579831271 22
1746616237160 0.7881567973310435 23
1746616490753 0.7900923593618144 24
1746616743023 0.7761194029850103 25
1746616995309 0.7841004184099762 26
1746617241843 0.7842149454239475 27
1746617487801 0.7788944723617438 28
1746617735426 0.7832635983262942 29
