1746199239082 638.9232788085938 0
1746199348219 314.2396774291992 1
1746199455777 238.0691104811065 2
1746199563227 194.45428731490153 3
1746199804537 109.15413766977738 4
1746200042976 61.19081882554658 5
1746200283469 45.933769459627115 6
1746200520880 33.51371967549227 7
1746200758496 29.936760629926408 8
1746200993482 23.94835650191015 9
1746201228931 16.732662473406112 10
1746201465599 12.534647620454127 11
1746201700758 9.131385370176666 12
1746201935632 7.183443137577602 13
1746202173446 6.4181364604405 14
1746202408658 5.8556380515195885 15
1746202644213 4.106573790920024 16
1746202877472 3.4014680117976908 17
1746203110871 2.1667422640080356 18
1746203344190 1.5405476604189192 19
1746203579956 0.9521858412392286 20
1746203814698 0.6446701117924282 21
1746204048064 0.6301428912853708 22
1746204281074 0.6188732294403777 23
1746204514541 0.4644495038961878 24
1746204748688 0.36435328180692633 25
1746204983310 0.27904515546195363 26
1746205216630 0.30372184667052055 27
1746205449918 0.23844783373025 28
1746205683024 0.22096532096668164 29
