1746199242629 0.0 0
1746199351500 0.017595080356910913 1
1746199459216 0.09650838952398634 2
1746199566580 0.19751298574740467 3
1746199808244 0.591757884807689 4
1746200046373 0.6677615834585217 5
1746200287159 0.6967288745310593 6
1746200524454 0.710015004163564 7
1746200761984 0.684334843079009 8
1746200996825 0.7020826785208397 9
1746201232234 0.7097672098217778 10
1746201468925 0.7019619929384155 11
1746201704106 0.7052054969870429 12
1746201939295 0.7189184602529048 13
1746202176845 0.7114064631471231 14
1746202411975 0.7112420325860747 15
1746202647537 0.7078756063161399 16
1746202880909 0.7294362232658653 17
1746203114135 0.7201457357298864 18
1746203347426 0.7405872850951829 19
1746203583297 0.7336114778631813 20
1746203817926 0.7297766301759696 21
1746204051358 0.7266119477947258 22
1746204284508 0.7288586714413786 23
1746204517876 0.7308078394670929 24
1746204752345 0.7341613217240052 25
1746204986590 0.7342375960156584 26
1746205219857 0.7244094667227998 27
1746205453325 0.7359343885575563 28
1746205686312 0.7240199218403494 29
