1746199242629 0.0 0
1746199351500 0.03506787330268277 1
1746199459216 0.08560947926766391 2
1746199566580 0.2455294730438366 3
1746199808244 0.5340104802698599 4
1746200046373 0.6574721304545486 5
1746200287159 0.6426627888650646 6
1746200524454 0.6946138954568396 7
1746200761984 0.6531310007628611 8
1746200996825 0.6905088586907948 9
1746201232234 0.67356302485532 10
1746201468925 0.6746713700171062 11
1746201704106 0.6889638281650435 12
1746201939295 0.6969127975203607 13
1746202176845 0.6924623756566839 14
1746202411975 0.6863845338977649 15
1746202647537 0.6698338078093002 16
1746202880909 0.72396039733641 17
1746203114135 0.6962176987073971 18
1746203347426 0.7220745548651291 19
1746203583297 0.7238418111895432 20
1746203817926 0.7043735019606098 21
1746204051358 0.7046045681353102 22
1746204284508 0.7160293209790768 23
1746204517876 0.7123205817085301 24
1746204752345 0.7139717802066656 25
1746204986590 0.7234092796464816 26
1746205219857 0.6998523350585371 27
1746205453325 0.722038279456449 28
1746205686312 0.7044825392504701 29
