1744634270997 0.027973005411679627 0
1744634303141 0.027973005411679627 1
1744634336193 0.03541766427047689 2
1744634370542 0.027973005411679627 3
1744634404211 0.027973005411679627 4
1744634437434 0.027973005411679627 5
1744634470184 0.027973005411679627 6
1744634502954 0.027973005411679627 7
1744634536333 0.027973005411679627 8
1744634570646 0.027973005411679627 9
1744634604182 0.027973005411679627 10
1744634637513 0.027973005411679627 11
1744634670832 0.027973005411679627 12
1744634704122 0.027973005411679627 13
1744634737421 0.027973005411679627 14
1744634770781 0.027973005411679627 15
