1745701771683 1.2046096629025984 0
1745701886691 0.5143165345094642 1
1745701981107 0.33444272954853216 2
1745702045630 0.264473489808793 3
1745702114776 0.19679602843766308 4
1745702179999 0.1515601367822715 5
1745702244399 0.12011372450054908 6
1745702308102 0.09608264875655272 7
1745702373051 0.07953358107075399 8
1745702437366 0.06588579406391601 9
1745702501586 0.05565207531409604 10
1745702566426 0.048078425494687896 11
1745702630553 0.04329469697359873 12
1745702695329 0.033375612678652515 13
1745702759292 0.028523735369422605 14
1745702823484 0.022961240546891883 15
1745702888210 0.02016198161837398 16
1745702952645 0.016147494762755777 17
1745703017448 0.014322491738070943 18
1745703083285 0.012100705872194804 19
1745703147439 0.009919433752359937 20
1745703211648 0.008848867191438924 21
1745703276131 0.007990894459035933 22
1745703340368 0.006832155878940711 23
1745703404738 0.006589049927187057 24
1745703469027 0.0058739809960849125 25
1745703533911 0.005504095209382323 26
1745703598203 0.005179911706957738 27
1745703662407 0.004878747368430985 28
1745703727007 0.0045503249489322155 29
