1745701772598 0.12915421248742126 0
1745701887624 0.4381367370275925 1
1745701982028 0.5419195616705677 2
1745702048491 0.710046191386912 3
1745702115682 0.7209959226483436 4
1745702180930 0.6831578237910751 5
1745702245317 0.6796760857414981 6
1745702309008 0.73534261803586 7
1745702373973 0.7096639393948574 8
1745702438294 0.7062397204478013 9
1745702502509 0.704994433500975 10
1745702567342 0.6789834700407117 11
1745702631463 0.7114324918002056 12
1745702696227 0.6930126214959103 13
1745702760216 0.6999318221544097 14
1745702824495 0.7096918819395123 15
1745702889124 0.6817104868174254 16
1745702953540 0.7184986617871207 17
1745703018625 0.7539326858850903 18
1745703084206 0.7136744547226195 19
1745703148372 0.7191658976484052 20
1745703212795 0.7259799861075152 21
1745703277027 0.7071994308585231 22
1745703341261 0.7261859727274599 23
1745703405637 0.7321776545527888 24
1745703470372 0.7134953398053603 25
1745703534807 0.7079918144580394 26
1745703599098 0.7107952406544498 27
1745703663314 0.7087836850212755 28
1745703728173 0.7092215164442226 29
