1745701772598 0.33213965980301413 0
1745701887624 0.7206803939122004 1
1745701982028 0.7717099373320705 2
1745702048491 0.8111011638316193 3
1745702115682 0.8182632050133556 4
1745702180930 0.8352730528199789 5
1745702245317 0.8325872873768279 6
1745702309008 0.8290062667859598 7
1745702373973 0.8585496866606214 8
1745702438294 0.840644583706281 9
1745702502509 0.8522829006266023 10
1745702567342 0.8182632050133556 11
1745702631463 0.8218442256042237 12
1745702696227 0.8451208594448661 13
1745702760216 0.8290062667859598 14
1745702824495 0.8352730528199789 15
1745702889124 0.838854073410847 16
1745702953540 0.8361683079676959 17
1745703018625 0.837063563115413 18
1745703084206 0.840644583706281 19
1745703148372 0.8352730528199789 20
1745703212795 0.839749328558564 21
1745703277027 0.83795881826313 22
1745703341261 0.837063563115413 23
1745703405637 0.8352730528199789 24
1745703470372 0.8415398388539981 25
1745703534807 0.838854073410847 26
1745703599098 0.8451208594448661 27
1745703663314 0.838854073410847 28
1745703728173 0.837063563115413 29
