1745738769268 0.9372246563434601 0
1745738836295 0.4058598515634634 1
1745738901477 0.26901088609379165 2
1745738967562 0.21599755884737384 3
1745739032346 0.15847790028367723 4
1745739097413 0.12457280689660384 5
1745739161621 0.09900887420743096 6
1745739225557 0.0796081188457961 7
1745739292366 0.0613386439045473 8
1745739358441 0.04997312277555466 9
1745739422922 0.0413445897818524 10
1745739487739 0.03767053944495868 11
1745739553017 0.031394375326606085 12
1745739618268 0.026537869420206667 13
1745739683574 0.023163265463116825 14
1745739748353 0.018327593133423706 15
1745739812628 0.015927061414802258 16
1745739876927 0.012191782553433155 17
1745739941807 0.010544895978492438 18
1745740006251 0.009363062831820274 19
1745740071886 0.0075054331611347745 20
1745740136097 0.006727850893797467 21
1745740201769 0.006044534355763118 22
1745740266584 0.005107121736913615 23
1745740330739 0.004731924661520717 24
1745740396400 0.004406275788360104 25
1745740460611 0.004314894195199393 26
1745740524754 0.0039522486277950965 27
1745740589733 0.0037231430665551858 28
1745740654215 0.0034789657125211494 29
