1745738771840 0.12097970893228635 0
1745738838771 0.4143021067659432 1
1745738903732 0.4971099530739152 2
1745738969222 0.5580766494625625 3
1745739033788 0.6078475394643497 4
1745739098844 0.6198603096147182 5
1745739163052 0.596345639253171 6
1745739228033 0.6096957739162114 7
1745739294772 0.6292387664882658 8
1745739360041 0.6135953166733749 9
1745739425046 0.5920796649688512 10
1745739490381 0.6372339705731922 11
1745739555730 0.586600365693887 12
1745739620645 0.6262968803659987 13
1745739685669 0.6046967336826118 14
1745739749802 0.6053069900293147 15
1745739814183 0.622575397849617 16
1745739879235 0.6234753408471353 17
1745739943368 0.6223820383435512 18
1745740009045 0.6162495494711544 19
1745740073359 0.6151307826530182 20
1745740139045 0.6100910929011815 21
1745740203695 0.6104798155818112 22
1745740268020 0.6152383996766413 23
1745740332894 0.598702653241599 24
1745740397838 0.6067975517634479 25
1745740462117 0.6071174170187388 26
1745740527019 0.6178224382207365 27
1745740591572 0.6169260957488137 28
1745740655684 0.6146386045054766 29
