1745738771840 0.38132295715132464 0
1745738838771 0.6243523315562264 1
1745738903732 0.6804214222502223 2
1745738969222 0.7047954244990068 3
1745739033788 0.7162340518637219 4
1745739098844 0.7248146532425995 5
1745739163052 0.7012658227349156 6
1745739228033 0.7318999560710611 7
1745739294772 0.7240204428802094 8
1745739360041 0.724525043127893 9
1745739425046 0.7064760302276681 10
1745739490381 0.731877729207608 11
1745739555730 0.7056295659147807 12
1745739620645 0.7211961301170584 13
1745739685669 0.7167028199066012 14
1745739749802 0.7129310344327656 15
1745739814183 0.7291576673366071 16
1745739879235 0.7232375978612029 17
1745739943368 0.7247507585108888 18
1745740009045 0.7204808930371832 19
1745740073359 0.7229437228937146 20
1745740139045 0.7241977449629954 21
1745740203695 0.7198275861569032 22
1745740268020 0.7233304422743572 23
1745740332894 0.7145313843008335 24
1745740397838 0.7176622259921326 25
1745740462117 0.7166882276343521 26
1745740527019 0.7223906452509863 27
1745740591572 0.718346253179984 28
1745740655684 0.7171587504849095 29
