1745738771840 0.5029325513195744 0
1745738838771 0.6030025020850206 1
1745738903732 0.667527993109331 2
1745738969222 0.6929065743944037 3
1745739033788 0.7041522491348872 4
1745739098844 0.7066326530611644 5
1745739163052 0.6632083000797555 6
1745739228033 0.7177280550773909 7
1745739294772 0.6904955320876774 8
1745739360041 0.6997497914928523 9
1745739425046 0.6661379857255617 10
1745739490381 0.7144075021312264 11
1745739555730 0.6785123966941587 12
1745739620645 0.7087294727743553 13
1745739685669 0.6952861952861368 14
1745739749802 0.6874480465502337 15
1745739814183 0.7045075125208092 16
1745739879235 0.7036409822183993 17
1745739943368 0.7025210084033023 18
1745740009045 0.6922442244223851 19
1745740073359 0.6999161777032104 20
1745740139045 0.7022708158115473 21
1745740203695 0.694098088112993 22
1745740268020 0.7014297729183598 23
1745740332894 0.6873449131513079 24
1745740397838 0.6900826446280421 25
1745740462117 0.6913477537437028 26
1745740527019 0.6996644295301426 27
1745740591572 0.6921161825725567 28
1745740655684 0.6868852459015831 29
