1746630925654 2e-05 0
1746631126637 4e-05 1
1746631329280 6.000000000000001e-05 2
1746631525580 8e-05 3
1746631721934 8e-05 4
1746631918829 8e-05 5
1746632119957 8e-05 6
1746632315926 8e-05 7
1746632513498 8e-05 8
1746632709929 8e-05 9
1746632911753 8e-05 10
1746633108624 8e-05 11
1746633310565 8e-05 12
1746633508319 8e-05 13
1746633704576 8e-05 14
1746633900880 6.400000000000001e-05 15
1746634099000 6.400000000000001e-05 16
1746634296163 5.120000000000001e-05 17
1746634493291 5.120000000000001e-05 18
1746634690645 4.0960000000000014e-05 19
1746634889217 4.0960000000000014e-05 20
1746635086421 3.276800000000001e-05 21
1746635283518 3.276800000000001e-05 22
1746635481332 2.6214400000000008e-05 23
1746635678638 2.6214400000000008e-05 24
1746635875391 2.097152000000001e-05 25
1746636071687 2.097152000000001e-05 26
1746636267858 1.6777216000000006e-05 27
1746636465386 1.6777216000000006e-05 28
1746636663191 1.3421772800000009e-05 29
