1746630929430 0.5965121935205056 0
1746631131423 0.7465620057055337 1
1746631332886 0.7526070189685221 2
1746631529611 0.7320645000361053 3
1746631725759 0.7654674786014747 4
1746631922575 0.8023737138434514 5
1746632123533 0.7949255037560926 6
1746632320158 0.72772754506163 7
1746632517234 0.7645704674777581 8
1746632713701 0.7887062828181228 9
1746632915525 0.7788023246829291 10
1746633112448 0.7993262712714627 11
1746633314229 0.7088199376753507 12
1746633512015 0.7174982921311226 13
1746633708287 0.7578404116416826 14
1746633904738 0.7232557976262914 15
1746634102638 0.7352661112193849 16
1746634300129 0.7796445939578709 17
1746634497308 0.7532826588140134 18
1746634694843 0.7572341923864474 19
1746634893167 0.758380081252179 20
1746635090377 0.7636793107758595 21
1746635287200 0.7510203053655746 22
1746635485064 0.7663570354129607 23
1746635682258 0.7547269601305798 24
1746635879085 0.7526543383121496 25
1746636075255 0.7519049627243268 26
1746636271513 0.7541278420513174 27
1746636469302 0.7580877376988895 28
1746636666929 0.7558759640806608 29
