1746198773156 2e-05 0
1746198858717 4e-05 1
1746198931375 6.000000000000001e-05 2
1746198984262 8e-05 3
1746199081365 8e-05 4
1746199205714 8e-05 5
1746199330192 8e-05 6
1746199455667 8e-05 7
1746199574455 8e-05 8
1746199688740 8e-05 9
1746199804990 8e-05 10
1746199923366 8e-05 11
1746200022936 8e-05 12
1746200122567 8e-05 13
1746200224944 8e-05 14
1746200321722 6.400000000000001e-05 15
1746200414636 6.400000000000001e-05 16
1746200509975 5.120000000000001e-05 17
1746200602787 5.120000000000001e-05 18
1746200729250 4.0960000000000014e-05 19
1746200856247 4.0960000000000014e-05 20
1746200982474 3.276800000000001e-05 21
1746201087847 3.276800000000001e-05 22
1746201183168 2.6214400000000008e-05 23
1746201276956 2.6214400000000008e-05 24
1746201369582 2.097152000000001e-05 25
1746201467862 2.097152000000001e-05 26
1746201583569 1.6777216000000006e-05 27
1746201698536 1.6777216000000006e-05 28
1746201811983 1.3421772800000009e-05 29
