1746198776364 0.0 0
1746198861223 0.0 1
1746198933161 0.473154362416028 2
1746198987242 0.39515279241302476 3
1746199083614 0.7283236994219051 4
1746199208071 0.7844364937387491 5
1746199333541 0.7399527186760646 6
1746199458621 0.7342166796569966 7
1746199577036 0.7329635499207026 8
1746199690823 0.7689768976897055 9
1746199807317 0.7569786535303155 10
1746199925343 0.745585874799298 11
1746200026015 0.7769423558896593 12
1746200124426 0.7560386473429342 13
1746200228210 0.7282608695651608 14
1746200323541 0.7702479338842338 15
1746200417295 0.7740303541314693 16
1746200511783 0.7516286644950527 17
1746200605808 0.7640816326529988 18
1746200732424 0.7629204265791006 19
1746200858592 0.7595141700404243 20
1746200984881 0.7542304593069497 21
1746201091107 0.7787979966610368 22
1746201185242 0.7774999999999351 23
1746201278742 0.7658175842234375 24
1746201371435 0.7728026533996042 25
1746201470549 0.7706270627062071 26
1746201585563 0.7753922378199194 27
1746201701345 0.7668308702790831 28
1746201813877 0.7748123436196184 29
