1746198776364 0.0 0
1746198861223 0.0 1
1746198933161 0.12674130978996984 2
1746198987242 0.17724169016436828 3
1746199083614 0.6618301740786745 4
1746199208071 0.7002145763088344 5
1746199333541 0.7824985789012258 6
1746199458621 0.7970976703198331 7
1746199577036 0.7766183233269601 8
1746199690823 0.7779871954917709 9
1746199807317 0.7870495945363412 10
1746199925343 0.7863051411691205 11
1746200026015 0.7765299719896365 12
1746200124426 0.7878186244222601 13
1746200228210 0.786845309836602 14
1746200323541 0.7513220123147935 15
1746200417295 0.7639858560900042 16
1746200511783 0.769240742859025 17
1746200605808 0.78129574954182 18
1746200732424 0.7761473310174166 19
1746200858592 0.7857698672045641 20
1746200984881 0.7819929857601196 21
1746201091107 0.7760618818242732 22
1746201185242 0.7803403688706851 23
1746201278742 0.7823581572409609 24
1746201371435 0.7793144067066863 25
1746201470549 0.7796515024636308 26
1746201585563 0.7809692111347271 27
1746201701345 0.7829514900438812 28
1746201813877 0.781084800241599 29
