1746778325678 0.43074091113269647 0
1746778386884 0.7189979122674937 1
1746778448850 0.7408284023175103 2
1746778510750 0.7868284228269329 3
1746778574371 0.7819548871682029 4
1746778637977 0.8020743301142083 5
1746778699581 0.799304952165439 6
1746778760498 0.8025695930977763 7
1746778822167 0.8025917926065793 8
1746778884517 0.7898520084067462 9
1746778948086 0.7951198989825079 10
1746779009727 0.7935258092237971 11
1746779070767 0.776470588185417 12
1746779131875 0.7716666666168416 13
1746779194141 0.7906581740477293 14
1746779255977 0.8024003428561507 15
1746779317156 0.7986348122367314 16
1746779379121 0.7989712815616803 17
1746779440156 0.8037947390616839 18
1746779502038 0.7892030847829289 19
1746779563082 0.7999999999500161 20
1746779624116 0.7987936233881747 21
1746779685201 0.7933532168226516 22
1746779746201 0.8010291594697452 23
1746779807185 0.7903430749183116 24
1746779868227 0.8011996571908115 25
1746779929271 0.8050043140138443 26
1746779991029 0.7960666951189083 27
1746780052413 0.7955517535856168 28
1746780113523 0.7977672820453344 29
