1746778325678 0.4431818181817762 0
1746778386884 0.6737089201877406 1
1746778448850 0.6622002820874003 2
1746778510750 0.762384550797585 3
1746778574371 0.7329678935003341 4
1746778637977 0.7752715121135526 5
1746778699581 0.7763713080168121 6
1746778760498 0.7692939244662751 7
1746778822167 0.7754590984974311 8
1746778884517 0.748397435897376 9
1746778948086 0.7499999999999405 10
1746779009727 0.7758768177929191 11
1746779070767 0.7315914489310584 12
1746779131875 0.721745908028003 13
1746779194141 0.7520193861065628 14
1746779255977 0.7697368421051999 15
1746779317156 0.7628361858190087 16
1746779379121 0.7664473684209896 17
1746779440156 0.7753743760398689 18
1746779502038 0.7567789646671522 19
1746779563082 0.7683429513602005 20
1746779624116 0.7699335548172118 21
1746779685201 0.7569105691056295 22
1746779746201 0.7687242798353277 23
1746779807185 0.7499999999999397 24
1746779868227 0.7682826622842425 25
1746779929271 0.7768526228142567 26
1746779991029 0.761865793780625 27
1746780052413 0.7616707616706992 28
1746780113523 0.7665016501649532 29
