1746778325678 0.418979409131565 0
1746778386884 0.7708146821843536 1
1746778448850 0.840644583706281 2
1746778510750 0.8128916741270534 3
1746778574371 0.83795881826313 4
1746778637977 0.8307967770813938 5
1746778699581 0.8236347358996576 6
1746778760498 0.838854073410847 7
1746778822167 0.8316920322291108 8
1746778884517 0.8361683079676959 9
1746778948086 0.8460161145925831 10
1746779009727 0.8119964189793364 11
1746779070767 0.8272157564905257 12
1746779131875 0.8290062667859598 13
1746779194141 0.8334825425245449 14
1746779255977 0.83795881826313 15
1746779317156 0.83795881826313 16
1746779379121 0.8343777976722618 17
1746779440156 0.8343777976722618 18
1746779502038 0.8245299910473747 19
1746779563082 0.8343777976722618 20
1746779624116 0.8299015219336768 21
1746779685201 0.8334825425245449 22
1746779746201 0.8361683079676959 23
1746779807185 0.8352730528199789 24
1746779868227 0.837063563115413 25
1746779929271 0.8352730528199789 26
1746779991029 0.8334825425245449 27
1746780052413 0.8325872873768279 28
1746780113523 0.8316920322291108 29
