1746724545901 0.7111303594129621 0
1746724753879 0.7855644145535705 1
1746724960028 0.8650042991761432 2
1746725167657 0.894551845292645 3
1746725376182 0.9109856708140561 4
1746725583551 0.9307792772681976 5
1746725791496 0.9528469750388852 6
1746725998478 0.960352422857417 7
1746726206645 0.9663418954326481 8
1746726417492 0.9701292910778679 9
1746726624944 0.972086840889219 10
1746726834752 0.972900932868619 11
1746727040757 0.9729969012336738 12
1746727253322 0.9764758099809866 13
1746727461730 0.9791389258265255 14
1746727672204 0.9769503545598471 15
1746727877376 0.9808803912349304 16
1746728084625 0.9906208128127969 17
1746728292190 0.9866548042203767 18
1746728496623 0.9892952720284137 19
