1746724545901 0.6887583892616872 0
1746724753879 0.7393364928909368 1
1746724960028 0.8320926385441826 2
1746725167657 0.8783433994822365 3
1746725376182 0.8844856661044785 4
1746725583551 0.9059322033897537 5
1746725791496 0.9469496021219321 6
1746725998478 0.9453599306157029 7
1746726206645 0.9561787905345349 8
1746726417492 0.966252220248582 9
1746726624944 0.9622807017543015 10
1746726834752 0.9656084656083804 11
1746727040757 0.9623467600699682 12
1746727253322 0.9683098591548444 13
1746727461730 0.9709507042252666 14
1746727672204 0.9675153643546122 15
1746727877376 0.97438162544161 16
1746728084625 0.9884135472369885 17
1746728292190 0.9805481874446524 18
1746728496623 0.9857777777776902 19
