1746724545901 0.7350044762756728 0
1746724753879 0.83795881826313 1
1746724960028 0.9006266786033214 2
1746725167657 0.9113697403759256 3
1746725376182 0.9391226499551532 4
1746725583551 0.9570277529094935 5
1746725791496 0.9588182632049276 6
1746725998478 0.9758281110115509 7
1746726206645 0.9767233661592679 8
1746726417492 0.9740376007161169 9
1746726624944 0.9820948970455701 10
1746726834752 0.980304386750136 11
1746727040757 0.983885407341004 12
1746727253322 0.9847806624887211 13
1746727461730 0.9874664279318721 14
1746727672204 0.9865711727841552 15
1746727877376 0.9874664279318721 16
1746728084625 0.9928379588181743 17
1746728292190 0.9928379588181743 18
1746728496623 0.9928379588181743 19
