1746724545901 0.6048843674374775 0
1746724753879 0.783409136468921 1
1746724960028 0.8763550783873885 2
1746725167657 0.8931552205532003 3
1746725376182 0.9372038798870351 4
1746725583551 0.9547525352391314 5
1746725791496 0.9527764217840665 6
1746725998478 0.9808835370289068 7
1746726206645 0.9811702225810008 8
1746726417492 0.9751970263759968 9
1746726624944 0.9772114090694397 10
1746726834752 0.9769305341939116 11
1746727040757 0.9870375736531424 12
1746727253322 0.9887670572955283 13
1746727461730 0.9872796261379428 14
1746727672204 0.985093633657359 15
1746727877376 0.9887614444117726 16
1746728084625 0.9956740334197836 17
1746728292190 0.9930279938344404 18
1746728496623 0.9930279938344404 19
