1746610730218 0.0 0
1746610867278 0.0 1
1746611003877 0.06347348303852193 2
1746611141515 0.13712610245320583 3
1746611398026 0.4980008339926295 4
1746611653380 0.5978157216824487 5
1746611909904 0.7111621193408634 6
1746612176424 0.7104558809523571 7
1746612482506 0.6947992877746488 8
1746612785828 0.6813729248940323 9
1746613087331 0.659325995461878 10
1746613385444 0.6710147875742384 11
1746613682288 0.6890880238043299 12
1746613986806 0.6984257058306949 13
1746614294581 0.6878238684606826 14
1746614596287 0.6579756742626022 15
1746614897684 0.6941599986206579 16
1746615201701 0.6779367936102021 17
1746615506290 0.690248292706849 18
1746615811262 0.70726083963614 19
1746616121926 0.6880655424534277 20
1746616426643 0.6971774883374457 21
1746616735066 0.6891098684779672 22
1746617041328 0.7013787960272401 23
1746617344509 0.6909584375594291 24
1746617642538 0.6941446401356903 25
1746617943437 0.7125934186136025 26
1746618246816 0.692364069867568 27
1746618549529 0.7051180238264207 28
1746618849775 0.7053057928171251 29
