1746610730218 0.0 0
1746610867278 0.0 1
1746611003877 0.4153846153842959 2
1746611141515 0.4905385735079344 3
1746611398026 0.7094926350244918 4
1746611653380 0.7799657534245907 5
1746611909904 0.7751277683133923 6
1746612176424 0.7895637296834226 7
1746612482506 0.7763923524521382 8
1746612785828 0.7721311475409203 9
1746613087331 0.7420886075948779 10
1746613385444 0.739299610894884 11
1746613682288 0.7676518883414805 12
1746613986806 0.7608517608516985 13
1746614294581 0.7715231788078831 14
1746614596287 0.749999999999939 15
1746614897684 0.7570621468925942 16
1746615201701 0.7446808510637711 17
1746615506290 0.7643678160918912 18
1746615811262 0.7664526484750589 19
1746616121926 0.755395683453177 20
1746616426643 0.7581803671188541 21
1746616735066 0.7527821939586047 22
1746617041328 0.7684887459806455 23
1746617344509 0.7637540453073816 24
1746617642538 0.7657512116316021 25
1746617943437 0.776960784313662 26
1746618246816 0.7659402744147888 27
1746618549529 0.7757774140752229 28
1746618849775 0.7709861450692118 29
