1746610730218 0.0 0
1746610867278 0.0 1
1746611003877 0.048343777976719036 2
1746611141515 0.30170098478063545 3
1746611398026 0.7761862130706556 4
1746611653380 0.8155774395702045 5
1746611909904 0.8146821844224874 6
1746612176424 0.8263205013428088 7
1746612482506 0.8361683079676959 8
1746612785828 0.8433303491494321 9
1746613087331 0.839749328558564 10
1746613385444 0.8504923903311682 11
1746613682288 0.837063563115413 12
1746613986806 0.8316920322291108 13
1746614294581 0.8343777976722618 14
1746614596287 0.8272157564905257 15
1746614897684 0.839749328558564 16
1746615201701 0.8460161145925831 17
1746615506290 0.8334825425245449 18
1746615811262 0.8549686660697533 19
1746616121926 0.8460161145925831 20
1746616426643 0.8504923903311682 21
1746616735066 0.8478066248880172 22
1746617041328 0.8558639212174703 23
1746617344509 0.8451208594448661 24
1746617642538 0.8487018800357342 25
1746617943437 0.8513876454788852 26
1746618246816 0.8495971351834513 27
1746618549529 0.8487018800357342 28
1746618849775 0.8469113697403001 29
