1745738900037 0.13377484429774522 0
1745738964317 0.5123389595160537 1
1745739028982 0.6160209733979218 2
1745739092461 0.6815834344673615 3
1745739156565 0.7685454491068342 4
1745739221835 0.7591106818962003 5
1745739286004 0.7705443950838576 6
1745739350011 0.7696415582015448 7
1745739414652 0.7860531172620205 8
1745739478868 0.771682232356915 9
1745739543049 0.7909280130160167 10
1745739606559 0.7791776176167795 11
1745739671589 0.7806234854760247 12
1745739736435 0.7704947829246309 13
1745739799982 0.7736535220665431 14
1745739863499 0.7765473817441015 15
1745739927285 0.7839758130026568 16
1745739990838 0.7788159240410212 17
1745740054382 0.7799503383370149 18
1745740118630 0.7811880503415735 19
1745740182158 0.7789400132143153 20
1745740245789 0.7784905970815117 21
1745740309543 0.77641970122692 22
1745740373065 0.7911333747706517 23
1745740436537 0.7872894562227436 24
1745740500765 0.7870010562310831 25
1745740564280 0.7773610923339862 26
1745740627873 0.7853273542471153 27
1745740691398 0.7779089774972536 28
1745740754920 0.785793527065192 29
