1746779582455 2e-05 0
1746779841505 4e-05 1
1746780102361 6.000000000000001e-05 2
1746780363593 8e-05 3
1746780624501 8e-05 4
1746780881956 8e-05 5
1746781140587 8e-05 6
1746781401225 8e-05 7
1746781661510 8e-05 8
1746781919554 8e-05 9
1746782179510 8e-05 10
1746782440603 8e-05 11
1746782700198 8e-05 12
1746782956102 8e-05 13
1746783217601 8e-05 14
1746783483944 6.400000000000001e-05 15
1746783747014 6.400000000000001e-05 16
1746784004118 5.120000000000001e-05 17
1746784264641 5.120000000000001e-05 18
1746784528149 4.0960000000000014e-05 19
1746784788509 4.0960000000000014e-05 20
1746785045249 3.276800000000001e-05 21
1746785303470 3.276800000000001e-05 22
1746785560893 2.6214400000000008e-05 23
1746785818577 2.6214400000000008e-05 24
1746786076015 2.097152000000001e-05 25
1746786330431 2.097152000000001e-05 26
1746786584008 1.6777216000000006e-05 27
1746786839942 1.6777216000000006e-05 28
1746787090582 1.3421772800000009e-05 29
