1746004588606 0.5288888021391265 0
1746004784399 0.19659943574545335 1
1746004981381 0.14709710983597502 2
1746005177189 0.185532312308039 3
1746005371160 0.1362450568347561 4
1746005564925 0.11006459354289941 5
1746005760602 0.07650780628378294 6
1746005954668 0.04889730143607879 7
1746006147848 0.04589247254996884 8
1746006343159 0.04586104858590632 9
1746006537755 0.03277531339387808 10
1746006734696 0.021412417387627825 11
1746006930293 0.017133283656926786 12
1746007124412 0.016980654830873316 13
1746007320066 0.015190175691695541 14
1746007513253 0.013493095434327819 15
1746007706645 0.013890768662665268 16
1746007900378 0.016122150505721872 17
1746008093814 0.010882182025388643 18
1746008287289 0.00719451139281903 19
1746008481206 0.004364606654699132 20
1746008675515 0.003450463376868022 21
1746008869013 0.002674573923435005 22
1746009062362 0.001958688535895056 23
1746009256249 0.001965096457065463 24
1746009450637 0.0013044143879040126 25
1746009644068 0.0007669042945276395 26
1746009837627 0.0008649966443861521 27
1746010031048 0.0007215112243417879 28
1746010236663 0.0005471618726970723 29
1746010451134 0.0005295006436538141 30
1746010666238 0.0006148175631393798 31
1746010881089 0.0004830776262530648 32
1746011099348 0.0003180428149270093 33
1746011313232 0.0002817819553159524 34
