1746004590947 0.4923962186103844 0
1746004787677 0.5402843601395971 1
1746004983646 0.5403539058628358 2
1746005180447 0.5271251601380132 3
1746005373748 0.5318791945810256 4
1746005567819 0.50758507580107 5
1746005762710 0.5246463780040527 6
1746005957069 0.53776435040319 7
1746006150831 0.5353448275362295 8
1746006346255 0.5287958114683103 9
1746006540435 0.5505226480336121 10
1746006737594 0.5412569473634791 11
1746006932468 0.5483165718782692 12
1746007127600 0.5454545454045524 13
1746007322179 0.5384615384114985 14
1746007515482 0.5390428211088379 15
1746007708866 0.5416488679551841 16
1746007902711 0.5404699738403311 17
1746008096000 0.5416488679551841 18
1746008289659 0.5407052676905215 19
1746008483532 0.5458515283342616 20
1746008677797 0.5473501302714556 21
1746008871089 0.5461604831251695 22
1746009064732 0.5453759722922771 23
1746009258679 0.5500655880566687 24
1746009452780 0.550434782558689 25
1746009646610 0.5486111110611096 26
1746009840436 0.5495456511832403 27
1746010033448 0.5500435160509483 28
1746010239675 0.5513373597429431 29
1746010453829 0.5513937281729849 30
1746010671385 0.5509499135942293 31
1746010884826 0.5528031290243098 32
1746011102850 0.5516045099239818 33
1746011316293 0.5511879049176163 34
