1746004590947 0.3555414044701792 0
1746004787677 0.4547009304316253 1
1746004983646 0.4614614739922089 2
1746005180447 0.42096410949639507 3
1746005373748 0.4365296802421522 4
1746005567819 0.4130727214708468 5
1746005762710 0.40410346212657305 6
1746005957069 0.44133448368804334 7
1746006150831 0.45136250055196037 8
1746006346255 0.434145398270539 9
1746006540435 0.46072696427844595 10
1746006737594 0.4507486462359917 11
1746006932468 0.45413121345000573 12
1746007127600 0.46233368944763015 13
1746007322179 0.446999603054089 14
1746007515482 0.4519261384720208 15
1746007708866 0.4607721691608162 16
1746007902711 0.4515528859831858 17
1746008096000 0.4522334065729258 18
1746008289659 0.4642530950401237 19
1746008483532 0.46573643044061974 20
1746008677797 0.4665530262123615 21
1746008871089 0.4566856294641539 22
1746009064732 0.45655564125298764 23
1746009258679 0.46725444518674336 24
1746009452780 0.471108948110439 25
1746009646610 0.47079534813626595 26
1746009840436 0.4686168193798684 27
1746010033448 0.4693641487060841 28
1746010239675 0.4753794704789124 29
1746010453829 0.4720902289728968 30
1746010671385 0.4729473780244033 31
1746010884826 0.4743149530786717 32
1746011102850 0.46802881045432987 33
1746011316293 0.47018771526620307 34
