1746004590947 0.32957830772416047 0
1746004787677 0.46595331202696466 1
1746004983646 0.4507253894970388 2
1746005180447 0.4111471583586636 3
1746005373748 0.4233285314981544 4
1746005567819 0.4038114498859257 5
1746005762710 0.38070780389142583 6
1746005957069 0.45889828999931276 7
1746006150831 0.45950174317009795 8
1746006346255 0.4404304773302113 9
1746006540435 0.46480407236136323 10
1746006737594 0.4353274936856239 11
1746006932468 0.4590242305381191 12
1746007127600 0.4607913022437116 13
1746007322179 0.45278686928601886 14
1746007515482 0.43532841932461136 15
1746007708866 0.4470333480862738 16
1746007902711 0.4394034494985854 17
1746008096000 0.43838650233445325 18
1746008289659 0.46066364872730703 19
1746008483532 0.45713397353695717 20
1746008677797 0.46104842848095967 21
1746008871089 0.4483830088068152 22
1746009064732 0.4506916367012821 23
1746009258679 0.4607516913344571 24
1746009452780 0.4634759530739124 25
1746009646610 0.46242979389906896 26
1746009840436 0.45975977750619373 27
1746010033448 0.46043501127799225 28
1746010239675 0.46475906284984225 29
1746010453829 0.4663248049306894 30
1746010671385 0.4596020395445179 31
1746010884826 0.46499405149550044 32
1746011102850 0.45713352585236566 33
1746011316293 0.4585905417574709 34
