1746004590947 0.5362578334824945 0
1746004787677 0.561324977618571 1
1746004983646 0.560429722470854 2
1746005180447 0.5523724261414008 3
1746005373748 0.5675917636525901 4
1746005567819 0.5541629364368349 5
1746005762710 0.5478961504028157 6
1746005957069 0.557743957027703 7
1746006150831 0.5559534467322689 8
1746006346255 0.5425246195165137 9
1746006540435 0.5658012533571561 10
1746006737594 0.5666965085048732 11
1746006932468 0.561324977618571 12
1746007127600 0.564010743061722 13
1746007322179 0.5452103849596647 14
1746007515482 0.5747538048343264 15
1746007708866 0.5675917636525901 16
1746007902711 0.5559534467322689 17
1746008096000 0.5675917636525901 18
1746008289659 0.5559534467322689 19
1746008483532 0.5595344673231369 20
1746008677797 0.564010743061722 21
1746008871089 0.5666965085048732 22
1746009064732 0.5649059982094391 23
1746009258679 0.5631154879140051 24
1746009452780 0.5666965085048732 25
1746009646610 0.5658012533571561 26
1746009840436 0.5684870188003072 27
1746010033448 0.5658012533571561 28
1746010239675 0.5720680393911752 29
1746010453829 0.5666965085048732 30
1746010671385 0.5711727842434583 31
1746010884826 0.5693822739480242 32
1746011102850 0.5693822739480242 33
1746011316293 0.5711727842434583 34
