1746198576381 0.0 0
1746198640930 0.0 1
1746198706891 0.018041659830311176 2
1746198772640 0.12152481439354915 3
1746198876510 0.5696694851104298 4
1746198981927 0.6307522569597434 5
1746199088886 0.684919919495138 6
1746199194964 0.7122011758360153 7
1746199339932 0.7214159975307128 8
1746199445280 0.7212716350332713 9
1746199550587 0.7283768497863832 10
1746199656309 0.7220054810122896 11
1746199762192 0.714832807764406 12
1746199867527 0.684526161203039 13
1746199972117 0.6883441561391141 14
1746200077567 0.7014904103465012 15
1746200182325 0.7023584843671536 16
1746200287292 0.7033914027476171 17
1746200392335 0.7147480317960441 18
1746200497322 0.7025204759549811 19
1746200602134 0.6962042934019173 20
1746200707126 0.7005656820311492 21
1746200813726 0.7080300172138921 22
1746200919467 0.6979527300619103 23
1746201023969 0.688890017857794 24
1746201127286 0.70537728438261 25
1746201230587 0.7035612137178576 26
1746201334205 0.6985907320987157 27
1746201439682 0.7074385612844475 28
1746201544226 0.7082702882818066 29
