1746198576381 0.0 0
1746198640930 0.0 1
1746198706891 0.04923903312443605 2
1746198772640 0.2649955237242377 3
1746198876510 0.7564905998208812 4
1746198981927 0.7887197851386939 5
1746199088886 0.8281110116382427 6
1746199194964 0.8513876454788852 7
1746199339932 0.8469113697403001 8
1746199445280 0.8478066248880172 9
1746199550587 0.8540734109220363 10
1746199656309 0.8227394807519406 11
1746199762192 0.8316920322291108 12
1746199867527 0.8352730528199789 13
1746199972117 0.83795881826313 14
1746200077567 0.8290062667859598 15
1746200182325 0.8361683079676959 16
1746200287292 0.83795881826313 17
1746200392335 0.8442256042971491 18
1746200497322 0.8352730528199789 19
1746200602134 0.8325872873768279 20
1746200707126 0.8415398388539981 21
1746200813726 0.837063563115413 22
1746200919467 0.83795881826313 23
1746201023969 0.8361683079676959 24
1746201127286 0.840644583706281 25
1746201230587 0.8415398388539981 26
1746201334205 0.8415398388539981 27
1746201439682 0.839749328558564 28
1746201544226 0.83795881826313 29
