1746749387408 0.0 0
1746749519944 0.03909573460162804 1
1746749654270 0.35552103664313794 2
1746749779363 0.5439916532120823 3
1746749881852 0.6032391372832547 4
1746750009057 0.7607857313847541 5
1746750143932 0.783885546945877 6
1746750269053 0.8504883667177816 7
1746750402150 0.9024265470159487 8
1746750534381 0.92047302080397 9
1746750667024 0.9136926838099245 10
1746750769768 0.9517291164962679 11
1746750889457 0.9205181887621477 12
1746751022479 0.7047305520928597 13
1746751156179 0.9116319836893177 14
1746751278594 0.9188197123422805 15
1746751410090 0.9372382611259126 16
1746751530126 0.9414538655201969 17
1746751667335 0.9285006596809766 18
1746751786691 0.9495119583432318 19
