1746658300896 0.7768156355132863 0
1746658363269 0.24944606575430656 1
1746658426122 0.18460434599190342 2
1746658488436 0.15363409704699807 3
1746658550169 0.11977819680255286 4
1746658611877 0.0897183387483261 5
1746658673739 0.06773284286716763 6
1746658738560 0.05514735793124656 7
1746658800618 0.042727171253336936 8
1746658862030 0.03511360891125336 9
1746658923349 0.03122772127199842 10
1746658985674 0.02485409847517707 11
1746659047617 0.021407174592723652 12
1746659109032 0.019708653731385663 13
1746659170282 0.01650229235160716 14
1746659232043 0.014144050760422739 15
1746659293681 0.0096610033770605 16
1746659355953 0.007974175495162075 17
1746659417165 0.005839688468211312 18
1746659478834 0.004887766551644523 19
1746659539999 0.0046901235615891615 20
1746659601221 0.003550511542517616 21
1746659662976 0.00307766885000129 22
1746659724428 0.0025094534247895057 23
1746659786089 0.0023015336506543873 24
1746659847906 0.0022451954564716363 25
1746659909196 0.0018418305583193671 26
1746659970491 0.0016124715582510381 27
1746660031747 0.0016281425864411974 28
1746660093037 0.0015267835417999982 29
