1746658301880 0.6677768525730032 0
1746658364438 0.7930004267532843 1
1746658427747 0.7780040732700974 2
1746658489530 0.7907585003858851 3
1746658551081 0.8051172707389559 4
1746658613145 0.8165420149081477 5
1746658674979 0.8182224206734644 6
1746658739685 0.7979583155604344 7
1746658801593 0.7918649934592902 8
1746658862956 0.7869401422691064 9
1746658924286 0.8103225805951682 10
1746658986664 0.7971198644142872 11
1746659048535 0.7918436702984059 12
1746659110017 0.793623438123203 13
1746659171840 0.7906183368370383 14
1746659232992 0.787618228668841 15
1746659295377 0.804440648967971 16
1746659356886 0.8001730103306105 17
1746659418523 0.7967339922147298 18
1746659479768 0.7936507936008121 19
1746659540931 0.7986289631034081 20
1746659602710 0.7991397848962443 21
1746659664043 0.7996538294610205 22
1746659725707 0.8025862068465511 23
1746659787532 0.7950257289380133 24
1746659848825 0.7969018932374419 25
1746659910104 0.8041594453572608 26
1746659971392 0.8043103447775856 27
1746660032652 0.7987962166310069 28
1746660093949 0.7960582690160045 29
