1746658301880 0.44580155386180975 0
1746658364438 0.6841044961498558 1
1746658427747 0.7077749664191099 2
1746658489530 0.7192823105733891 3
1746658551081 0.6943538091858851 4
1746658613145 0.7472590003088814 5
1746658674979 0.7629918294287185 6
1746658739685 0.681255622415398 7
1746658801593 0.6694258021435172 8
1746658862956 0.6525018438138149 9
1746658924286 0.7215144241958723 10
1746658986664 0.7003847963984104 11
1746659048535 0.6593612870751453 12
1746659110017 0.7027731824364636 13
1746659171840 0.6776530236509495 14
1746659232992 0.6734933181968704 15
1746659295377 0.7002452188700817 16
1746659356886 0.6875651552203006 17
1746659418523 0.6764982668786195 18
1746659479768 0.6634864291282008 19
1746659540931 0.6856536773473395 20
1746659602710 0.6739901391749015 21
1746659664043 0.6863061409102941 22
1746659725707 0.6877845788334004 23
1746659787532 0.6642062278376796 24
1746659848825 0.6780581322353167 25
1746659910104 0.6925995612873831 26
1746659971392 0.6819498131342685 27
1746660032652 0.6765834396046251 28
1746660093949 0.6687026564464262 29
