1746658301880 0.5340521019632528 0
1746658364438 0.7557045411733273 1
1746658427747 0.7896391619448485 2
1746658489530 0.75389401668712 3
1746658551081 0.7805306247127966 4
1746658613145 0.7974526325798796 5
1746658674979 0.7801377844734732 6
1746658739685 0.771325096037602 7
1746658801593 0.7382077559908021 8
1746658862956 0.7751955937416779 9
1746658924286 0.8058204485787809 10
1746658986664 0.7809398553519832 11
1746659048535 0.7421443917568612 12
1746659110017 0.7644222653528908 13
1746659171840 0.7420690729516063 14
1746659232992 0.7584283424294138 15
1746659295377 0.7824998637408741 16
1746659356886 0.7619324449760894 17
1746659418523 0.763123588402562 18
1746659479768 0.7610808044348866 19
1746659540931 0.7678366173909768 20
1746659602710 0.766185217294807 21
1746659664043 0.7624638736702327 22
1746659725707 0.7697500417983603 23
1746659787532 0.7397070167616258 24
1746659848825 0.740288209550675 25
1746659910104 0.7429038278602744 26
1746659971392 0.7454555873658477 27
1746660032652 0.7421737076853522 28
1746660093949 0.7441035732198696 29
