1746699977632 2e-05 0
1746700220904 4e-05 1
1746700468853 6.000000000000001e-05 2
1746700707928 8e-05 3
1746700952111 8e-05 4
1746701191939 8e-05 5
1746701435048 8e-05 6
1746701678098 8e-05 7
1746701917585 8e-05 8
1746702161184 8e-05 9
1746702397226 8e-05 10
1746702642963 8e-05 11
1746702879510 8e-05 12
1746703124488 8e-05 13
1746703367377 8e-05 14
1746703612707 6.400000000000001e-05 15
1746703858875 6.400000000000001e-05 16
1746704104767 5.120000000000001e-05 17
1746704352519 5.120000000000001e-05 18
1746704592108 4.0960000000000014e-05 19
1746704835730 4.0960000000000014e-05 20
1746705079711 3.276800000000001e-05 21
1746705325472 3.276800000000001e-05 22
1746705571205 2.6214400000000008e-05 23
1746705816812 2.6214400000000008e-05 24
1746706059835 2.097152000000001e-05 25
1746706301345 2.097152000000001e-05 26
1746706544178 1.6777216000000006e-05 27
1746706789961 1.6777216000000006e-05 28
1746707036594 1.3421772800000009e-05 29
