1746699980857 0.3157667952332281 0
1746700225292 0.5374801860570614 1
1746700472069 0.5714882001234215 2
1746700710789 0.6491345910913489 3
1746700955985 0.6266140084055134 4
1746701196498 0.6397940719487653 5
1746701438373 0.6722632131301689 6
1746701681342 0.6173506267170781 7
1746701921009 0.6904772929476739 8
1746702164023 0.6304135479850349 9
1746702401015 0.7007254875722775 10
1746702646806 0.6684814496157513 11
1746702882892 0.689747977515 12
1746703128138 0.7176175382654653 13
1746703371378 0.702258005394943 14
1746703616088 0.6715418401738884 15
1746703862804 0.70848138168911 16
1746704108070 0.6890575878560301 17
1746704356448 0.6874335799030734 18
1746704595269 0.6767407582769032 19
1746704838889 0.6891636018852024 20
1746705083185 0.719200011231713 21
1746705328725 0.7057229530334312 22
1746705574833 0.6857193656994387 23
1746705819989 0.6986172715832483 24
1746706063417 0.708835563257239 25
1746706305872 0.6790010116154981 26
1746706548858 0.7098249763896443 27
1746706793749 0.6907300183069366 28
1746707040204 0.6652358357987296 29
