1746657088045 0.0 0
1746657214961 0.002872447919262033 1
1746657343279 0.2244134605608248 2
1746657471632 0.5352497034589484 3
1746657600353 0.5931351734374525 4
1746657730000 0.6220693608999556 5
1746657858924 0.6513109678723571 6
1746657988941 0.6957261262234054 7
1746658117484 0.6955048223942402 8
1746658246283 0.7527373304834751 9
1746658374653 0.7500459251700738 10
1746658502772 0.730279905890013 11
1746658633682 0.7242067914843896 12
1746658763702 0.7447133931443914 13
1746658893165 0.7461073613994618 14
1746659023843 0.7189203107151544 15
1746659153993 0.7208099617393049 16
1746659282703 0.7325138132237322 17
1746659412999 0.7523683902456543 18
1746659542356 0.7372646048299162 19
1746659671822 0.7415692732185426 20
1746659801473 0.7534338787280206 21
1746659929569 0.7526816148674114 22
1746660057720 0.750261723277098 23
1746660187252 0.7544427233994426 24
1746660315887 0.7553491660632926 25
1746660445490 0.7553131734505057 26
1746660575075 0.7541654878213543 27
1746660703018 0.7556025162101462 28
1746660832970 0.7546338528193087 29
