1746657088045 0.0 0
1746657214961 0.005104194585887215 1
1746657343279 0.2495564220929045 2
1746657471632 0.5298802491152282 3
1746657600353 0.5548226530981898 4
1746657730000 0.5783912867651764 5
1746657858924 0.6212761631272703 6
1746657988941 0.6701154910394731 7
1746658117484 0.6701367856909992 8
1746658246283 0.7408309248815942 9
1746658374653 0.7490261506494744 10
1746658502772 0.7179966897076784 11
1746658633682 0.7100936729129853 12
1746658763702 0.729355397621871 13
1746658893165 0.7314885490618281 14
1746659023843 0.6867023417941182 15
1746659153993 0.6893385615640721 16
1746659282703 0.7022971188178186 17
1746659412999 0.725864018035828 18
1746659542356 0.7126557848350122 19
1746659671822 0.7080904349852807 20
1746659801473 0.7358937112324045 21
1746659929569 0.7312193612168622 22
1746660057720 0.7361485128344373 23
1746660187252 0.7373266504814081 24
1746660315887 0.7349902065738981 25
1746660445490 0.7346668532817605 26
1746660575075 0.7318459051531048 27
1746660703018 0.7351762778122534 28
1746660832970 0.7325072171900555 29
