1746657088045 0.0 0
1746657214961 0.0026857654431510576 1
1746657343279 0.4610564010742649 2
1746657471632 0.7726051924797875 3
1746657600353 0.7914055505818449 4
1746657730000 0.8200537153087896 5
1746657858924 0.8334825425245449 6
1746657988941 0.8343777976722618 7
1746658117484 0.8478066248880172 8
1746658246283 0.8522829006266023 9
1746658374653 0.8513876454788852 10
1746658502772 0.8522829006266023 11
1746658633682 0.8513876454788852 12
1746658763702 0.8478066248880172 13
1746658893165 0.8558639212174703 14
1746659023843 0.8513876454788852 15
1746659153993 0.8513876454788852 16
1746659282703 0.8567591763651874 17
1746659412999 0.8603401969560555 18
1746659542356 0.8576544315129044 19
1746659671822 0.8621307072514894 20
1746659801473 0.8657117278423575 21
1746659929569 0.8666069829900745 22
1746660057720 0.8630259623992065 23
1746660187252 0.8675022381377916 24
1746660315887 0.8603401969560555 25
1746660445490 0.8621307072514894 26
1746660575075 0.8603401969560555 27
1746660703018 0.8603401969560555 28
1746660832970 0.8630259623992065 29
