1745485385845 0.44984197521149716 0
1745485554309 0.6083774278287092 1
1745485676316 0.7025062392671255 2
1745485799330 0.7030833388367378 3
1745486078715 0.7326404580017457 4
1745486294547 0.7054282637888558 5
1745486430681 0.7320331920436035 6
1745486584238 0.728554413310315 7
1745486706609 0.7044948903260608 8
1745486825968 0.7086158739104254 9
1745486946044 0.7416152537618477 10
1745487064416 0.7600231737613877 11
1745487185480 0.7386022731618003 12
1745487307887 0.7539335985403635 13
1745487428424 0.7449652764738034 14
1745487551052 0.7470810101154726 15
1745487674056 0.7305016423549634 16
1745487795818 0.7671049090459537 17
1745487916778 0.7572334938937115 18
1745488040974 0.7566757215239724 19
1745488161500 0.7621901706783643 20
1745488281274 0.7589596026017997 21
1745488399700 0.7604563252294372 22
1745488518472 0.7632184621487155 23
1745488641633 0.7607490632962137 24
1745488760776 0.7595339542835778 25
1745488882748 0.7631916139152982 26
1745489001067 0.7635758497121301 27
1745489119415 0.7649610372394152 28
1745489236471 0.7685222908006603 29
