1745485385845 0.6589077887197261 0
1745485554309 0.7547000895254472 1
1745485676316 0.7627573858549004 2
1745485799330 0.8119964189793364 3
1745486078715 0.79588182632043 4
1745486294547 0.7833482542523917 5
1745486430681 0.7887197851386939 6
1745486584238 0.7985675917635812 7
1745486706609 0.7914055505818449 8
1745486825968 0.79588182632043 9
1745486946044 0.7994628469112981 10
1745487064416 0.8209489704565066 11
1745487185480 0.8057296329453173 12
1745487307887 0.8191584601610725 13
1745487428424 0.8084153983884683 14
1745487551052 0.8039391226498832 15
1745487674056 0.8093106535361854 16
1745487795818 0.8173679498656385 17
1745487916778 0.8155774395702045 18
1745488040974 0.8200537153087896 19
1745488161500 0.8236347358996576 20
1745488281274 0.8263205013428088 21
1745488399700 0.8245299910473747 22
1745488518472 0.8290062667859598 23
1745488641633 0.8245299910473747 24
1745488760776 0.8227394807519406 25
1745488882748 0.8254252461950917 26
1745489001067 0.8254252461950917 27
1745489119415 0.8254252461950917 28
1745489236471 0.8272157564905257 29
