1745745120868 0.7388216317916403 0
1745745319403 0.24982602924716715 1
1745745520493 0.1937489879070496 2
1745745719832 0.20807649240810044 3
1745745917330 0.15581238916029735 4
1745746114684 0.12061753344475007 5
1745746315277 0.09509872972052924 6
1745746513148 0.07654051246995829 7
1745746710899 0.06189285142689335 8
1745746912430 0.04495699065072196 9
1745747110052 0.037233641580203355 10
1745747308377 0.028742105272427505 11
1745747506390 0.023408471217036854 12
1745747703856 0.020470511538869873 13
1745747901486 0.02082495506358694 14
1745748099709 0.01624535032243905 15
1745748297672 0.0180572850620184 16
1745748495110 0.014483544063203188 17
1745748693604 0.009186710718049839 18
1745748893667 0.006582814752247793 19
