1745745123160 0.6915486914987187 0
1745745322313 0.7676419965076682 1
1745745522526 0.778401727811765 2
1745745721984 0.7779204107330858 3
1745745919805 0.7752003373604769 4
1745746117139 0.7939571967608716 5
1745746317917 0.783269961927278 6
1745746515742 0.788967822766703 7
1745746713898 0.8066439522498787 8
1745746914795 0.8020878642387913 9
1745747112656 0.7914032869286131 10
1745747310622 0.7945785683532963 11
1745747508615 0.8036729339245958 12
1745747706132 0.8034934497316192 13
1745747904175 0.8055315470545708 14
1745748102357 0.7969283275950931 15
1745748299866 0.7946273829655803 16
1745748498312 0.7928843709793024 17
1745748696085 0.8101374569946854 18
1745748896577 0.8092783504654759 19
1745749093929 0.8027562445667125 20
1745749291381 0.8042105262658978 21
1745749489014 0.7999999999500249 22
