1745745123160 0.48487459355072143 0
1745745322313 0.6677954108469868 1
1745745522526 0.6852355705533744 2
1745745721984 0.6735926342992984 3
1745745919805 0.6913115887936525 4
1745746117139 0.7077591069793676 5
1745746317917 0.6950560389510942 6
1745746515742 0.6872515139483182 7
1745746713898 0.722729475260776 8
1745746914795 0.7277020996766902 9
1745747112656 0.67996131561283 10
1745747310622 0.6896723036044374 11
1745747508615 0.7020223726458917 12
1745747706132 0.6934195797442795 13
1745747904175 0.7093698191847702 14
1745748102357 0.7176510187536631 15
1745748299866 0.7149738080749238 16
1745748498312 0.7043691785006545 17
1745748696085 0.7354363342219377 18
1745748896577 0.7283278416968897 19
