1745745123160 0.45447177760176943 0
1745745322313 0.6851540481454362 1
1745745522526 0.6637172940027051 2
1745745721984 0.6415913057757818 3
1745745919805 0.676355589413057 4
1745746117139 0.6734896164208711 5
1745746317917 0.6846862464992781 6
1745746515742 0.6736780831933962 7
1745746713898 0.7182051537499874 8
1745746914795 0.7387287165037036 9
1745747112656 0.655641942756843 10
1745747310622 0.6793605376339767 11
1745747508615 0.7029437914159039 12
1745747706132 0.6985663624428474 13
1745747904175 0.7077650373368307 14
1745748102357 0.7010464138097816 15
1745748299866 0.698745255973771 16
1745748498312 0.6719292468685334 17
1745748696085 0.7170279307822339 18
1745748896577 0.7113437904145948 19
