1745745123160 0.7215756490599174 0
1745745322313 0.7985675917635812 1
1745745522526 0.8066248880930343 2
1745745721984 0.8137869292747705 3
1745745919805 0.8227394807519406 4
1745746117139 0.8469113697403001 5
1745746317917 0.8299015219336768 6
1745746515742 0.8451208594448661 7
1745746713898 0.8478066248880172 8
1745746914795 0.8254252461950917 9
1745747112656 0.840644583706281 10
1745747310622 0.839749328558564 11
1745747508615 0.8227394807519406 12
1745747706132 0.8236347358996576 13
1745747904175 0.8343777976722618 14
1745748102357 0.8361683079676959 15
1745748299866 0.8209489704565066 16
1745748498312 0.83795881826313 17
1745748696085 0.8442256042971491 18
1745748896577 0.8433303491494321 19
1745749093929 0.8343777976722618 20
1745749291381 0.8549686660697533 21
1745749489014 0.8361683079676959 22
