1745745123160 0.5436156218527162 0
1745745322313 0.6951394818954836 1
1745745522526 0.7401496973461761 2
1745745721984 0.7449424377839556 3
1745745919805 0.7675100940611793 4
1745746117139 0.7909694791806248 5
1745746317917 0.7665682392498976 6
1745746515742 0.7716271230719389 7
1745746713898 0.7818012188926902 8
1745746914795 0.7731597678562945 9
1745747112656 0.7637767559541563 10
1745747310622 0.7521060850397293 11
1745747508615 0.7433627929038116 12
1745747706132 0.7317031731232563 13
1745747904175 0.7737822777218233 14
1745748102357 0.7872595658676308 15
1745748299866 0.7743648579259124 16
1745748498312 0.7878763339144641 17
1745748696085 0.7960684672319405 18
1745748896577 0.7933853116663111 19
1745749093929 0.7789505942944661 20
1745749291381 0.8030459455508276 21
1745749489014 0.7808612112113453 22
