1745747160552 0.5256913370671185 0
1745747357382 0.662480806253978 1
1745747554732 0.6993471657612736 2
1745747752359 0.694421379706895 3
1745747950247 0.652675082813182 4
1745748146883 0.6851770703189289 5
1745748343168 0.6549517262612111 6
1745748538665 0.6380857662115665 7
1745748734679 0.659501342970538 8
1745748931203 0.644823075062195 9
1745749127037 0.6847668424261146 10
1745749324167 0.6663893447116922 11
1745749521780 0.6657768831819111 12
1745749719672 0.6801229300656791 13
1745749917168 0.6897614378700531 14
1745750114624 0.6853563633997504 15
1745750309759 0.695291881296187 16
1745750504719 0.6995685592878979 17
