1745747160552 0.7197965239009059 0
1745747357382 0.7690972221722014 1
1745747554732 0.7850629613047313 2
1745747752359 0.7885273972103019 3
1745747950247 0.7497886728156882 4
1745748146883 0.7528043206813964 5
1745748343168 0.740311803958844 6
1745748538665 0.5836521738654883 7
1745748734679 0.7480984339544073 8
1745748931203 0.7377699426559848 9
1745749127037 0.7561837455329808 10
1745749324167 0.7601809954250502 11
1745749521780 0.7503290916568426 12
1745749719672 0.7628596337773433 13
1745749917168 0.7635253053600874 14
1745750114624 0.7703768623513568 15
1745750309759 0.7730496453400071 16
1745750504719 0.7777777777277204 17
