1745747160552 0.49071123219453594 0
1745747357382 0.6487945742372102 1
1745747554732 0.6805010970768955 2
1745747752359 0.6651340563855161 3
1745747950247 0.6298116727729461 4
1745748146883 0.647376910238272 5
1745748343168 0.6704463893916505 6
1745748538665 0.6824910901604759 7
1745748734679 0.6602950725317249 8
1745748931203 0.6225108708655257 9
1745749127037 0.6658917799954575 10
1745749324167 0.6769062797828206 11
1745749521780 0.6529392078898777 12
1745749719672 0.6650749415272712 13
1745749917168 0.6787566542064015 14
1745750114624 0.6734861058597592 15
1745750309759 0.68890632299767 16
1745750504719 0.687958557996637 17
