1746779822352 2e-05 0
1746779977762 4e-05 1
1746780136851 6.000000000000001e-05 2
1746780293137 8e-05 3
1746780450461 8e-05 4
1746780607770 8e-05 5
1746780764388 8e-05 6
1746780918096 8e-05 7
1746781071916 8e-05 8
1746781226656 8e-05 9
1746781380575 8e-05 10
1746781534942 8e-05 11
1746781691884 8e-05 12
1746781846792 8e-05 13
1746781996673 8e-05 14
1746782149376 6.400000000000001e-05 15
1746782303353 6.400000000000001e-05 16
1746782458818 5.120000000000001e-05 17
1746782610927 5.120000000000001e-05 18
1746782763727 4.0960000000000014e-05 19
1746782916290 4.0960000000000014e-05 20
1746783069922 3.276800000000001e-05 21
1746783223639 3.276800000000001e-05 22
1746783376916 2.6214400000000008e-05 23
1746783533203 2.6214400000000008e-05 24
1746783687456 2.097152000000001e-05 25
1746783838095 2.097152000000001e-05 26
1746783992419 1.6777216000000006e-05 27
1746784140160 1.6777216000000006e-05 28
1746784284515 1.3421772800000009e-05 29
