1746779827457 0.2630457933489998 0
1746779982637 0.7299396030561287 1
1746780141816 0.7814625849840731 2
1746780298021 0.7874083656248592 3
1746780454966 0.7988115449415771 4
1746780612579 0.8129088529809259 5
1746780769361 0.7975986277373269 6
1746780922534 0.8109517600542744 7
1746781076412 0.8125268124768293 8
1746781231357 0.8107646304498216 9
1746781385353 0.8064791133345294 10
1746781539535 0.8166089964897787 11
1746781696664 0.8092983210864652 12
1746781851265 0.799147121485225 13
1746782000970 0.805905340809723 14
1746782153895 0.7996625895747305 15
1746782308194 0.8193186717913075 16
1746782463378 0.8173987940929816 17
1746782615324 0.7986260197009806 18
1746782768482 0.7962247961748145 19
1746782920949 0.8053517478999298 20
1746783074214 0.8097731238592109 21
1746783228478 0.8049828178194282 22
1746783381945 0.7989712815616803 23
1746783538161 0.8081244597598429 24
1746783692027 0.8142361110610865 25
1746783845262 0.8095238094737935 26
1746783997411 0.8030954427703015 27
1746784144191 0.8065915003836301 28
1746784288510 0.8032928942307443 29
