1746779827457 0.052245266024391085 0
1746779982637 0.5084719841093533 1
1746780141816 0.5910287026412487 2
1746780298021 0.6824228007858022 3
1746780454966 0.695246099463129 4
1746780612579 0.7300119304509665 5
1746780769361 0.7031877873049542 6
1746780922534 0.7119522627915947 7
1746781076412 0.7290931360276373 8
1746781231357 0.709381410526138 9
1746781385353 0.6779600393971901 10
1746781539535 0.7227645271960448 11
1746781696664 0.7083245905095817 12
1746781851265 0.694496005927188 13
1746782000970 0.7155942988906747 14
1746782153895 0.6963907952485517 15
1746782308194 0.7355321578434217 16
1746782463378 0.7264102399673514 17
1746782615324 0.6906137256098804 18
1746782768482 0.6843263781118242 19
1746782920949 0.7232745825611482 20
1746783074214 0.7194427523187772 21
1746783228478 0.7088643204448698 22
1746783381945 0.70518273005963 23
1746783538161 0.7225505110773854 24
1746783692027 0.7154573466012069 25
1746783845262 0.7224210617052885 26
1746783997411 0.7120484880143572 27
1746784144191 0.7103916036742834 28
1746784288510 0.6977449017955473 29
