1746779827457 0.22112802148610375 0
1746779982637 0.7573858549685982 1
1746780141816 0.8227394807519406 2
1746780298021 0.8173679498656385 3
1746780454966 0.842435094001715 4
1746780612579 0.8343777976722618 5
1746780769361 0.8325872873768279 6
1746780922534 0.8352730528199789 7
1746781076412 0.8478066248880172 8
1746781231357 0.8495971351834513 9
1746781385353 0.8469113697403001 10
1746781539535 0.8451208594448661 11
1746781696664 0.8415398388539981 12
1746781851265 0.838854073410847 13
1746782000970 0.8307967770813938 14
1746782153895 0.8487018800357342 15
1746782308194 0.8504923903311682 16
1746782463378 0.8495971351834513 17
1746782615324 0.8325872873768279 18
1746782768482 0.8307967770813938 19
1746782920949 0.8352730528199789 20
1746783074214 0.8307967770813938 21
1746783228478 0.838854073410847 22
1746783381945 0.8343777976722618 23
1746783538161 0.837063563115413 24
1746783692027 0.839749328558564 25
1746783845262 0.837063563115413 26
1746783997411 0.8361683079676959 27
1746784144191 0.8325872873768279 28
1746784288510 0.8299015219336768 29
