1746734777701 0.5466715143017195 0
1746734981824 0.7488041092757413 1
1746735185149 0.801822660753177 2
1746735386834 0.9041315294585288 3
1746735588470 0.9233190717772911 4
1746735792010 0.9097411530947517 5
1746735994347 0.91125495762726 6
1746736194459 0.9387809821170461 7
1746736396168 0.9593329928850227 8
1746736600723 0.9614870111717214 9
1746736800322 0.9493719583564282 10
1746737001325 0.9320492415064842 11
1746737199605 0.9437864061014898 12
1746737398866 0.9368620531990377 13
1746737599012 0.969283725965224 14
1746737799685 0.9741285601500742 15
1746738001660 0.9787169107303316 16
1746738210100 0.9805160980770956 17
1746738409012 0.9782086992701996 18
1746738610103 0.9836127202739687 19
