1746734777701 0.511333838441999 0
1746734981824 0.718755048200072 1
1746735185149 0.8137019727687395 2
1746735386834 0.8879823206655163 3
1746735588470 0.9095564286597904 4
1746735792010 0.8813871341721525 5
1746735994347 0.8929844319483594 6
1746736194459 0.9140255771372681 7
1746736396168 0.956616019082403 8
1746736600723 0.9501928428599549 9
1746736800322 0.9398527120680048 10
1746737001325 0.9185660916655192 11
1746737199605 0.9290244473788886 12
1746737398866 0.9179527659863727 13
1746737599012 0.9611807438810233 14
1746737799685 0.9658045479715334 15
1746738001660 0.9735554671671328 16
1746738210100 0.9711257952674733 17
1746738409012 0.9702695452903838 18
1746738610103 0.9755401217898947 19
