1746734777701 0.7127572016460318 0
1746734981824 0.8134582623508676 1
1746735185149 0.8477331052180626 2
1746735386834 0.8899398108339733 3
1746735588470 0.9169580419579618 4
1746735792010 0.9033361847732332 5
1746735994347 0.9022491349480188 6
1746736194459 0.906432748537936 7
1746736396168 0.9574844995570454 8
1746736600723 0.9574844995570454 9
1746736800322 0.941330998248604 10
1746737001325 0.928076256499053 11
1746737199605 0.9376083188907333 12
1746737398866 0.9465849387039451 13
1746737599012 0.959471365638682 14
1746737799685 0.9613016710641195 15
1746738001660 0.9716312056736727 16
1746738210100 0.9649737302976388 17
1746738409012 0.9639401934915599 18
1746738610103 0.9718309859154074 19
