1746198581345 0.0 0
1746198651294 0.0 1
1746198721193 0.08531583263436415 2
1746198791663 0.3329545454081342 3
1746198899591 0.7525098209888129 4
1746199008401 0.793165467575829 5
1746199118448 0.7967269594676604 6
1746199225296 0.8090753424157794 7
1746199331667 0.8056146320215142 8
1746199436669 0.8032367972243255 9
1746199541483 0.8078902229345817 10
1746199645781 0.8163977321784834 11
1746199751933 0.79728006794836 12
1746199857029 0.8048048047548224 13
1746199961427 0.804440648967971 14
1746200065619 0.7999999999500161 15
1746200169633 0.8074105988297938 16
1746200272569 0.8106483468800265 17
1746200376949 0.8113940439724369 18
1746200480793 0.8058045240644227 19
1746200583985 0.8122308354366513 20
1746200687923 0.8039468038968216 21
1746200791580 0.8090948090448262 22
1746200895192 0.8077586206396543 23
1746200999446 0.8034115138093186 24
1746201103659 0.8066866694742386 25
1746201208350 0.8061485908979452 26
1746201313441 0.8141440275480996 27
1746201419938 0.8090948090448262 28
1746201524398 0.8116938950488907 29
