1746198581345 0.0 0
1746198651294 0.0 1
1746198721193 0.046553267681284996 2
1746198791663 0.2623097582810866 3
1746198899591 0.7717099373320705 4
1746199008401 0.7896150402864109 5
1746199118448 0.8281110116382427 6
1746199225296 0.8460161145925831 7
1746199331667 0.8478066248880172 8
1746199436669 0.8442256042971491 9
1746199541483 0.8433303491494321 10
1746199645781 0.83795881826313 11
1746199751933 0.839749328558564 12
1746199857029 0.839749328558564 13
1746199961427 0.8433303491494321 14
1746200065619 0.8343777976722618 15
1746200169633 0.838854073410847 16
1746200272569 0.8451208594448661 17
1746200376949 0.8415398388539981 18
1746200480793 0.8451208594448661 19
1746200583985 0.8442256042971491 20
1746200687923 0.838854073410847 21
1746200791580 0.8442256042971491 22
1746200895192 0.838854073410847 23
1746200999446 0.8433303491494321 24
1746201103659 0.842435094001715 25
1746201208350 0.8451208594448661 26
1746201313441 0.8451208594448661 27
1746201419938 0.8442256042971491 28
1746201524398 0.8451208594448661 29
