1745581622719 0.1354700933379212 0
1745582288229 0.46616792161282594 1
1745582930750 0.647170678988824 2
1745583176836 0.6410268946479378 3
1745583830957 0.6942279377829315 4
1745584487443 0.693914805081937 5
1745584555928 0.7120263971796709 6
1745585127803 0.686609778388247 7
1745585665955 0.7071013212345425 8
1745586211051 0.6882102613136045 9
1745586735828 0.693581077410601 10
1745587306937 0.7289403136103894 11
1745587881544 0.7011293607587118 12
1745588421897 0.6929609424204458 13
1745589032050 0.7215846578024562 14
1745589661557 0.707259141652137 15
1745590273177 0.6996206614213448 16
1745590883545 0.7053688480539642 17
1745591483052 0.7072199049731027 18
1745592109994 0.6906595699940822 19
1745592738157 0.7072281253430829 20
1745593367180 0.7098102505546623 21
1745594000618 0.7188810900604982 22
1745594626218 0.7117561996506294 23
1745595236743 0.7190897873476317 24
1745595862091 0.702721539713637 25
1745596487858 0.7123754245416175 26
1745597112495 0.7016842429449507 27
1745597744046 0.7088312118397643 28
1745598366916 0.7027097499582813 29
