1745581622719 0.4385138670366781 0
1745582288229 0.6954293036664055 1
1745582930750 0.7757945145342103 2
1745583176836 0.7746537976840793 3
1745583830957 0.7955036748310962 4
1745584487443 0.7962881130741093 5
1745584555928 0.8047945204979716 6
1745585127803 0.774677217776083 7
1745585665955 0.7986111110610878 8
1745586211051 0.7947136563376078 9
1745586735828 0.7793190415642439 10
1745587306937 0.7820895521888512 11
1745587881544 0.784576697351646 12
1745588421897 0.7806722688576856 13
1745589032050 0.8093385213507666 14
1745589661557 0.8050151318133697 15
1745590273177 0.788284518778599 16
1745590883545 0.7957356076259503 17
1745591483052 0.795532645998123 18
1745592109994 0.7908581284536643 19
1745592738157 0.7967409948042222 20
1745593367180 0.7879295892208829 21
1745594000618 0.8086767895378296 22
1745594626218 0.7955422202672099 23
1745595236743 0.8034482758120683 24
1745595862091 0.7919863597113423 25
1745596487858 0.8022404135648225 26
1745597112495 0.7950469683531126 27
1745597744046 0.8041237112902185 28
1745598366916 0.7972508590565421 29
