1745581622719 0.5277078085641652 0
1745582288229 0.6650326797385078 1
1745582930750 0.7550847457626478 2
1745583176836 0.7290679304896738 3
1745583830957 0.7692307692307049 4
1745584487443 0.7862129144850971 5
1745584555928 0.7711238720261877 6
1745585127803 0.7242990654205043 7
1745585665955 0.775063184498671 8
1745586211051 0.7823070251517101 9
1745586735828 0.7345483359745852 10
1745587306937 0.7467426710097111 11
1745587881544 0.7375886524822114 12
1745588421897 0.7355502771179148 13
1745589032050 0.7826086956521084 14
1745589661557 0.7784280936454199 15
1745590273177 0.7399842890808531 16
1745590883545 0.7597719869706221 17
1745591483052 0.764657308009846 18
1745592109994 0.7628951747087551 19
1745592738157 0.7646090534978794 20
1745593367180 0.7407407407406823 21
1745594000618 0.7845117845117184 22
1745594626218 0.7631578947367793 23
1745595236743 0.7747298420614485 24
1745595862091 0.7558991049633234 25
1745596487858 0.7732558139534241 26
1745597112495 0.759999999999938 27
1745597744046 0.7729149463252871 28
1745598366916 0.7663088356729342 29
