1745581622719 0.1304235564163063 0
1745582288229 0.43266600427540364 1
1745582930750 0.63347654591968 2
1745583176836 0.6036432705052641 3
1745583830957 0.7244395232879329 4
1745584487443 0.7076195074241375 5
1745584555928 0.702800560935648 6
1745585127803 0.6702905845103859 7
1745585665955 0.7089029195912295 8
1745586211051 0.7083756352486787 9
1745586735828 0.6682551369324974 10
1745587306937 0.7170397679404579 11
1745587881544 0.6880261161062945 12
1745588421897 0.665839664158696 13
1745589032050 0.7121234431319223 14
1745589661557 0.7060280195410754 15
1745590273177 0.670849521903469 16
1745590883545 0.6922421866662855 17
1745591483052 0.7007909111539508 18
1745592109994 0.6790522576248914 19
1745592738157 0.7079837310775149 20
1745593367180 0.6861902174693325 21
1745594000618 0.712168803437005 22
1745594626218 0.7027549038715736 23
1745595236743 0.7144122768287767 24
1745595862091 0.6855176471877319 25
1745596487858 0.7025863801218393 26
1745597112495 0.6859843866844191 27
1745597744046 0.7049283531154459 28
1745598366916 0.6984409706644692 29
