1745581622719 0.14609416890237267 0
1745582288229 0.528360290883493 1
1745582930750 0.6787018190831262 2
1745583176836 0.7370244345515574 3
1745583830957 0.7528956304700395 4
1745584487443 0.7374182206248867 5
1745584555928 0.7760987007033238 6
1745585127803 0.7637641218459384 7
1745585665955 0.7573115507234178 8
1745586211051 0.7430791232951357 9
1745586735828 0.7720144402781297 10
1745587306937 0.7646824340110752 11
1745587881544 0.7703106589925558 12
1745588421897 0.758334391884431 13
1745589032050 0.7819381214175821 14
1745589661557 0.7588835952948807 15
1745590273177 0.7812580942618533 16
1745590883545 0.7657027806519044 17
1745591483052 0.763704052173338 18
1745592109994 0.7484071902558413 19
1745592738157 0.7714426482819747 20
1745593367180 0.7845537240248673 21
1745594000618 0.7784387058329278 22
1745594626218 0.7697989338127945 23
1745595236743 0.7794927674186891 24
1745595862091 0.774876335597665 25
1745596487858 0.7754797145756392 26
1745597112495 0.7719034798906533 27
1745597744046 0.7715976158711044 28
1745598366916 0.7686144021118628 29
