1745702593380 1.3483422909464156 0
1745702657368 0.5766942911610311 1
1745702721497 0.380124848716113 2
1745702786460 0.3037928298723941 3
1745702850281 0.22437952078726828 4
1745702914638 0.1796786122176112 5
1745702978056 0.14044730517329002 6
1745703041313 0.10968240304869048 7
1745703105049 0.08825812538211443 8
1745703168180 0.07386427441117716 9
1745703231935 0.06339072208015287 10
1745703295276 0.054715764765836755 11
1745703358640 0.04495062692356961 12
1745703422019 0.03580584854115637 13
1745703485276 0.03107117036623614 14
1745703548425 0.02694748089249645 15
1745703611611 0.021305483338252013 16
1745703675148 0.017795215484363084 17
1745703738824 0.014826184685094928 18
1745703802068 0.012800308072711436 19
1745703865518 0.010864705389023436 20
1745703928667 0.00973972062371215 21
1745703991885 0.008442693686930045 22
1745704055130 0.007658027656547421 23
1745704118403 0.006905009575682331 24
1745704181565 0.006554622851711299 25
1745704244775 0.00604951940952059 26
1745704308550 0.00560018723612005 27
1745704371832 0.005223254650612647 28
1745704435091 0.005053969452927383 29
