1745702594401 0.1301305420488365 0
1745702658293 0.4613935075550512 1
1745702723004 0.5752770684647739 2
1745702787370 0.666216000238137 3
1745702851513 0.7299390461244736 4
1745702915567 0.7187391971647679 5
1745702978978 0.6937360993484855 6
1745703042773 0.7288790151889759 7
1745703105955 0.7088047287779505 8
1745703169679 0.7147468444220622 9
1745703232841 0.7216863911824684 10
1745703296177 0.7245473061327942 11
1745703359682 0.7010478918073085 12
1745703422956 0.7047741758759045 13
1745703486182 0.7223970507342167 14
1745703549356 0.7060204204933476 15
1745703612779 0.706696191545788 16
1745703676578 0.705490466229037 17
1745703739733 0.7050982981489836 18
1745703803220 0.7084061380145019 19
1745703866423 0.7071860256960651 20
1745703929579 0.7167528177097695 21
1745703992838 0.7115994833421707 22
1745704056054 0.7160715981816854 23
1745704119311 0.7122549832713102 24
1745704182468 0.7044023195262642 25
1745704246272 0.7146996026193819 26
1745704309474 0.7092968329428243 27
1745704372740 0.7114996250592367 28
1745704436270 0.7188857143308203 29
