1745702594401 0.13561361558544846 0
1745702658293 0.5046629623756549 1
1745702723004 0.6222417787704142 2
1745702787370 0.7040036191405042 3
1745702851513 0.776024337467815 4
1745702915567 0.769641628560674 5
1745702978978 0.7796921926572234 6
1745703042773 0.778423939830525 7
1745703105955 0.7925929895800464 8
1745703169679 0.7669038936873382 9
1745703232841 0.7711153465640431 10
1745703296177 0.7742515137505961 11
1745703359682 0.767645030474002 12
1745703422956 0.7595439824868234 13
1745703486182 0.7768061432381933 14
1745703549356 0.785489370032825 15
1745703612779 0.7881502390554341 16
1745703676578 0.7751345626386542 17
1745703739733 0.7710319616574146 18
1745703803220 0.777830266507981 19
1745703866423 0.7831652657558961 20
1745703929579 0.789831452145325 21
1745703992838 0.7849313103199873 22
1745704056054 0.7775724870897083 23
1745704119311 0.7704369425280481 24
1745704182468 0.7758014220446274 25
1745704246272 0.7792565780940548 26
1745704309474 0.7763944224799253 27
1745704372740 0.7798212022849627 28
1745704436270 0.7826454463576715 29
