1745581329890 1.181989988502191 0
1745582019255 0.4826454787838216 1
1745582673494 0.3154950091729359 2
1745583231415 0.24932886675304297 3
1745583791769 0.18615759186902825 4
1745584420948 0.1443711545090286 5
1745585025936 0.12154978734194016 6
1745585596985 0.09478474970982999 7
1745586125493 0.07917394808360509 8
1745586641691 0.06374348605013623 9
1745587159360 0.05195161071130816 10
1745587687619 0.04364895683770277 11
1745588221775 0.037149853757297506 12
1745588757936 0.03433766025023497 13
1745589297584 0.030148163513869654 14
1745589823611 0.021933726776315242 15
1745590344025 0.01801113060637548 16
1745590861068 0.0159893158148518 17
1745591371430 0.013079889798156765 18
1745591882260 0.011271864403875507 19
1745592394346 0.009636817713819293 20
1745592905821 0.008820906367000877 21
1745593410497 0.00717676769020226 22
1745593930316 0.006713426453346501 23
1745594452484 0.006281764054081726 24
1745594985411 0.005661579314619303 25
1745595523562 0.005294901418632695 26
1745596052312 0.004697221098467708 27
1745596465682 0.004666485808248043 28
1745596767427 0.004262121873004932 29
