1746193627530 785.0025463493503 0
1746193715553 380.8797171456473 1
1746193805720 360.909038932956 2
1746193889637 351.3710238398338 3
1746194016362 264.404050554548 4
1746194145343 174.17690425016443 5
1746194254968 126.94939874143017 6
1746194386510 98.34095343764947 7
1746194493353 79.09340986913564 8
1746194620125 63.29642525497748 9
1746194751769 51.78301311025814 10
1746194880170 44.56019790805116 11
1746194996903 36.77377691074293 12
1746195116517 30.522508494708003 13
1746195242307 25.620501401473064 14
1746195351498 21.662439005715505 15
1746195450014 17.799431995469696 16
1746195547791 15.215903651957609 17
1746195644564 13.143620997059102 18
1746195742757 11.46916406981799 19
1746195839478 10.05961730528851 20
1746195946129 9.052394613927724 21
1746196066458 8.203962462288994 22
1746196177775 7.506424918466685 23
1746196297489 7.060826179932575 24
1746196415206 6.489755701045601 25
1746196536000 6.193669426197908 26
1746196641348 5.784043613745242 27
1746196754561 5.366142285113432 28
1746196871403 5.095615350470251 29
