1746193630877 0.0 0
1746193718078 0.0 1
1746193808237 0.0 2
1746193892132 0.0 3
1746194019170 0.00240384615384365 4
1746194147729 0.00485598876009589 5
1746194257500 0.009244602161633886 6
1746194389461 0.008858425788326145 7
1746194496258 0.011708466667867594 8
1746194622595 0.017851017139778012 9
1746194754067 0.01283588110707207 10
1746194883653 0.02352337410981314 11
1746194999391 0.012559254396943331 12
1746195119466 0.024561697468952502 13
1746195245109 0.09550003892096703 14
1746195353363 0.01898233932904179 15
1746195452132 0.013333389057402842 16
1746195549663 0.021637772702969942 17
1746195646425 0.02389711549448154 18
1746195744622 0.022422382684440762 19
1746195841331 0.015740156400597193 20
1746195948423 0.021312112967850832 21
1746196068730 0.01718588263351707 22
1746196180641 0.01920918360459274 23
1746196299860 0.016793199455370902 24
1746196418107 0.02663848627914595 25
1746196538323 0.017994528876489887 26
1746196643233 0.017766821836476546 27
1746196756998 0.019399923163478376 28
1746196873269 0.0280648598542809 29
