1746193630877 0.0 0
1746193718078 0.0 1
1746193808237 0.0 2
1746193892132 0.0 3
1746194019170 0.0006088897909476778 4
1746194147729 0.003022758224271766 5
1746194257500 0.007508942334562923 6
1746194389461 0.008368164960588488 7
1746194496258 0.014145291044858399 8
1746194622595 0.02087573628831901 9
1746194754067 0.010014134843027996 10
1746194883653 0.01706462565898877 11
1746194999391 0.011256154959944364 12
1746195119466 0.017247621933486706 13
1746195245109 0.021327021038326024 14
1746195353363 0.014862801330842699 15
1746195452132 0.012612398656868156 16
1746195549663 0.018306096584377166 17
1746195646425 0.01801117351396622 18
1746195744622 0.021841900836201324 19
1746195841331 0.018867221339514295 20
1746195948423 0.01630135095022034 21
1746196068730 0.014742143989647323 22
1746196180641 0.017761018257285523 23
1746196299860 0.014509910148785362 24
1746196418107 0.02188082529772193 25
1746196538323 0.016030192647837775 26
1746196643233 0.015472264164569453 27
1746196756998 0.015774194038947434 28
1746196873269 0.020069389042906456 29
