1746618011209 827.6242744290099 0
1746618098335 447.2942087601642 1
1746618186141 291.8068741778938 2
1746618275843 235.3604406240035 3
1746618400804 112.95410257456254 4
1746618523979 65.39556137396364 5
1746618649054 49.3632961973852 6
1746618773225 37.226218145720814 7
1746618890798 28.212555671224788 8
1746619015171 22.46705119463862 9
1746619141199 17.617924836217142 10
1746619266216 13.083244888149963 11
1746619390591 12.175314708631866 12
1746619514078 9.382531205002142 13
1746619639083 8.118700475108866 14
1746619762348 6.384102509946239 15
1746619887325 4.291911052197826 16
1746620013690 3.3967993381072064 17
1746620139953 2.619623899459839 18
1746620265892 2.182987242328877 19
1746620387815 1.89107076002627 20
1746620511565 1.593749743335101 21
1746620636580 1.3350870414656035 22
1746620762270 1.1587386167779261 23
1746620886924 1.1210033729368327 24
1746621011710 1.0095874521197106 25
1746621135610 0.8970425737147428 26
1746621259547 0.8296271027350912 27
1746621381819 0.7585464077336448 28
1746621506053 0.8257308681400455 29
