1746618011209 2e-05 0
1746618098335 4e-05 1
1746618186141 6.000000000000001e-05 2
1746618275843 8e-05 3
1746618400804 8e-05 4
1746618523979 8e-05 5
1746618649054 8e-05 6
1746618773225 8e-05 7
1746618890798 8e-05 8
1746619015171 8e-05 9
1746619141199 8e-05 10
1746619266216 8e-05 11
1746619390591 8e-05 12
1746619514078 8e-05 13
1746619639083 8e-05 14
1746619762348 6.400000000000001e-05 15
1746619887325 6.400000000000001e-05 16
1746620013690 5.120000000000001e-05 17
1746620139953 5.120000000000001e-05 18
1746620265892 4.0960000000000014e-05 19
1746620387815 4.0960000000000014e-05 20
1746620511565 3.276800000000001e-05 21
1746620636580 3.276800000000001e-05 22
1746620762270 2.6214400000000008e-05 23
1746620886924 2.6214400000000008e-05 24
1746621011710 2.097152000000001e-05 25
1746621135610 2.097152000000001e-05 26
1746621259547 1.6777216000000006e-05 27
1746621381819 1.6777216000000006e-05 28
1746621506053 1.3421772800000009e-05 29
