1746618013749 0.0 0
1746618100955 0.0 1
1746618188826 0.025790973156415258 2
1746618278309 0.12348197259138659 3
1746618403187 0.5354441529458754 4
1746618526309 0.6458090259438549 5
1746618651541 0.6633348629826449 6
1746618775426 0.7298771013361881 7
1746618893351 0.7111947603895785 8
1746619017563 0.7239524764189 9
1746619143523 0.6956362323639846 10
1746619268513 0.7130846189069602 11
1746619392911 0.7009894167970465 12
1746619516396 0.7056740443293725 13
1746619641380 0.7170145467344985 14
1746619764668 0.7011407129420433 15
1746619889789 0.7033863891612526 16
1746620016738 0.7028742793538167 17
1746620142252 0.710990071063859 18
1746620268276 0.715409615668331 19
1746620390202 0.7164382276237701 20
1746620513853 0.7214760236055707 21
1746620638812 0.711139901406004 22
1746620764867 0.7179444980684813 23
1746620889504 0.7127436396891669 24
1746621013999 0.7145469051699455 25
1746621137914 0.7231529704812745 26
1746621261832 0.7134574017269771 27
1746621384335 0.718297143605277 28
1746621508340 0.7165252919944604 29
