1746618013749 0.0 0
1746618100955 0.0 1
1746618188826 0.618705035970778 2
1746618278309 0.4637904468412228 3
1746618403187 0.6923701298700736 4
1746618526309 0.7606338615512293 5
1746618651541 0.7838312829524794 6
1746618775426 0.7768595041321672 7
1746618893351 0.7847457627117979 8
1746619017563 0.778145695364174 9
1746619143523 0.7649958915365025 10
1746619268513 0.7761944677283507 11
1746619392911 0.7496025437201311 12
1746619516396 0.781302170283741 13
1746619641380 0.7737104825290537 14
1746619764668 0.7563162184188462 15
1746619889789 0.7571545380211973 16
1746620016738 0.7678868552412006 17
1746620142252 0.7672697368420421 18
1746620268276 0.7767634854771139 19
1746620390202 0.7706953642383467 20
1746620513853 0.7749169435215303 21
1746620638812 0.7595762021189275 22
1746620764867 0.7727272727272089 23
1746620889504 0.7715231788078831 24
1746621013999 0.7753743760398689 25
1746621137914 0.7787979966610368 26
1746621261832 0.7691673536685268 27
1746621384335 0.7762063227952765 28
1746621508340 0.7728026533996042 29
