1746618013749 0.0 0
1746618100955 0.0 1
1746618188826 0.01745484067383343 2
1746618278309 0.13277561940628277 3
1746618403187 0.6013005746898906 4
1746618526309 0.730960878920788 5
1746618651541 0.7295954924768646 6
1746618775426 0.791294586677147 7
1746618893351 0.770576723646304 8
1746619017563 0.7861651943944192 9
1746619143523 0.771695002281522 10
1746619268513 0.7736390056165805 11
1746619392911 0.7910424366037595 12
1746619516396 0.774847995303239 13
1746619641380 0.7747799740123237 14
1746619764668 0.764967732687452 15
1746619889789 0.7690340868246139 16
1746620016738 0.7649677260957939 17
1746620142252 0.776248684295555 18
1746620268276 0.7774540920434744 19
1746620390202 0.7771010618841314 20
1746620513853 0.7798613405466275 21
1746620638812 0.7782877853506266 22
1746620764867 0.7795070455039499 23
1746620889504 0.7746615157625496 24
1746621013999 0.7768907474678097 25
1746621137914 0.7795060545210137 26
1746621261832 0.7748507700650982 27
1746621384335 0.7761955183750625 28
1746621508340 0.775183372626076 29
