1745739105521 2e-05 0
1745739170221 2e-05 1
1745739235432 2e-05 2
1745739301351 8e-05 3
1745739365739 8e-05 4
1745739430281 8e-05 5
1745739493883 8e-05 6
1745739557450 8e-05 7
1745739621062 8e-05 8
1745739685276 8e-05 9
1745739748895 8e-05 10
1745739813165 8e-05 11
1745739877212 8e-05 12
1745739941047 8e-05 13
1745740004730 8e-05 14
1745740069740 6.400000000000001e-05 15
1745740133345 6.400000000000001e-05 16
1745740197074 5.120000000000001e-05 17
1745740260702 5.120000000000001e-05 18
1745740324361 4.0960000000000014e-05 19
1745740388663 4.0960000000000014e-05 20
1745740452246 3.276800000000001e-05 21
1745740515881 3.276800000000001e-05 22
1745740579960 2.6214400000000008e-05 23
1745740643599 2.6214400000000008e-05 24
1745740707323 2.097152000000001e-05 25
1745740770968 2.097152000000001e-05 26
1745740835294 1.6777216000000006e-05 27
1745740899045 1.6777216000000006e-05 28
1745740962703 1.3421772800000009e-05 29
