1745739106879 0.3955678669887916 0
1745739171122 0.6922072267675654 1
1745739236843 0.7751662970674522 2
1745739302271 0.8038783604611794 3
1745739366650 0.8084358523225293 4
1745739431184 0.8017204300575346 5
1745739494778 0.7989690721149612 6
1745739558366 0.7989646246264419 7
1745739621964 0.8188908145080394 8
1745739686200 0.8037947390616839 9
1745739749889 0.8043196543776374 10
1745739814066 0.8019197207178502 11
1745739878137 0.7882152006332158 12
1745739941955 0.8017241378810341 13
1745740006660 0.7966101694416003 14
1745740070651 0.7884940777842638 15
1745740134281 0.7977672820453344 16
1745740197976 0.7940042826052719 17
1745740261604 0.8046773494519319 18
1745740325263 0.796934865850435 19
1745740389563 0.8038194443944208 20
1745740453155 0.795918367296997 21
1745740517127 0.8109261629888781 22
1745740580859 0.7967479674297038 23
1745740644564 0.8065630396736545 24
1745740708229 0.7935565917262495 25
1745740772063 0.8039468038968216 26
1745740836244 0.8006887644786312 27
1745740899942 0.7950575201886506 28
1745740963603 0.7986200948184761 29
