1745739106879 0.5188953488371338 0
1745739171122 0.673728813559265 1
1745739236843 0.7680140597538868 2
1745739302271 0.7916666666665979 3
1745739366650 0.7937877480586027 4
1745739431184 0.7715231788078831 5
1745739494778 0.7679603633360225 6
1745739558366 0.771024146544482 7
1745739621964 0.793450881612024 8
1745739686200 0.7753743760398689 9
1745739749889 0.7771285475792339 10
1745739814066 0.7821276595744014 11
1745739878137 0.7534693877550405 12
1745739941955 0.7730673316707587 13
1745740006660 0.75623491552689 14
1745740070651 0.7473937449879112 15
1745740134281 0.7665016501649532 16
1745740197976 0.761083743842302 17
1745740261604 0.7793624161073172 18
1745740325263 0.7597402597401981 19
1745740389563 0.7801179443975753 20
1745740453155 0.7578947368420439 21
1745740517127 0.7748776508971635 22
1745740580859 0.7631147540982981 23
1745740644564 0.7789824854044387 24
1745740708229 0.7536231884057364 25
1745740772063 0.7718286655683054 26
1745740836244 0.7711442786069012 27
1745740899942 0.7585365853657919 28
1745740963603 0.7703826955074234 29
