1745739106879 0.31960608773497584 0
1745739171122 0.7117278424350303 1
1745739236843 0.7824529991046748 2
1745739302271 0.8164726947179215 3
1745739366650 0.8236347358996576 4
1745739431184 0.8343777976722618 5
1745739494778 0.8325872873768279 6
1745739558366 0.8290062667859598 7
1745739621964 0.8460161145925831 8
1745739686200 0.8343777976722618 9
1745739749889 0.8334825425245449 10
1745739814066 0.8227394807519406 11
1745739878137 0.8263205013428088 12
1745739941955 0.8325872873768279 13
1745740006660 0.8415398388539981 14
1745740070651 0.8343777976722618 15
1745740134281 0.8316920322291108 16
1745740197976 0.8299015219336768 17
1745740261604 0.8316920322291108 18
1745740325263 0.83795881826313 19
1745740389563 0.8290062667859598 20
1745740453155 0.83795881826313 21
1745740517127 0.8504923903311682 22
1745740580859 0.8334825425245449 23
1745740644564 0.8361683079676959 24
1745740708229 0.83795881826313 25
1745740772063 0.838854073410847 26
1745740836244 0.8325872873768279 27
1745740899942 0.8352730528199789 28
1745740963603 0.8290062667859598 29
