1746746366057 0.1842700531306653 0
1746746433419 0.6116505679923149 1
1746746501882 0.6867623111390826 2
1746746570941 0.8251470979853546 3
1746746639392 0.8869508985237521 4
1746746708161 0.9188926363589448 5
1746746777256 0.9343366989314377 6
1746746846156 0.9185759271865837 7
1746746914594 0.9277660928777819 8
1746746982585 0.9529047319589717 9
1746747051649 0.944328414630702 10
1746747119358 0.9610127679723048 11
1746747187761 0.9747181487354648 12
1746747256730 0.9602478546577952 13
1746747324511 0.9702681888875446 14
1746747392881 0.9767368805279281 15
1746747463663 0.9744533280501281 16
1746747533070 0.9695161991019023 17
1746747600424 0.9635603248573148 18
1746747667595 0.9535648679173944 19
