1746746366057 0.4875518671711259 0
1746746433419 0.7892030847829289 1
1746746501882 0.823737821030535 2
1746746570941 0.8557046979367033 3
1746746639392 0.9094884127177654 4
1746746708161 0.9289520425786951 5
1746746777256 0.9323503902361776 6
1746746846156 0.9425389754510307 7
1746746914594 0.9529256488720602 8
1746746982585 0.9649977846198354 9
1746747051649 0.9557211748732166 10
1746747119358 0.961791831306982 11
1746747187761 0.9729249888536011 12
1746747256730 0.9641434262447416 13
1746747324511 0.9703932832022424 14
1746747392881 0.9748121961496569 15
1746747463663 0.9809143363902183 16
1746747533070 0.9777975132714083 17
1746747600424 0.9751992913582452 18
1746747667595 0.9665787158690158 19
