1746746366057 0.579531442663307 0
1746746433419 0.7567789646671522 1
1746746501882 0.8150744960560197 2
1746746570941 0.8050513022888078 3
1746746639392 0.8888888888888129 4
1746746708161 0.9215859030836192 5
1746746777256 0.904121110176543 6
1746746846156 0.9379432624112644 7
1746746914594 0.9368512110725833 8
1746746982585 0.955263157894653 9
1746747051649 0.9364261168384075 10
1746747119358 0.9439655172412978 11
1746747187761 0.9647887323942812 12
1746747256730 0.9535901926443998 13
1746747324511 0.9581151832459897 14
1746747392881 0.96247818499119 15
1746747463663 0.9727112676055482 16
1746747533070 0.9700440528633506 17
1746747600424 0.9649430324276104 18
1746747667595 0.9498703543646543 19
