1746652481576 0.895120097970476 0
1746652544536 0.2812754913252227 1
1746652607233 0.19353824945128695 2
1746652670572 0.1579460612669283 3
1746652733249 0.12758732473059575 4
1746652795026 0.10032233265133536 5
1746652856790 0.08015861575092588 6
1746652917900 0.06135664998116542 7
1746652978991 0.05331595156493844 8
1746653040122 0.04302025734618002 9
1746653101619 0.034112963122220674 10
1746653163350 0.030803081798082103 11
1746653224483 0.026850629759458254 12
1746653285585 0.023115788130279705 13
1746653346220 0.020026998599154914 14
1746653407227 0.01581680433520553 15
1746653469271 0.01531406869750698 16
1746653530380 0.011063450111114249 17
1746653592235 0.007614370430724657 18
1746653653381 0.006409485570193097 19
1746653714371 0.005159891602507204 20
1746653775931 0.004982319019012609 21
1746653837538 0.0043160671413381944 22
1746653899208 0.004048092425587036 23
1746653960588 0.003579843725191847 24
1746654021482 0.003227968881980573 25
1746654082462 0.003110215446807216 26
1746654143340 0.0028240327469111247 27
1746654204241 0.0025199463606422425 28
1746654265110 0.0022869211685729728 29
