1746652483034 0.3374444517551623 0
1746652545459 0.5570180719835262 1
1746652608370 0.6683890504177441 2
1746652672295 0.7408523445017482 3
1746652734181 0.7306241523158241 4
1746652796606 0.6802048736690385 5
1746652857711 0.6708436477278057 6
1746652918838 0.6936388474557403 7
1746652979931 0.6974715480151984 8
1746653041048 0.726747571962618 9
1746653103203 0.6574567523536016 10
1746653164351 0.7014501898478559 11
1746653225835 0.6808307858940892 12
1746653286511 0.6905995156177315 13
1746653347140 0.7002343796359098 14
1746653408810 0.683705623821242 15
1746653470191 0.6773377547391998 16
1746653532005 0.6822545634837047 17
1746653593163 0.6738795947877197 18
1746653654312 0.6682646006985105 19
1746653715287 0.6844386644998409 20
1746653777548 0.6774591280246606 21
1746653839200 0.6843586800531857 22
1746653900636 0.6856000463598868 23
1746653961515 0.678735166638751 24
1746654022415 0.6922234728138624 25
1746654083398 0.6634400258543685 26
1746654144254 0.6779069876288781 27
1746654205159 0.6819436154240734 28
1746654266657 0.6788297578071935 29
