1746652483034 0.35725144627586436 0
1746652545459 0.7153155899925493 1
1746652608370 0.7242890208087164 2
1746652672295 0.7399295334284329 3
1746652734181 0.7707673867476739 4
1746652796606 0.7893841865823897 5
1746652857711 0.7729503092529083 6
1746652918838 0.7628862835383631 7
1746652979931 0.79190097190384 8
1746653041048 0.7740836188779846 9
1746653103203 0.777212938522382 10
1746653164351 0.7987518627476843 11
1746653225835 0.7966931504488627 12
1746653286511 0.7850327631093718 13
1746653347140 0.7769623248313001 14
1746653408810 0.7892783859412517 15
1746653470191 0.8028429171811816 16
1746653532005 0.7871292878909332 17
1746653593163 0.7967141064511801 18
1746653654312 0.800101797790111 19
1746653715287 0.79727931937542 20
1746653777548 0.7992483026355526 21
1746653839200 0.7936399893717745 22
1746653900636 0.7944678419930628 23
1746653961515 0.7942956503014089 24
1746654022415 0.7914082225382407 25
1746654083398 0.7926378742066695 26
1746654144254 0.7938093821972311 27
1746654205159 0.7890434786051942 28
1746654266657 0.7911057509621604 29
