1746652483034 0.6007162041181199 0
1746652545459 0.8245299910473747 1
1746652608370 0.8012533572067322 2
1746652672295 0.794986571172713 3
1746652734181 0.83795881826313 4
1746652796606 0.8513876454788852 5
1746652857711 0.8334825425245449 6
1746652918838 0.8254252461950917 7
1746652979931 0.840644583706281 8
1746653041048 0.8227394807519406 9
1746653103203 0.8307967770813938 10
1746653164351 0.8442256042971491 11
1746653225835 0.8478066248880172 12
1746653286511 0.838854073410847 13
1746653347140 0.8254252461950917 14
1746653408810 0.8361683079676959 15
1746653470191 0.8487018800357342 16
1746653532005 0.840644583706281 17
1746653593163 0.8442256042971491 18
1746653654312 0.8478066248880172 19
1746653715287 0.8460161145925831 20
1746653777548 0.8504923903311682 21
1746653839200 0.8451208594448661 22
1746653900636 0.8433303491494321 23
1746653961515 0.8460161145925831 24
1746654022415 0.839749328558564 25
1746654083398 0.8442256042971491 26
1746654144254 0.8442256042971491 27
1746654205159 0.8442256042971491 28
1746654266657 0.842435094001715 29
