1746610738510 0.0 0
1746610826013 0.0 1
1746610912697 0.0 2
1746610996409 0.007874015748025296 3
1746611112851 0.5770712909440677 4
1746611232986 0.6439929328621339 5
1746611359861 0.6878881987577106 6
1746611485131 0.7658662092623699 7
1746611598647 0.753056234718765 8
1746611717645 0.7602291325694959 9
1746611844720 0.7560581583198097 10
1746611974875 0.7634854771783598 11
1746612103213 0.7435691318327377 12
1746612232066 0.7581967213114132 13
1746612348145 0.7458563535911014 14
1746612469672 0.7666666666666043 15
1746612599336 0.731343283582032 16
1746612720093 0.7605519480518863 17
1746612842525 0.7606768734890603 18
1746612973294 0.7508064516128427 19
1746613100455 0.7654320987653691 20
1746613219289 0.7560777957860003 21
1746613350626 0.754019292604441 22
1746613473349 0.7554479418885589 23
1746613591573 0.7627944760356813 24
1746613718694 0.7546110665596828 25
1746613829797 0.75521669341888 26
1746613930529 0.7558420628524773 27
1746614054965 0.7628361858190087 28
1746614184408 0.7556270096462415 29
