1745830878149 0.3724053768182384 0
1745830940021 0.6454212232387253 1
1745831001289 0.6615778650827588 2
1745831061265 0.6772322708574505 3
1745831121724 0.7343190245494812 4
1745831183136 0.6972080391284603 5
1745831243498 0.6810308663552677 6
1745831303752 0.7163102240252026 7
1745831364058 0.6940886113910312 8
1745831424398 0.7088886464853482 9
1745831484775 0.7060259431877665 10
1745831545291 0.7228543911821897 11
1745831605682 0.7428849771842447 12
1745831666791 0.7018271293595393 13
1745831727982 0.697429275868597 14
1745831789026 0.6942027407945587 15
1745831849350 0.7118231779489659 16
1745831909692 0.721723562849017 17
1745831970332 0.7044088392771511 18
1745832030668 0.7016234649099911 19
1745832091031 0.7026340012374918 20
1745832151365 0.7085700439686996 21
1745832211707 0.7130092555197182 22
1745832272078 0.6935195668849771 23
1745832332417 0.7050408223574656 24
1745832392798 0.6975720296544754 25
1745832453216 0.7018927685220822 26
1745832513648 0.7065883175187272 27
1745832574101 0.6929014693023572 28
1745832634487 0.700593548156472 29
