1745830878149 0.5601926163723466 0
1745830940021 0.7656116338750414 1
1745831001289 0.7630208333332671 2
1745831061265 0.7579399141630251 3
1745831121724 0.7886247877758243 4
1745831183136 0.7640167364016097 5
1745831243498 0.757281553397997 6
1745831303752 0.7530266343825058 7
1745831364058 0.7596774193547774 8
1745831424398 0.762458471760734 9
1745831484775 0.7714048212800688 10
1745831545291 0.7659574468084479 11
1745831605682 0.795376712328699 12
1745831666791 0.7780612244897297 13
1745831727982 0.7803223070397981 14
1745831789026 0.7672268907562381 15
1745831849350 0.7644110275688584 16
1745831909692 0.7860187553281512 17
1745831970332 0.7682008368200194 18
1745832030668 0.7676174496643651 19
1745832091031 0.7711148648647997 20
1745832151365 0.7666666666666028 21
1745832211707 0.7796754910332383 22
1745832272078 0.7659751037343763 23
1745832332417 0.7669172932330186 24
1745832392798 0.7651452282157041 25
1745832453216 0.7668609492089287 26
1745832513648 0.7744932432431778 27
1745832574101 0.7681281618886368 28
1745832634487 0.7603648424543317 29
