1745830878149 0.34963702351763065 0
1745830940021 0.6121524454860212 1
1745831001289 0.6296735702171637 2
1745831061265 0.6540769943088437 3
1745831121724 0.7222598128951037 4
1745831183136 0.6971273976247611 5
1745831243498 0.6597033502044606 6
1745831303752 0.6927856942332 7
1745831364058 0.6577131300589586 8
1745831424398 0.6873000763131741 9
1745831484775 0.6951926011971274 10
1745831545291 0.6944430081478437 11
1745831605682 0.7323182222735498 12
1745831666791 0.6799833644965791 13
1745831727982 0.6830939458806048 14
1745831789026 0.6947372534012245 15
1745831849350 0.7028772281168376 16
1745831909692 0.7149673744011555 17
1745831970332 0.6916551104926725 18
1745832030668 0.6866665409997282 19
1745832091031 0.6939763616309056 20
1745832151365 0.6916680764175207 21
1745832211707 0.7035374831698876 22
1745832272078 0.6703381982349336 23
1745832332417 0.686108981931198 24
1745832392798 0.6732736834003868 25
1745832453216 0.6816793551060327 26
1745832513648 0.6929508758395289 27
1745832574101 0.6758646212425051 28
1745832634487 0.6825202798207436 29
