1745830878149 0.42686387658696545 0
1745830940021 0.718651283234514 1
1745831001289 0.7153489051510346 2
1745831061265 0.7296626098222583 3
1745831121724 0.7957315632367343 4
1745831183136 0.7633552245837646 5
1745831243498 0.7688019056701484 6
1745831303752 0.769531627896945 7
1745831364058 0.7775365481503905 8
1745831424398 0.7651968159250366 9
1745831484775 0.7664176002162801 10
1745831545291 0.7839094887182646 11
1745831605682 0.8043275737987223 12
1745831666791 0.7680983113569797 13
1745831727982 0.7573735765277155 14
1745831789026 0.7546475369315838 15
1745831849350 0.7647879017295947 16
1745831909692 0.7679103925602428 17
1745831970332 0.7610822936897333 18
1745832030668 0.762093564499433 19
1745832091031 0.7620667821300007 20
1745832151365 0.7666064877060942 21
1745832211707 0.7602314660119386 22
1745832272078 0.7618164175832745 23
1745832332417 0.7646510229604727 24
1745832392798 0.7606106510500787 25
1745832453216 0.7607315117069154 26
1745832513648 0.7597205451206919 27
1745832574101 0.7497733246558612 28
1745832634487 0.763303506028464 29
