1746746575413 0.7730948060455889 0
1746746649839 0.2519955283934527 1
1746746714109 0.18777324967455156 2
1746746778487 0.15237157135316642 3
1746746843521 0.11708164768348826 4
1746746908888 0.09269652862359981 5
1746746972110 0.07202270291376822 6
1746747043594 0.05643275570087504 7
1746747169430 0.04382539761833625 8
1746747283498 0.038951251609711954 9
1746747409995 0.03092634249109738 10
1746747499209 0.02633507035230056 11
1746747565095 0.023710996041646098 12
1746747629867 0.018714346129926715 13
1746747693776 0.017952823900792857 14
1746747762258 0.01360038430937151 15
1746747826243 0.01071792296456671 16
1746747890206 0.008098521719382393 17
1746747955005 0.005849289921075474 18
1746748020464 0.0049198868944964344 19
