1746746576646 0.48458286598443284 0
1746746650793 0.6385144539078526 1
1746746715116 0.8661865504118118 2
1746746780047 0.8873180154655965 3
1746746845246 0.8858382425711899 4
1746746909885 0.8991337679137382 5
1746746973476 0.9332766919216943 6
1746747046267 0.9397379029526802 7
1746747173622 0.9655220109079296 8
1746747287506 0.949583891586119 9
1746747413153 0.9576322754709948 10
1746747501076 0.9735935530322997 11
1746747566444 0.9596196462808919 12
1746747631449 0.9787430605870775 13
1746747694966 0.9738805837124007 14
1746747763198 0.9820742578880611 15
1746747827811 0.9766494895199389 16
1746747891782 0.9838601265659785 17
1746747956567 0.9848168869190688 18
1746748021586 0.9822930630363119 19
