1746746576646 0.6409448818897133 0
1746746650793 0.771381578947305 1
1746746715116 0.846023688663211 2
1746746780047 0.8986547085200988 3
1746746845246 0.9191829484901493 4
1746746909885 0.9158547387067391 5
1746746973476 0.9140425531914116 6
1746747046267 0.9451219512194299 7
1746747173622 0.9398954703831933 8
1746747287506 0.9516407599308332 9
1746747413153 0.9555749128919028 10
1746747501076 0.962962962962878 11
1746747566444 0.9674582233948137 12
1746747631449 0.958260869565134 13
1746747694966 0.9615720524016627 14
1746747763198 0.9734982332154617 15
1746747827811 0.9683655536027268 16
1746747891782 0.9694055944055097 17
1746747956567 0.9753086419752226 18
1746748021586 0.9719298245613183 19
