1746694116551 0.5980565371024207 0
1746694369694 0.6795252225518783 1
1746694620281 0.7892888498682362 2
1746694872388 0.758823529411701 3
1746695123686 0.7688524590163304 4
1746695374441 0.6915384615384084 5
1746695625121 0.7623355263157268 6
1746695874276 0.7838736492102424 7
1746696125588 0.7544426494345109 8
1746696375308 0.7770491803278051 9
1746696625164 0.7625607779577988 10
1746696881151 0.7668049792530484 11
1746697130400 0.7681518151814547 12
1746697376458 0.753858651502782 13
1746697626233 0.7286392405062715 14
1746697876098 0.7563162184188462 15
1746698126025 0.7543859649122205 16
1746698378856 0.7834448160534462 17
1746698630783 0.7750206782464205 18
1746698884328 0.7841666666666013 19
1746699137001 0.7805486284288627 20
1746699389123 0.7956448911222114 21
1746699640592 0.7845898922948811 22
1746699896318 0.7887678122379892 23
1746700150292 0.7963272120199669 24
1746700408097 0.7866004962778506 25
1746700657355 0.7830423940148975 26
1746700909160 0.787198669991622 27
1746701159434 0.7884297520660505 28
1746701409561 0.7890365448504327 29
