1746731924834 2e-05 0
1746732133520 4e-05 1
1746732341159 6.000000000000001e-05 2
1746732552195 8e-05 3
1746732756373 8e-05 4
1746732958214 8e-05 5
1746733165623 8e-05 6
1746733373973 8e-05 7
1746733579491 8e-05 8
1746733780354 8e-05 9
1746733982468 8e-05 10
1746734183410 8e-05 11
1746734390095 8e-05 12
1746734593024 8e-05 13
1746734795752 8e-05 14
1746734995969 6.400000000000001e-05 15
1746735197126 6.400000000000001e-05 16
1746735398281 5.120000000000001e-05 17
1746735599018 5.120000000000001e-05 18
1746735801283 4.0960000000000014e-05 19
