1746731929081 0.7735004476275046 0
1746732136667 0.8469113697403001 1
1746732347510 0.8809310653535469 2
1746732557572 0.83795881826313 3
1746732760112 0.8451208594448661 4
1746732961636 0.8791405550581128 5
1746733169642 0.9391226499551532 6
1746733377524 0.9400179051028702 7
1746733582037 0.8934646374215851 8
1746733783429 0.8880931065352831 9
1746733985398 0.9024171888987553 10
1746734186781 0.9086839749327745 11
1746734393589 0.9122649955236426 12
1746734596897 0.0 13
1746734798664 0.0 14
1746734999797 0.0 15
1746735200855 0.0 16
1746735401526 0.0 17
1746735602154 0.0 18
1746735804683 0.0 19
