1746750145475 0.0 0
1746750270428 0.5977653631283246 1
1746750403404 0.6565022421524075 2
1746750712954 0.8113382899627498 3
1746751107673 0.8205128205127526 4
1746751282502 0.8878260869564445 5
1746751409135 0.8649754500817622 6
1746751553387 0.9353146853146035 7
1746751682422 0.9022298456259946 8
1746751811180 0.9539823008848712 9
1746752135367 0.9491673970200746 10
1746752379071 0.9629302736098002 11
1746752508325 0.9294320137692832 12
1746752664254 0.9619131975198439 13
1746752792060 0.9545056867890678 14
1746752914508 0.966431095406275 15
1746753045422 0.9639084507041404 16
1746753335886 0.9742451154528442 17
1746753618726 0.9682819383259058 18
1746753750233 0.9717563989407791 19
